4
2 1
150
0 50.000000 50.000000 15 99999999 2
1 65.043903 20.941958 15 144 5
2 77.614122 29.296581 15 116 2
3 4.817528 10.392319 15 131 2
4 73.123579 75.867615 15 128 3
5 62.769096 40.492267 15 138 3
6 78.456244 28.000449 15 102 2
7 83.038113 94.426555 15 126 4
8 50.290441 42.504938 15 113 5
9 96.624814 82.681065 15 147 3
10 49.658239 50.090829 15 135 2
11 65.591565 21.437960 15 127 3
12 0.475385 76.211916 15 122 2
13 71.123314 87.073616 15 105 4
14 50.200200 98.226002 15 103 2
15 21.594781 77.689245 15 125 1
16 65.039043 14.694010 15 140 4
17 54.912631 72.127711 15 104 2
18 58.529978 20.889692 15 127 1
19 10.361293 8.052941 15 114 2
20 0.042475 81.823175 15 135 5
21 11.723066 69.490359 15 100 5
22 17.993306 3.874883 15 122 5
23 49.303283 40.907134 15 104 2
24 87.045434 40.552309 15 132 5
25 32.433755 63.843092 15 142 2
26 90.993598 12.361131 15 135 1
27 96.255898 89.244749 15 121 2
28 15.580714 21.895692 15 124 1
29 88.040428 3.180126 15 117 1
30 99.788309 76.950453 15 110 1
31 63.499701 13.454416 15 137 4
32 40.790886 68.986687 15 131 1
33 84.594353 59.301069 15 107 1
34 84.456893 16.824015 15 113 3
35 14.157395 85.705116 15 105 1
36 67.335153 83.066241 15 138 3
37 58.052379 28.824321 15 137 4
38 56.138770 67.487684 15 135 3
39 12.306240 4.247490 15 130 4
40 60.089815 56.489053 15 142 5
41 93.853372 76.173496 15 111 2
42 78.673666 38.764475 15 133 4
43 68.185407 67.889313 15 112 4
44 7.249601 50.296068 15 121 3
45 75.419382 23.126978 15 108 2
46 91.676921 31.478033 15 105 3
47 36.401729 14.806412 15 143 4
48 51.665944 13.599075 15 148 4
49 57.739152 52.772258 15 132 4
50 18.347207 19.515922 15 139 4
51 80.660177 82.299203 15 143 4
52 47.722502 2.015262 15 141 3
53 15.031277 86.174873 15 131 3
54 73.540149 54.547158 15 106 2
55 54.777561 4.250394 15 104 1
56 74.430982 22.718697 15 143 5
57 83.169451 29.541125 15 138 5
58 53.461421 27.695808 15 108 2
59 94.236457 23.120940 15 111 4
60 19.434714 68.387701 15 127 3
61 65.190804 40.614701 15 110 3
62 54.940827 48.264439 15 137 5
63 12.696519 23.549659 15 144 4
64 19.513008 60.424974 15 114 1
65 53.661646 75.893690 15 141 3
66 79.002581 36.041374 15 100 5
67 49.052148 47.556920 15 123 3
68 1.832603 81.305742 15 131 1
69 64.916408 36.285669 15 142 4
70 11.696253 0.005111 15 131 4
71 54.127305 89.036649 15 137 3
72 16.877201 29.941283 15 118 2
73 34.916387 72.590790 15 103 1
74 39.028712 63.435778 15 100 2
75 53.955361 57.945515 15 139 3
76 85.716406 88.263745 15 149 5
77 11.436302 89.728291 15 126 3
78 86.985934 62.451769 15 114 1
79 17.447463 72.626283 15 111 2
80 54.837323 90.572747 15 138 3
81 67.291008 39.954863 15 133 2
82 36.200498 77.339291 15 121 1
83 58.150304 57.238273 15 104 3
84 82.000063 19.288041 15 104 3
85 95.221637 2.575228 15 148 4
86 72.983272 13.376680 15 125 3
87 60.743367 18.848176 15 141 2
88 29.068678 70.623939 15 128 5
89 33.995376 90.912816 15 142 4
90 71.342505 60.896639 15 117 5
91 96.508353 8.648156 15 139 4
92 90.313026 48.184117 15 100 3
93 47.814953 36.566467 15 138 3
94 56.756789 41.406749 15 106 3
95 49.541291 90.144863 15 118 2
96 23.495161 93.913051 15 114 5
97 81.151036 81.628117 15 124 1
98 32.313138 67.584648 15 119 3
99 14.000263 21.162112 15 115 5
100 28.587140 55.962658 15 0 4
101 97.205857 98.056028 15 0 4
102 5.604282 33.712494 15 0 1
103 59.608396 49.035577 15 0 3
104 92.617539 15.361789 15 0 1
105 31.732805 96.312629 15 0 1
106 8.482794 55.642381 15 0 2
107 34.964208 78.482456 15 0 4
108 79.674316 18.518844 15 0 2
109 2.645846 98.231924 15 0 1
110 90.099881 34.390275 15 0 2
111 81.240987 89.207752 15 0 5
112 74.081633 53.625154 15 0 1
113 0.403461 12.765430 15 0 2
114 33.918178 8.668976 15 0 4
115 15.936938 93.088670 15 0 2
116 69.016104 1.333665 15 0 3
117 76.273575 0.494320 15 0 5
118 11.187109 21.173218 15 0 2
119 33.080938 79.282970 15 0 2
120 28.930284 89.484142 15 0 5
121 8.487297 37.635973 15 0 4
122 1.431767 92.461530 15 0 4
123 77.018965 69.528046 15 0 4
124 71.245292 59.827234 15 0 3
125 11.874998 93.727006 15 0 4
126 44.876360 98.153422 15 0 5
127 68.378077 33.174134 15 0 1
128 52.977125 46.476570 15 0 4
129 14.206953 31.858053 15 0 5
130 61.062404 78.476920 15 0 2
131 8.605531 98.006023 15 0 1
132 28.220741 53.712314 15 0 5
133 72.870748 36.761159 15 0 2
134 30.532700 31.823487 15 0 5
135 4.878753 40.970404 15 0 5
136 2.509929 64.458645 15 0 5
137 49.845110 19.254617 15 0 1
138 45.938781 53.771034 15 0 3
139 42.074647 0.927378 15 0 3
140 77.526539 20.993328 15 0 3
141 89.024941 11.953415 15 0 4
142 64.956647 94.842123 15 0 4
143 29.073367 90.140370 15 0 1
144 38.040840 87.356751 15 0 1
145 38.802604 47.493168 15 0 2
146 85.964762 8.836541 15 0 4
147 21.120005 58.351049 15 0 3
148 24.679711 7.769945 15 0 5
149 13.925642 80.741726 15 0 1
4874
0 5
0 8
0 10
0 17
0 23
0 25
0 32
0 37
0 38
0 40
0 43
0 49
0 54
0 58
0 61
0 62
0 65
0 67
0 69
0 73
0 74
0 75
0 81
0 83
0 88
0 90
0 93
0 94
0 98
0 100
0 103
0 112
0 124
0 127
0 128
0 132
0 133
0 134
0 138
0 145
1 2
1 5
1 6
1 8
1 11
1 16
1 18
1 23
1 24
1 26
1 29
1 31
1 34
1 37
1 42
1 45
1 46
1 47
1 48
1 52
1 55
1 56
1 57
1 58
1 59
1 61
1 62
1 66
1 69
1 81
1 84
1 86
1 87
1 93
1 94
1 103
1 104
1 108
1 110
1 116
1 117
1 127
1 128
1 133
1 137
1 140
1 141
1 146
2 1
2 5
2 6
2 11
2 16
2 18
2 24
2 26
2 29
2 31
2 34
2 37
2 42
2 45
2 46
2 54
2 56
2 57
2 58
2 59
2 61
2 62
2 66
2 69
2 81
2 84
2 86
2 87
2 91
2 92
2 94
2 103
2 104
2 108
2 110
2 112
2 116
2 117
2 127
2 133
2 137
2 140
2 141
2 146
3 19
3 22
3 28
3 39
3 50
3 63
3 70
3 72
3 99
3 102
3 113
3 114
3 118
3 121
3 129
3 148
4 7
4 9
4 13
4 17
4 27
4 30
4 33
4 36
4 38
4 40
4 41
4 43
4 49
4 51
4 54
4 65
4 71
4 75
4 76
4 78
4 80
4 83
4 90
4 95
4 97
4 111
4 112
4 123
4 124
4 130
4 142
5 0
5 1
5 2
5 6
5 8
5 10
5 11
5 16
5 18
5 23
5 24
5 31
5 33
5 37
5 38
5 40
5 42
5 43
5 45
5 48
5 49
5 54
5 56
5 57
5 58
5 61
5 62
5 66
5 67
5 69
5 75
5 81
5 83
5 84
5 86
5 87
5 90
5 92
5 93
5 94
5 103
5 108
5 110
5 112
5 124
5 127
5 128
5 133
5 137
5 138
5 140
5 145
6 1
6 2
6 5
6 11
6 16
6 18
6 24
6 26
6 29
6 31
6 34
6 37
6 42
6 45
6 46
6 54
6 56
6 57
6 58
6 59
6 61
6 66
6 69
6 81
6 84
6 86
6 87
6 91
6 92
6 94
6 103
6 104
6 108
6 110
6 112
6 116
6 117
6 127
6 133
6 137
6 140
6 141
6 146
7 4
7 9
7 13
7 27
7 30
7 36
7 41
7 51
7 71
7 76
7 80
7 97
7 101
7 111
7 123
7 130
7 142
8 0
8 1
8 5
8 10
8 11
8 17
8 18
8 23
8 25
8 32
8 37
8 38
8 40
8 42
8 48
8 49
8 54
8 58
8 61
8 62
8 66
8 67
8 69
8 74
8 75
8 81
8 83
8 87
8 90
8 93
8 94
8 100
8 103
8 112
8 124
8 127
8 128
8 132
8 133
8 134
8 137
8 138
8 145
9 4
9 7
9 13
9 27
9 30
9 33
9 36
9 41
9 51
9 76
9 78
9 97
9 101
9 111
9 123
10 0
10 5
10 8
10 17
10 23
10 25
10 32
10 37
10 38
10 40
10 43
10 49
10 54
10 58
10 61
10 62
10 65
10 67
10 69
10 73
10 74
10 75
10 81
10 83
10 88
10 90
10 93
10 94
10 98
10 100
10 103
10 112
10 124
10 127
10 128
10 132
10 133
10 134
10 138
10 145
10 147
11 1
11 2
11 5
11 6
11 8
11 16
11 18
11 23
11 24
11 26
11 29
11 31
11 34
11 37
11 42
11 45
11 46
11 47
11 48
11 52
11 55
11 56
11 57
11 58
11 59
11 61
11 62
11 66
11 69
11 81
11 84
11 86
11 87
11 93
11 94
11 103
11 104
11 108
11 110
11 116
11 117
11 127
11 128
11 133
11 137
11 140
11 141
11 146
12 15
12 20
12 21
12 35
12 44
12 53
12 60
12 64
12 68
12 77
12 79
12 88
12 96
12 106
12 109
12 115
12 122
12 125
12 131
12 136
12 147
12 149
13 4
13 7
13 9
13 14
13 17
13 27
13 36
13 38
13 41
13 43
13 51
13 65
13 71
13 76
13 78
13 80
13 90
13 95
13 97
13 101
13 111
13 123
13 124
13 126
13 130
13 142
14 13
14 17
14 36
14 65
14 71
14 73
14 80
14 82
14 89
14 95
14 96
14 105
14 107
14 119
14 120
14 126
14 130
14 142
14 143
14 144
15 12
15 20
15 21
15 25
15 32
15 35
15 53
15 60
15 64
15 68
15 73
15 74
15 77
15 79
15 82
15 88
15 89
15 96
15 98
15 100
15 105
15 106
15 107
15 109
15 115
15 119
15 120
15 122
15 125
15 131
15 132
15 136
15 143
15 144
15 147
15 149
16 1
16 2
16 5
16 6
16 11
16 18
16 26
16 29
16 31
16 34
16 37
16 42
16 45
16 47
16 48
16 52
16 55
16 56
16 57
16 58
16 61
16 66
16 69
16 81
16 84
16 86
16 87
16 93
16 94
16 104
16 108
16 116
16 117
16 127
16 133
16 137
16 139
16 140
16 141
16 146
17 0
17 4
17 8
17 10
17 13
17 14
17 25
17 32
17 36
17 38
17 40
17 43
17 49
17 51
17 54
17 62
17 65
17 67
17 71
17 73
17 74
17 75
17 80
17 82
17 83
17 88
17 89
17 90
17 95
17 97
17 98
17 103
17 107
17 112
17 119
17 123
17 124
17 126
17 128
17 130
17 138
17 142
17 144
17 145
18 1
18 2
18 5
18 6
18 8
18 11
18 16
18 23
18 31
18 34
18 37
18 42
18 45
18 47
18 48
18 52
18 55
18 56
18 57
18 58
18 61
18 62
18 66
18 67
18 69
18 81
18 84
18 86
18 87
18 93
18 94
18 103
18 108
18 114
18 116
18 117
18 127
18 128
18 133
18 137
18 139
18 140
18 146
19 3
19 22
19 28
19 39
19 47
19 50
19 63
19 70
19 72
19 99
19 102
19 113
19 114
19 118
19 121
19 129
19 148
20 12
20 15
20 21
20 35
20 53
20 60
20 64
20 68
20 77
20 79
20 96
20 106
20 109
20 115
20 120
20 122
20 125
20 131
20 136
20 149
21 12
21 15
21 20
21 25
21 32
21 35
21 44
21 53
21 60
21 64
21 68
21 73
21 74
21 77
21 79
21 82
21 88
21 96
21 98
21 100
21 106
21 107
21 115
21 119
21 120
21 122
21 125
21 131
21 132
21 135
21 136
21 143
21 147
21 149
22 3
22 19
22 28
22 39
22 47
22 50
22 52
22 63
22 70
22 72
22 99
22 113
22 114
22 118
22 129
22 139
22 148
23 0
23 1
23 5
23 8
23 10
23 11
23 18
23 25
23 32
23 37
23 38
23 40
23 42
23 47
23 48
23 49
23 54
23 58
23 61
23 62
23 67
23 69
23 74
23 75
23 81
23 83
23 87
23 90
23 93
23 94
23 100
23 103
23 112
23 124
23 127
23 128
23 132
23 133
23 134
23 137
23 138
23 145
24 1
24 2
24 5
24 6
24 11
24 26
24 33
24 34
24 42
24 45
24 46
24 54
24 56
24 57
24 59
24 61
24 66
24 69
24 78
24 81
24 84
24 90
24 92
24 103
24 104
24 108
24 110
24 112
24 124
24 127
24 133
24 140
24 141
25 0
25 8
25 10
25 15
25 17
25 21
25 23
25 32
25 35
25 38
25 40
25 44
25 49
25 53
25 60
25 62
25 64
25 65
25 67
25 73
25 74
25 75
25 79
25 82
25 83
25 88
25 89
25 98
25 100
25 106
25 107
25 119
25 120
25 128
25 132
25 136
25 138
25 143
25 144
25 145
25 147
25 149
26 1
26 2
26 6
26 11
26 16
26 24
26 29
26 31
26 34
26 42
26 45
26 46
26 56
26 57
26 59
26 66
26 84
26 85
26 86
26 91
26 104
26 108
26 110
26 116
26 117
26 140
26 141
26 146
27 4
27 7
27 9
27 13
27 30
27 36
27 41
27 51
27 76
27 78
27 97
27 101
27 111
27 123
28 3
28 19
28 22
28 39
28 44
28 47
28 50
28 63
28 70
28 72
28 99
28 102
28 113
28 114
28 118
28 121
28 129
28 134
28 135
28 148
29 1
29 2
29 6
29 11
29 16
29 26
29 31
29 34
29 45
29 46
29 56
29 57
29 59
29 84
29 85
29 86
29 91
29 104
29 108
29 116
29 117
29 140
29 141
29 146
30 4
30 7
30 9
30 27
30 33
30 41
30 51
30 76
30 78
30 97
30 101
30 111
30 123
31 1
31 2
31 5
31 6
31 11
31 16
31 18
31 26
31 29
31 34
31 37
31 42
31 45
31 47
31 48
31 52
31 55
31 56
31 57
31 58
31 61
31 66
31 69
31 81
31 84
31 86
31 87
31 93
31 94
31 104
31 108
31 114
31 116
31 117
31 127
31 133
31 137
31 139
31 140
31 141
31 146
32 0
32 8
32 10
32 15
32 17
32 21
32 23
32 25
32 38
32 40
32 43
32 49
32 60
32 62
32 64
32 65
32 67
32 71
32 73
32 74
32 75
32 79
32 80
32 82
32 83
32 88
32 89
32 95
32 98
32 100
32 103
32 105
32 107
32 119
32 120
32 126
32 128
32 130
32 132
32 138
32 143
32 144
32 145
32 147
32 149
33 4
33 5
33 9
33 24
33 30
33 36
33 38
33 40
33 41
33 42
33 43
33 46
33 49
33 51
33 54
33 57
33 61
33 66
33 76
33 78
33 81
33 83
33 90
33 92
33 97
33 103
33 110
33 112
33 123
33 124
33 133
34 1
34 2
34 6
34 11
34 16
34 18
34 24
34 26
34 29
34 31
34 37
34 42
34 45
34 46
34 56
34 57
34 59
34 66
34 69
34 81
34 84
34 85
34 86
34 87
34 91
34 104
34 108
34 110
34 116
34 117
34 127
34 133
34 140
34 141
34 146
35 12
35 15
35 20
35 21
35 25
35 53
35 60
35 64
35 68
35 73
35 77
35 79
35 82
35 88
35 89
35 96
35 98
35 105
35 107
35 109
35 115
35 119
35 120
35 122
35 125
35 131
35 136
35 143
35 144
35 147
35 149
36 4
36 7
36 9
36 13
36 14
36 17
36 27
36 33
36 38
36 40
36 41
36 43
36 51
36 54
36 65
36 71
36 75
36 76
36 78
36 80
36 83
36 90
36 95
36 97
36 111
36 123
36 124
36 126
36 130
36 142
36 144
37 0
37 1
37 2
37 5
37 6
37 8
37 10
37 11
37 16
37 18
37 23
37 31
37 34
37 40
37 42
37 45
37 47
37 48
37 49
37 52
37 55
37 56
37 57
37 58
37 61
37 62
37 66
37 67
37 69
37 75
37 81
37 83
37 84
37 86
37 87
37 93
37 94
37 103
37 108
37 112
37 116
37 127
37 128
37 133
37 134
37 137
37 138
37 140
37 145
38 0
38 4
38 5
38 8
38 10
38 13
38 17
38 23
38 25
38 32
38 33
38 36
38 40
38 43
38 49
38 51
38 54
38 61
38 62
38 65
38 67
38 71
38 73
38 74
38 75
38 80
38 81
38 82
38 83
38 88
38 90
38 94
38 95
38 97
38 98
38 100
38 103
38 107
38 112
38 119
38 123
38 124
38 128
38 130
38 138
38 142
38 144
38 145
39 3
39 19
39 22
39 28
39 47
39 50
39 63
39 70
39 72
39 99
39 113
39 114
39 118
39 129
39 139
39 148
40 0
40 4
40 5
40 8
40 10
40 17
40 23
40 25
40 32
40 33
40 36
40 37
40 38
40 42
40 43
40 49
40 54
40 58
40 61
40 62
40 65
40 66
40 67
40 69
40 73
40 74
40 75
40 78
40 81
40 83
40 90
40 93
40 94
40 98
40 103
40 112
40 123
40 124
40 127
40 128
40 130
40 133
40 138
40 145
41 4
41 7
41 9
41 13
41 27
41 30
41 33
41 36
41 43
41 51
41 54
41 76
41 78
41 90
41 92
41 97
41 101
41 111
41 112
41 123
41 124
42 1
42 2
42 5
42 6
42 8
42 11
42 16
42 18
42 23
42 24
42 26
42 31
42 33
42 34
42 37
42 40
42 45
42 46
42 49
42 54
42 56
42 57
42 58
42 59
42 61
42 62
42 66
42 69
42 78
42 81
42 83
42 84
42 86
42 87
42 90
42 92
42 94
42 103
42 104
42 108
42 110
42 112
42 124
42 127
42 128
42 133
42 140
42 141
43 0
43 4
43 5
43 10
43 13
43 17
43 32
43 33
43 36
43 38
43 40
43 41
43 49
43 51
43 54
43 61
43 62
43 65
43 67
43 71
43 74
43 75
43 76
43 78
43 80
43 81
43 83
43 90
43 92
43 94
43 95
43 97
43 103
43 111
43 112
43 123
43 124
43 128
43 130
43 138
43 142
44 12
44 21
44 25
44 28
44 60
44 63
44 64
44 72
44 79
44 88
44 99
44 100
44 102
44 106
44 118
44 121
44 129
44 132
44 134
44 135
44 136
44 147
45 1
45 2
45 5
45 6
45 11
45 16
45 18
45 24
45 26
45 29
45 31
45 34
45 37
45 42
45 46
45 48
45 55
45 56
45 57
45 58
45 59
45 61
45 66
45 69
45 81
45 84
45 85
45 86
45 87
45 91
45 92
45 94
45 104
45 108
45 110
45 116
45 117
45 127
45 133
45 137
45 140
45 141
45 146
46 1
46 2
46 6
46 11
46 24
46 26
46 29
46 33
46 34
46 42
46 45
46 54
46 56
46 57
46 59
46 61
46 66
46 69
46 81
46 84
46 85
46 86
46 91
46 92
46 104
46 108
46 110
46 112
46 127
46 133
46 140
46 141
46 146
47 1
47 11
47 16
47 18
47 19
47 22
47 23
47 28
47 31
47 37
47 39
47 48
47 50
47 52
47 55
47 58
47 63
47 70
47 72
47 87
47 93
47 99
47 114
47 118
47 129
47 134
47 137
47 139
47 148
48 1
48 5
48 8
48 11
48 16
48 18
48 23
48 31
48 37
48 45
48 47
48 52
48 55
48 56
48 58
48 69
48 86
48 87
48 93
48 94
48 108
48 114
48 116
48 117
48 127
48 134
48 137
48 139
48 140
48 148
49 0
49 4
49 5
49 8
49 10
49 17
49 23
49 25
49 32
49 33
49 37
49 38
49 40
49 42
49 43
49 54
49 58
49 61
49 62
49 65
49 66
49 67
49 69
49 74
49 75
49 81
49 83
49 90
49 93
49 94
49 98
49 100
49 103
49 112
49 123
49 124
49 127
49 128
49 130
49 132
49 133
49 138
49 145
50 3
50 19
50 22
50 28
50 39
50 47
50 63
50 70
50 72
50 99
50 102
50 113
50 114
50 118
50 121
50 129
50 134
50 135
50 148
51 4
51 7
51 9
51 13
51 17
51 27
51 30
51 33
51 36
51 38
51 41
51 43
51 54
51 65
51 71
51 76
51 78
51 80
51 90
51 97
51 101
51 111
51 112
51 123
51 124
51 130
51 142
52 1
52 11
52 16
52 18
52 22
52 31
52 37
52 47
52 48
52 55
52 58
52 86
52 87
52 114
52 116
52 117
52 137
52 139
52 148
53 12
53 15
53 20
53 21
53 25
53 35
53 60
53 64
53 68
53 73
53 77
53 79
53 82
53 88
53 89
53 96
53 98
53 105
53 107
53 109
53 115
53 119
53 120
53 122
53 125
53 131
53 136
53 143
53 144
53 147
53 149
54 0
54 2
54 4
54 5
54 6
54 8
54 10
54 17
54 23
54 24
54 33
54 36
54 38
54 40
54 41
54 42
54 43
54 46
54 49
54 51
54 57
54 61
54 62
54 65
54 66
54 67
54 69
54 75
54 78
54 81
54 83
54 90
54 92
54 94
54 97
54 103
54 110
54 112
54 123
54 124
54 127
54 128
54 130
54 133
54 138
55 1
55 11
55 16
55 18
55 31
55 37
55 45
55 47
55 48
55 52
55 56
55 58
55 86
55 87
55 108
55 114
55 116
55 117
55 137
55 139
55 140
56 1
56 2
56 5
56 6
56 11
56 16
56 18
56 24
56 26
56 29
56 31
56 34
56 37
56 42
56 45
56 46
56 48
56 55
56 57
56 58
56 59
56 61
56 66
56 69
56 81
56 84
56 85
56 86
56 87
56 91
56 94
56 104
56 108
56 110
56 116
56 117
56 127
56 133
56 137
56 140
56 141
56 146
57 1
57 2
57 5
57 6
57 11
57 16
57 18
57 24
57 26
57 29
57 31
57 33
57 34
57 37
57 42
57 45
57 46
57 54
57 56
57 58
57 59
57 61
57 66
57 69
57 81
57 84
57 85
57 86
57 87
57 91
57 92
57 94
57 104
57 108
57 110
57 112
57 117
57 127
57 133
57 140
57 141
57 146
58 0
58 1
58 2
58 5
58 6
58 8
58 10
58 11
58 16
58 18
58 23
58 31
58 37
58 40
58 42
58 45
58 47
58 48
58 49
58 52
58 55
58 56
58 57
58 61
58 62
58 66
58 67
58 69
58 81
58 83
58 84
58 86
58 87
58 93
58 94
58 103
58 108
58 114
58 127
58 128
58 133
58 134
58 137
58 138
58 139
58 140
58 145
59 1
59 2
59 6
59 11
59 24
59 26
59 29
59 34
59 42
59 45
59 46
59 56
59 57
59 66
59 84
59 85
59 86
59 91
59 92
59 104
59 108
59 110
59 117
59 127
59 133
59 140
59 141
59 146
60 12
60 15
60 20
60 21
60 25
60 32
60 35
60 44
60 53
60 64
60 68
60 73
60 74
60 77
60 79
60 82
60 88
60 89
60 96
60 98
60 100
60 106
60 107
60 115
60 119
60 120
60 125
60 132
60 136
60 143
60 144
60 145
60 147
60 149
61 0
61 1
61 2
61 5
61 6
61 8
61 10
61 11
61 16
61 18
61 23
61 24
61 31
61 33
61 37
61 38
61 40
61 42
61 43
61 45
61 46
61 49
61 54
61 56
61 57
61 58
61 62
61 66
61 67
61 69
61 75
61 81
61 83
61 84
61 86
61 87
61 90
61 92
61 93
61 94
61 103
61 108
61 110
61 112
61 124
61 127
61 128
61 133
61 137
61 138
61 140
61 145
62 0
62 1
62 2
62 5
62 8
62 10
62 11
62 17
62 18
62 23
62 25
62 32
62 37
62 38
62 40
62 42
62 43
62 49
62 54
62 58
62 61
62 65
62 66
62 67
62 69
62 74
62 75
62 81
62 83
62 87
62 90
62 93
62 94
62 98
62 100
62 103
62 112
62 124
62 127
62 128
62 132
62 133
62 134
62 137
62 138
62 145
63 3
63 19
63 22
63 28
63 39
63 44
63 47
63 50
63 70
63 72
63 99
63 102
63 113
63 114
63 118
63 121
63 129
63 134
63 135
63 148
64 12
64 15
64 20
64 21
64 25
64 32
64 35
64 44
64 53
64 60
64 68
64 73
64 74
64 79
64 82
64 88
64 98
64 100
64 106
64 107
64 119
64 121
64 129
64 132
64 135
64 136
64 138
64 145
64 147
64 149
65 0
65 4
65 10
65 13
65 14
65 17
65 25
65 32
65 36
65 38
65 40
65 43
65 49
65 51
65 54
65 62
65 67
65 71
65 73
65 74
65 75
65 80
65 82
65 83
65 88
65 89
65 90
65 95
65 97
65 98
65 103
65 105
65 107
65 119
65 120
65 123
65 124
65 126
65 128
65 130
65 138
65 142
65 143
65 144
66 1
66 2
66 5
66 6
66 8
66 11
66 16
66 18
66 24
66 26
66 31
66 33
66 34
66 37
66 40
66 42
66 45
66 46
66 49
66 54
66 56
66 57
66 58
66 59
66 61
66 62
66 69
66 78
66 81
66 83
66 84
66 86
66 87
66 90
66 92
66 94
66 103
66 104
66 108
66 110
66 112
66 124
66 127
66 128
66 133
66 140
66 141
66 146
67 0
67 5
67 8
67 10
67 17
67 18
67 23
67 25
67 32
67 37
67 38
67 40
67 43
67 49
67 54
67 58
67 61
67 62
67 65
67 69
67 73
67 74
67 75
67 81
67 83
67 90
67 93
67 94
67 98
67 100
67 103
67 112
67 124
67 127
67 128
67 132
67 133
67 134
67 137
67 138
67 145
67 147
68 12
68 15
68 20
68 21
68 35
68 53
68 60
68 64
68 77
68 79
68 88
68 96
68 106
68 109
68 115
68 120
68 122
68 125
68 131
68 136
68 143
68 147
68 149
69 0
69 1
69 2
69 5
69 6
69 8
69 10
69 11
69 16
69 18
69 23
69 24
69 31
69 34
69 37
69 40
69 42
69 45
69 46
69 48
69 49
69 54
69 56
69 57
69 58
69 61
69 62
69 66
69 67
69 75
69 81
69 83
69 84
69 86
69 87
69 90
69 92
69 93
69 94
69 103
69 108
69 110
69 112
69 124
69 127
69 128
69 133
69 137
69 138
69 140
69 145
70 3
70 19
70 22
70 28
70 39
70 47
70 50
70 63
70 99
70 113
70 114
70 118
70 148
71 4
71 7
71 13
71 14
71 17
71 32
71 36
71 38
71 43
71 51
71 65
71 73
71 74
71 80
71 82
71 89
71 95
71 97
71 105
71 107
71 111
71 119
71 120
71 126
71 130
71 142
71 143
71 144
72 3
72 19
72 22
72 28
72 39
72 44
72 47
72 50
72 63
72 99
72 100
72 102
72 106
72 113
72 114
72 118
72 121
72 129
72 132
72 134
72 135
72 145
72 147
72 148
73 0
73 10
73 14
73 15
73 17
73 21
73 25
73 32
73 35
73 38
73 40
73 53
73 60
73 64
73 65
73 67
73 71
73 74
73 75
73 77
73 79
73 80
73 82
73 83
73 88
73 89
73 95
73 96
73 98
73 100
73 105
73 107
73 115
73 119
73 120
73 126
73 130
73 132
73 138
73 143
73 144
73 145
73 147
73 149
74 0
74 8
74 10
74 15
74 17
74 21
74 23
74 25
74 32
74 38
74 40
74 43
74 49
74 60
74 62
74 64
74 65
74 67
74 71
74 73
74 75
74 79
74 82
74 83
74 88
74 89
74 93
74 94
74 95
74 98
74 100
74 103
74 107
74 119
74 120
74 128
74 130
74 132
74 138
74 143
74 144
74 145
74 147
75 0
75 4
75 5
75 8
75 10
75 17
75 23
75 25
75 32
75 36
75 37
75 38
75 40
75 43
75 49
75 54
75 61
75 62
75 65
75 67
75 69
75 73
75 74
75 81
75 82
75 83
75 88
75 90
75 93
75 94
75 98
75 100
75 103
75 107
75 112
75 119
75 123
75 124
75 127
75 128
75 130
75 132
75 133
75 138
75 145
76 4
76 7
76 9
76 13
76 27
76 30
76 33
76 36
76 41
76 43
76 51
76 78
76 97
76 101
76 111
76 123
76 130
76 142
77 12
77 15
77 20
77 21
77 35
77 53
77 60
77 68
77 73
77 79
77 82
77 88
77 89
77 96
77 105
77 107
77 109
77 115
77 119
77 120
77 122
77 125
77 131
77 136
77 143
77 144
77 149
78 4
78 9
78 13
78 24
78 27
78 30
78 33
78 36
78 40
78 41
78 42
78 43
78 51
78 54
78 66
78 76
78 81
78 83
78 90
78 92
78 97
78 110
78 111
78 112
78 123
78 124
78 133
79 12
79 15
79 20
79 21
79 25
79 32
79 35
79 44
79 53
79 60
79 64
79 68
79 73
79 74
79 77
79 82
79 88
79 89
79 96
79 98
79 100
79 105
79 106
79 107
79 109
79 115
79 119
79 120
79 122
79 125
79 131
79 132
79 136
79 143
79 144
79 147
79 149
80 4
80 7
80 13
80 14
80 17
80 32
80 36
80 38
80 43
80 51
80 65
80 71
80 73
80 82
80 89
80 95
80 97
80 105
80 107
80 111
80 119
80 120
80 126
80 130
80 142
80 143
80 144
81 0
81 1
81 2
81 5
81 6
81 8
81 10
81 11
81 16
81 18
81 23
81 24
81 31
81 33
81 34
81 37
81 38
81 40
81 42
81 43
81 45
81 46
81 49
81 54
81 56
81 57
81 58
81 61
81 62
81 66
81 67
81 69
81 75
81 78
81 83
81 84
81 86
81 87
81 90
81 92
81 93
81 94
81 103
81 108
81 110
81 112
81 124
81 127
81 128
81 133
81 137
81 138
81 140
81 145
82 14
82 15
82 17
82 21
82 25
82 32
82 35
82 38
82 53
82 60
82 64
82 65
82 71
82 73
82 74
82 75
82 77
82 79
82 80
82 83
82 88
82 89
82 95
82 96
82 98
82 100
82 105
82 107
82 115
82 119
82 120
82 125
82 126
82 130
82 132
82 138
82 143
82 144
82 145
82 147
82 149
83 0
83 4
83 5
83 8
83 10
83 17
83 23
83 25
83 32
83 33
83 36
83 37
83 38
83 40
83 42
83 43
83 49
83 54
83 58
83 61
83 62
83 65
83 66
83 67
83 69
83 73
83 74
83 75
83 78
83 81
83 82
83 90
83 93
83 94
83 98
83 100
83 103
83 112
83 123
83 124
83 127
83 128
83 130
83 133
83 138
83 145
84 1
84 2
84 5
84 6
84 11
84 16
84 18
84 24
84 26
84 29
84 31
84 34
84 37
84 42
84 45
84 46
84 56
84 57
84 58
84 59
84 61
84 66
84 69
84 81
84 85
84 86
84 87
84 91
84 104
84 108
84 110
84 116
84 117
84 127
84 133
84 140
84 141
84 146
85 26
85 29
85 34
85 45
85 46
85 56
85 57
85 59
85 84
85 86
85 91
85 104
85 108
85 116
85 117
85 140
85 141
85 146
86 1
86 2
86 5
86 6
86 11
86 16
86 18
86 26
86 29
86 31
86 34
86 37
86 42
86 45
86 46
86 48
86 52
86 55
86 56
86 57
86 58
86 59
86 61
86 66
86 69
86 81
86 84
86 85
86 87
86 91
86 104
86 108
86 110
86 116
86 117
86 127
86 133
86 137
86 140
86 141
86 146
87 1
87 2
87 5
87 6
87 8
87 11
87 16
87 18
87 23
87 31
87 34
87 37
87 42
87 45
87 47
87 48
87 52
87 55
87 56
87 57
87 58
87 61
87 62
87 66
87 69
87 81
87 84
87 86
87 93
87 94
87 108
87 114
87 116
87 117
87 127
87 128
87 133
87 137
87 139
87 140
87 141
87 146
88 0
88 10
88 12
88 15
88 17
88 21
88 25
88 32
88 35
88 38
88 44
88 53
88 60
88 64
88 65
88 68
88 73
88 74
88 75
88 77
88 79
88 82
88 89
88 95
88 96
88 98
88 100
88 105
88 106
88 107
88 115
88 119
88 120
88 125
88 132
88 136
88 138
88 143
88 144
88 145
88 147
88 149
89 14
89 15
89 17
89 25
89 32
89 35
89 53
89 60
89 65
89 71
89 73
89 74
89 77
89 79
89 80
89 82
89 88
89 95
89 96
89 98
89 105
89 107
89 115
89 119
89 120
89 125
89 126
89 130
89 131
89 143
89 144
89 149
90 0
90 4
90 5
90 8
90 10
90 13
90 17
90 23
90 24
90 33
90 36
90 38
90 40
90 41
90 42
90 43
90 49
90 51
90 54
90 61
90 62
90 65
90 66
90 67
90 69
90 75
90 78
90 81
90 83
90 92
90 94
90 97
90 103
90 111
90 112
90 123
90 124
90 127
90 128
90 130
90 133
90 138
91 2
91 6
91 26
91 29
91 34
91 45
91 46
91 56
91 57
91 59
91 84
91 85
91 86
91 104
91 108
91 110
91 116
91 117
91 140
91 141
91 146
92 2
92 5
92 6
92 24
92 33
92 41
92 42
92 43
92 45
92 46
92 54
92 57
92 59
92 61
92 66
92 69
92 78
92 81
92 90
92 110
92 112
92 123
92 124
92 127
92 133
93 0
93 1
93 5
93 8
93 10
93 11
93 16
93 18
93 23
93 31
93 37
93 40
93 47
93 48
93 49
93 58
93 61
93 62
93 67
93 69
93 74
93 75
93 81
93 83
93 87
93 94
93 100
93 103
93 127
93 128
93 132
93 133
93 134
93 137
93 138
93 145
94 0
94 1
94 2
94 5
94 6
94 8
94 10
94 11
94 16
94 18
94 23
94 31
94 37
94 38
94 40
94 42
94 43
94 45
94 48
94 49
94 54
94 56
94 57
94 58
94 61
94 62
94 66
94 67
94 69
94 74
94 75
94 81
94 83
94 87
94 90
94 93
94 103
94 112
94 124
94 127
94 128
94 133
94 134
94 137
94 138
94 140
94 145
95 4
95 13
95 14
95 17
95 32
95 36
95 38
95 43
95 65
95 71
95 73
95 74
95 80
95 82
95 88
95 89
95 96
95 98
95 105
95 107
95 119
95 120
95 126
95 130
95 142
95 143
95 144
96 12
96 14
96 15
96 20
96 21
96 35
96 53
96 60
96 68
96 73
96 77
96 79
96 82
96 88
96 89
96 95
96 98
96 105
96 107
96 109
96 115
96 119
96 120
96 122
96 125
96 126
96 131
96 143
96 144
96 149
97 4
97 7
97 9
97 13
97 17
97 27
97 30
97 33
97 36
97 38
97 41
97 43
97 51
97 54
97 65
97 71
97 76
97 78
97 80
97 90
97 101
97 111
97 112
97 123
97 124
97 130
97 142
98 0
98 10
98 15
98 17
98 21
98 25
98 32
98 35
98 38
98 40
98 49
98 53
98 60
98 62
98 64
98 65
98 67
98 73
98 74
98 75
98 79
98 82
98 83
98 88
98 89
98 95
98 96
98 100
98 105
98 106
98 107
98 119
98 120
98 128
98 132
98 136
98 138
98 143
98 144
98 145
98 147
98 149
99 3
99 19
99 22
99 28
99 39
99 44
99 47
99 50
99 63
99 70
99 72
99 102
99 113
99 114
99 118
99 121
99 129
99 134
99 135
99 148
100 0
100 8
100 10
100 15
100 21
100 23
100 25
100 32
100 38
100 44
100 49
100 60
100 62
100 64
100 67
100 72
100 73
100 74
100 75
100 79
100 82
100 83
100 88
100 93
100 98
100 106
100 107
100 119
100 121
100 128
100 129
100 132
100 134
100 135
100 136
100 138
100 145
100 147
100 149
101 7
101 9
101 13
101 27
101 30
101 41
101 51
101 76
101 97
101 111
102 3
102 19
102 28
102 44
102 50
102 63
102 72
102 99
102 106
102 113
102 118
102 121
102 129
102 134
102 135
102 147
103 0
103 1
103 2
103 5
103 6
103 8
103 10
103 11
103 17
103 18
103 23
103 24
103 32
103 33
103 37
103 38
103 40
103 42
103 43
103 49
103 54
103 58
103 61
103 62
103 65
103 66
103 67
103 69
103 74
103 75
103 81
103 83
103 90
103 93
103 94
103 112
103 123
103 124
103 127
103 128
103 130
103 133
103 138
103 145
104 1
104 2
104 6
104 11
104 16
104 24
104 26
104 29
104 31
104 34
104 42
104 45
104 46
104 56
104 57
104 59
104 66
104 84
104 85
104 86
104 91
104 108
104 110
104 116
104 117
104 133
104 140
104 141
104 146
105 14
105 15
105 32
105 35
105 53
105 65
105 71
105 73
105 77
105 79
105 80
105 82
105 88
105 89
105 95
105 96
105 98
105 107
105 109
105 115
105 119
105 120
105 125
105 126
105 131
105 143
105 144
105 149
106 12
106 15
106 20
106 21
106 25
106 44
106 60
106 64
106 68
106 72
106 79
106 88
106 98
106 100
106 102
106 121
106 129
106 132
106 135
106 136
106 147
106 149
107 14
107 15
107 17
107 21
107 25
107 32
107 35
107 38
107 53
107 60
107 64
107 65
107 71
107 73
107 74
107 75
107 77
107 79
107 80
107 82
107 88
107 89
107 95
107 96
107 98
107 100
107 105
107 115
107 119
107 120
107 125
107 126
107 130
107 132
107 138
107 143
107 144
107 147
107 149
108 1
108 2
108 5
108 6
108 11
108 16
108 18
108 24
108 26
108 29
108 31
108 34
108 37
108 42
108 45
108 46
108 48
108 55
108 56
108 57
108 58
108 59
108 61
108 66
108 69
108 81
108 84
108 85
108 86
108 87
108 91
108 104
108 110
108 116
108 117
108 127
108 133
108 137
108 140
108 141
108 146
109 12
109 15
109 20
109 35
109 53
109 68
109 77
109 79
109 96
109 105
109 115
109 120
109 122
109 125
109 131
109 143
109 149
110 1
110 2
110 5
110 6
110 11
110 24
110 26
110 33
110 34
110 42
110 45
110 46
110 54
110 56
110 57
110 59
110 61
110 66
110 69
110 78
110 81
110 84
110 86
110 91
110 92
110 104
110 108
110 112
110 127
110 133
110 140
110 141
110 146
111 4
111 7
111 9
111 13
111 27
111 30
111 36
111 41
111 43
111 51
111 71
111 76
111 78
111 80
111 90
111 97
111 101
111 123
111 130
111 142
112 0
112 2
112 4
112 5
112 6
112 8
112 10
112 17
112 23
112 24
112 33
112 37
112 38
112 40
112 41
112 42
112 43
112 46
112 49
112 51
112 54
112 57
112 61
112 62
112 66
112 67
112 69
112 75
112 78
112 81
112 83
112 90
112 92
112 94
112 97
112 103
112 110
112 123
112 124
112 127
112 128
112 130
112 133
112 138
113 3
113 19
113 22
113 28
113 39
113 50
113 63
113 70
113 72
113 99
113 102
113 118
113 121
113 129
113 135
113 148
114 3
114 18
114 19
114 22
114 28
114 31
114 39
114 47
114 48
114 50
114 52
114 55
114 58
114 63
114 70
114 72
114 87
114 99
114 118
114 134
114 137
114 139
114 148
115 12
115 15
115 20
115 21
115 35
115 53
115 60
115 68
115 73
115 77
115 79
115 82
115 88
115 89
115 96
115 105
115 107
115 109
115 119
115 120
115 122
115 125
115 126
115 131
115 143
115 144
115 149
116 1
116 2
116 6
116 11
116 16
116 18
116 26
116 29
116 31
116 34
116 37
116 45
116 48
116 52
116 55
116 56
116 84
116 85
116 86
116 87
116 91
116 104
116 108
116 117
116 137
116 139
116 140
116 141
116 146
117 1
117 2
117 6
117 11
117 16
117 18
117 26
117 29
117 31
117 34
117 45
117 48
117 52
117 55
117 56
117 57
117 59
117 84
117 85
117 86
117 87
117 91
117 104
117 108
117 116
117 140
117 141
117 146
118 3
118 19
118 22
118 28
118 39
118 44
118 47
118 50
118 63
118 70
118 72
118 99
118 102
118 113
118 114
118 121
118 129
118 134
118 135
118 148
119 14
119 15
119 17
119 21
119 25
119 32
119 35
119 38
119 53
119 60
119 64
119 65
119 71
119 73
119 74
119 75
119 77
119 79
119 80
119 82
119 88
119 89
119 95
119 96
119 98
119 100
119 105
119 107
119 115
119 120
119 125
119 126
119 130
119 132
119 138
119 143
119 144
119 147
119 149
120 14
120 15
120 20
120 21
120 25
120 32
120 35
120 53
120 60
120 65
120 68
120 71
120 73
120 74
120 77
120 79
120 80
120 82
120 88
120 89
120 95
120 96
120 98
120 105
120 107
120 109
120 115
120 119
120 122
120 125
120 126
120 131
120 143
120 144
120 149
121 3
121 19
121 28
121 44
121 50
121 63
121 64
121 72
121 99
121 100
121 102
121 106
121 113
121 118
121 129
121 132
121 134
121 135
121 136
121 147
122 12
122 15
122 20
122 21
122 35
122 53
122 68
122 77
122 79
122 96
122 109
122 115
122 120
122 125
122 131
122 136
122 143
122 149
123 4
123 7
123 9
123 13
123 17
123 27
123 30
123 33
123 36
123 38
123 40
123 41
123 43
123 49
123 51
123 54
123 65
123 75
123 76
123 78
123 83
123 90
123 92
123 97
123 103
123 111
123 112
123 124
123 130
123 142
124 0
124 4
124 5
124 8
124 10
124 13
124 17
124 23
124 24
124 33
124 36
124 38
124 40
124 41
124 42
124 43
124 49
124 51
124 54
124 61
124 62
124 65
124 66
124 67
124 69
124 75
124 78
124 81
124 83
124 90
124 92
124 94
124 97
124 103
124 112
124 123
124 127
124 128
124 130
124 133
124 138
125 12
125 15
125 20
125 21
125 35
125 53
125 60
125 68
125 77
125 79
125 82
125 88
125 89
125 96
125 105
125 107
125 109
125 115
125 119
125 120
125 122
125 131
125 143
125 144
125 149
126 13
126 14
126 17
126 32
126 36
126 65
126 71
126 73
126 80
126 82
126 89
126 95
126 96
126 105
126 107
126 115
126 119
126 120
126 130
126 142
126 143
126 144
127 0
127 1
127 2
127 5
127 6
127 8
127 10
127 11
127 16
127 18
127 23
127 24
127 31
127 34
127 37
127 40
127 42
127 45
127 46
127 48
127 49
127 54
127 56
127 57
127 58
127 59
127 61
127 62
127 66
127 67
127 69
127 75
127 81
127 83
127 84
127 86
127 87
127 90
127 92
127 93
127 94
127 103
127 108
127 110
127 112
127 124
127 128
127 133
127 137
127 140
127 141
128 0
128 1
128 5
128 8
128 10
128 11
128 17
128 18
128 23
128 25
128 32
128 37
128 38
128 40
128 42
128 43
128 49
128 54
128 58
128 61
128 62
128 65
128 66
128 67
128 69
128 74
128 75
128 81
128 83
128 87
128 90
128 93
128 94
128 98
128 100
128 103
128 112
128 124
128 127
128 132
128 133
128 134
128 137
128 138
128 145
129 3
129 19
129 22
129 28
129 39
129 44
129 47
129 50
129 63
129 64
129 72
129 99
129 100
129 102
129 106
129 113
129 118
129 121
129 132
129 134
129 135
129 145
129 147
129 148
130 4
130 7
130 13
130 14
130 17
130 32
130 36
130 38
130 40
130 43
130 49
130 51
130 54
130 65
130 71
130 73
130 74
130 75
130 76
130 80
130 82
130 83
130 89
130 90
130 95
130 97
130 103
130 107
130 111
130 112
130 119
130 123
130 124
130 126
130 138
130 142
130 144
131 12
131 15
131 20
131 21
131 35
131 53
131 68
131 77
131 79
131 89
131 96
131 105
131 109
131 115
131 120
131 122
131 125
131 143
131 149
132 0
132 8
132 10
132 15
132 21
132 23
132 25
132 32
132 44
132 49
132 60
132 62
132 64
132 67
132 72
132 73
132 74
132 75
132 79
132 82
132 88
132 93
132 98
132 100
132 106
132 107
132 119
132 121
132 128
132 129
132 134
132 135
132 136
132 138
132 145
132 147
133 0
133 1
133 2
133 5
133 6
133 8
133 10
133 11
133 16
133 18
133 23
133 24
133 31
133 33
133 34
133 37
133 40
133 42
133 45
133 46
133 49
133 54
133 56
133 57
133 58
133 59
133 61
133 62
133 66
133 67
133 69
133 75
133 78
133 81
133 83
133 84
133 86
133 87
133 90
133 92
133 93
133 94
133 103
133 104
133 108
133 110
133 112
133 124
133 127
133 128
133 137
133 140
133 141
134 0
134 8
134 10
134 23
134 28
134 37
134 44
134 47
134 48
134 50
134 58
134 62
134 63
134 67
134 72
134 93
134 94
134 99
134 100
134 102
134 114
134 118
134 121
134 128
134 129
134 132
134 135
134 137
134 138
134 145
134 147
134 148
135 21
135 28
135 44
135 50
135 63
135 64
135 72
135 99
135 100
135 102
135 106
135 113
135 118
135 121
135 129
135 132
135 134
135 136
135 147
136 12
136 15
136 20
136 21
136 25
136 35
136 44
136 53
136 60
136 64
136 68
136 77
136 79
136 88
136 98
136 100
136 106
136 121
136 122
136 132
136 135
136 147
136 149
137 1
137 2
137 5
137 6
137 8
137 11
137 16
137 18
137 23
137 31
137 37
137 45
137 47
137 48
137 52
137 55
137 56
137 58
137 61
137 62
137 67
137 69
137 81
137 86
137 87
137 93
137 94
137 108
137 114
137 116
137 127
137 128
137 133
137 134
137 139
137 140
137 148
138 0
138 5
138 8
138 10
138 17
138 23
138 25
138 32
138 37
138 38
138 40
138 43
138 49
138 54
138 58
138 61
138 62
138 64
138 65
138 67
138 69
138 73
138 74
138 75
138 81
138 82
138 83
138 88
138 90
138 93
138 94
138 98
138 100
138 103
138 107
138 112
138 119
138 124
138 128
138 130
138 132
138 134
138 145
138 147
139 16
139 18
139 22
139 31
139 39
139 47
139 48
139 52
139 55
139 58
139 87
139 114
139 116
139 137
139 148
140 1
140 2
140 5
140 6
140 11
140 16
140 18
140 24
140 26
140 29
140 31
140 34
140 37
140 42
140 45
140 46
140 48
140 55
140 56
140 57
140 58
140 59
140 61
140 66
140 69
140 81
140 84
140 85
140 86
140 87
140 91
140 94
140 104
140 108
140 110
140 116
140 117
140 127
140 133
140 137
140 141
140 146
141 1
141 2
141 6
141 11
141 16
141 24
141 26
141 29
141 31
141 34
141 42
141 45
141 46
141 56
141 57
141 59
141 66
141 84
141 85
141 86
141 87
141 91
141 104
141 108
141 110
141 116
141 117
141 127
141 133
141 140
141 146
142 4
142 7
142 13
142 14
142 17
142 36
142 38
142 43
142 51
142 65
142 71
142 76
142 80
142 95
142 97
142 111
142 123
142 126
142 130
142 144
143 14
143 15
143 21
143 25
143 32
143 35
143 53
143 60
143 65
143 68
143 71
143 73
143 74
143 77
143 79
143 80
143 82
143 88
143 89
143 95
143 96
143 98
143 105
143 107
143 109
143 115
143 119
143 120
143 122
143 125
143 126
143 131
143 144
143 149
144 14
144 15
144 17
144 25
144 32
144 35
144 36
144 38
144 53
144 60
144 65
144 71
144 73
144 74
144 77
144 79
144 80
144 82
144 88
144 89
144 95
144 96
144 98
144 105
144 107
144 115
144 119
144 120
144 125
144 126
144 130
144 142
144 143
144 149
145 0
145 5
145 8
145 10
145 17
145 23
145 25
145 32
145 37
145 38
145 40
145 49
145 58
145 60
145 61
145 62
145 64
145 67
145 69
145 72
145 73
145 74
145 75
145 81
145 82
145 83
145 88
145 93
145 94
145 98
145 100
145 103
145 128
145 129
145 132
145 134
145 138
145 147
146 1
146 2
146 6
146 11
146 16
146 18
146 26
146 29
146 31
146 34
146 45
146 46
146 56
146 57
146 59
146 66
146 84
146 85
146 86
146 87
146 91
146 104
146 108
146 110
146 116
146 117
146 140
146 141
147 10
147 12
147 15
147 21
147 25
147 32
147 35
147 44
147 53
147 60
147 64
147 67
147 68
147 72
147 73
147 74
147 79
147 82
147 88
147 98
147 100
147 102
147 106
147 107
147 119
147 121
147 129
147 132
147 134
147 135
147 136
147 138
147 145
147 149
148 3
148 19
148 22
148 28
148 39
148 47
148 48
148 50
148 52
148 63
148 70
148 72
148 99
148 113
148 114
148 118
148 129
148 134
148 137
148 139
149 12
149 15
149 20
149 21
149 25
149 32
149 35
149 53
149 60
149 64
149 68
149 73
149 77
149 79
149 82
149 88
149 89
149 96
149 98
149 100
149 105
149 106
149 107
149 109
149 115
149 119
149 120
149 122
149 125
149 131
149 136
149 143
149 144
149 147
