4
2 1
160
0 50.000000 50.000000 10 99999999 1
1 71.531710 73.575212 10 120 5
2 60.798084 21.299397 10 143 3
3 73.713864 65.941022 10 101 3
4 53.537613 84.595926 10 105 4
5 37.728482 13.581532 10 112 3
6 8.101976 15.776160 10 137 2
7 92.670486 49.547344 10 140 3
8 53.488469 8.908259 10 137 5
9 16.703493 9.967302 10 133 3
10 90.891329 42.217681 10 113 2
11 67.783429 7.885780 10 130 5
12 93.064421 21.107724 10 120 5
13 9.352467 91.308733 10 149 3
14 74.962693 15.764712 10 123 4
15 87.105185 0.687288 10 123 4
16 45.767828 80.725077 10 117 5
17 1.296412 45.109392 10 149 5
18 21.916358 13.971946 10 107 4
19 77.713635 4.515986 10 139 5
20 21.335891 96.992108 10 120 4
21 91.877363 52.983915 10 131 3
22 31.488098 78.317648 10 103 5
23 59.678752 64.972544 10 129 4
24 27.560398 74.004516 10 126 2
25 54.621746 89.809093 10 144 5
26 5.241065 49.986366 10 133 5
27 90.856968 68.817098 10 103 5
28 49.291536 51.123918 10 119 2
29 95.847071 91.990640 10 102 1
30 98.050558 18.956693 10 137 4
31 35.099356 80.868523 10 129 2
32 64.383062 88.079602 10 116 1
33 85.489490 97.460362 10 129 2
34 89.904402 18.950157 10 123 3
35 59.749060 52.850129 10 103 5
36 15.813220 59.886087 10 128 2
37 59.308021 63.369731 10 128 3
38 54.454316 74.286877 10 106 1
39 40.808529 16.615571 10 130 3
40 73.415038 88.239381 10 112 2
41 39.731000 68.290711 10 140 3
42 62.642434 85.573595 10 104 4
43 55.201356 55.508896 10 119 1
44 40.523681 1.030794 10 145 3
45 46.687454 59.394606 10 130 3
46 43.925900 33.763779 10 104 5
47 6.156415 55.889799 10 133 5
48 21.817700 10.489011 10 107 3
49 75.814825 96.396989 10 136 1
50 90.572866 40.384354 10 106 3
51 15.276210 26.685075 10 116 3
52 22.412225 60.055054 10 107 5
53 14.321403 45.109185 10 137 1
54 60.880773 50.264748 10 149 3
55 96.081580 29.285249 10 135 1
56 2.807814 86.327589 10 113 1
57 25.323509 7.313879 10 133 2
58 34.651081 92.498756 10 139 2
59 29.632837 20.289818 10 137 3
60 4.559242 24.030061 10 142 2
61 15.634963 66.740190 10 115 4
62 64.952996 57.405490 10 107 4
63 39.123880 29.676822 10 104 2
64 56.794479 6.964973 10 130 5
65 0.779529 88.509141 10 100 2
66 81.462440 67.887886 10 105 3
67 18.682308 85.605207 10 120 1
68 99.723334 39.753397 10 121 4
69 44.369310 62.785365 10 123 1
70 71.570482 19.406869 10 148 4
71 19.464695 56.569083 10 133 5
72 89.317446 29.748781 10 123 3
73 74.217192 82.283197 10 136 5
74 51.323463 69.108881 10 138 1
75 64.241800 3.228559 10 134 1
76 27.121307 43.727438 10 141 3
77 48.433053 81.241662 10 123 1
78 14.990691 31.594658 10 131 1
79 67.818577 78.296831 10 124 3
80 51.707529 74.634344 10 135 5
81 46.777280 18.981105 10 108 1
82 86.936406 70.013158 10 120 1
83 27.547507 30.506605 10 122 5
84 88.753719 55.356625 10 143 1
85 54.442662 54.902431 10 104 5
86 4.524968 55.094002 10 149 4
87 16.019669 48.486655 10 110 4
88 67.718608 52.430912 10 112 5
89 24.544794 60.712900 10 117 3
90 70.567249 96.281140 10 136 4
91 95.927750 89.052085 10 117 1
92 45.184092 97.668437 10 100 4
93 25.003043 18.722999 10 146 4
94 90.799587 19.702123 10 106 1
95 33.260876 98.260232 10 136 2
96 87.097890 43.960724 10 119 3
97 37.124225 76.361664 10 123 2
98 81.692073 14.218857 10 127 3
99 67.576352 84.374158 10 144 3
100 36.912315 39.586651 10 132 3
101 45.673484 69.927502 10 121 2
102 5.991157 49.156804 10 108 5
103 14.911394 1.486543 10 138 1
104 93.890263 2.547369 10 105 5
105 85.927856 21.133249 10 110 1
106 58.169286 80.512441 10 147 5
107 74.427283 64.756510 10 143 4
108 81.416802 29.480988 10 108 2
109 43.258803 95.843319 10 114 4
110 77.420700 18.427524 10 0 2
111 15.302500 82.110040 10 0 1
112 70.587590 17.405040 10 0 1
113 56.064837 76.834650 10 0 5
114 77.337658 84.039760 10 0 1
115 37.258275 57.636344 10 0 5
116 64.632593 2.151560 10 0 3
117 50.715379 89.732778 10 0 2
118 82.287044 27.223391 10 0 5
119 33.333585 70.154447 10 0 2
120 96.805214 69.378926 10 0 2
121 70.092976 88.744897 10 0 5
122 95.440875 38.055256 10 0 1
123 57.365539 31.912135 10 0 4
124 60.699825 17.732386 10 0 1
125 2.536028 62.297554 10 0 1
126 74.675160 88.089126 10 0 5
127 8.132010 51.346487 10 0 1
128 28.524979 24.330156 10 0 5
129 93.178400 48.351793 10 0 2
130 47.553069 65.003782 10 0 4
131 50.625484 52.438360 10 0 4
132 44.186892 81.034203 10 0 5
133 31.061200 24.314169 10 0 3
134 63.654868 4.801811 10 0 5
135 19.107487 15.647454 10 0 1
136 64.156630 80.114432 10 0 2
137 52.807510 78.731810 10 0 5
138 29.665521 50.642806 10 0 4
139 83.392441 34.758429 10 0 3
140 73.820898 88.688785 10 0 5
141 96.884463 2.016628 10 0 1
142 50.494455 26.881184 10 0 2
143 87.258336 52.713591 10 0 3
144 95.544613 63.535093 10 0 3
145 11.118710 60.727231 10 0 2
146 55.528339 29.891079 10 0 4
147 7.896459 76.263542 10 0 4
148 90.990898 62.683789 10 0 1
149 50.998971 16.368736 10 0 3
150 72.928301 21.619366 10 0 5
151 34.985195 70.177243 10 0 1
152 80.628226 40.730785 10 0 2
153 82.478325 24.948279 10 0 3
154 36.293594 10.608527 10 0 3
155 25.868498 69.079812 10 0 1
156 82.270654 79.273665 10 0 5
157 36.472732 38.823473 10 0 1
158 6.295040 68.461728 10 0 1
159 7.993532 69.012736 10 0 5
2786
0 23
0 28
0 35
0 37
0 43
0 45
0 46
0 54
0 62
0 69
0 74
0 85
0 88
0 100
0 115
0 123
0 130
0 131
0 157
1 3
1 23
1 27
1 32
1 37
1 38
1 40
1 42
1 62
1 66
1 73
1 79
1 80
1 82
1 99
1 106
1 107
1 113
1 114
1 121
1 126
1 136
1 137
1 140
1 156
2 8
2 11
2 14
2 64
2 70
2 75
2 81
2 110
2 112
2 116
2 123
2 124
2 134
2 142
2 146
2 149
2 150
3 1
3 23
3 27
3 35
3 37
3 62
3 66
3 73
3 79
3 82
3 84
3 88
3 99
3 107
3 114
3 136
3 143
3 148
3 156
4 16
4 25
4 31
4 32
4 38
4 42
4 74
4 77
4 79
4 80
4 92
4 97
4 99
4 101
4 106
4 109
4 113
4 117
4 121
4 132
4 136
4 137
5 8
5 18
5 39
5 44
5 48
5 57
5 59
5 63
5 81
5 83
5 93
5 128
5 133
5 135
5 142
5 149
5 154
6 9
6 18
6 48
6 51
6 57
6 60
6 78
6 93
6 103
6 135
7 10
7 21
7 27
7 50
7 68
7 84
7 96
7 122
7 129
7 139
7 143
7 144
7 148
7 152
8 2
8 5
8 11
8 39
8 44
8 64
8 75
8 81
8 112
8 116
8 124
8 134
8 142
8 149
8 154
9 6
9 18
9 48
9 51
9 57
9 59
9 60
9 93
9 103
9 128
9 135
9 154
10 7
10 21
10 50
10 55
10 68
10 72
10 84
10 96
10 108
10 118
10 122
10 129
10 139
10 143
10 152
10 153
11 2
11 8
11 14
11 19
11 64
11 70
11 75
11 98
11 110
11 112
11 116
11 124
11 134
11 149
11 150
12 14
12 30
12 34
12 50
12 55
12 68
12 72
12 94
12 98
12 104
12 105
12 108
12 110
12 118
12 122
12 139
12 141
12 153
13 20
13 56
13 65
13 67
13 111
13 147
14 2
14 11
14 12
14 15
14 19
14 34
14 70
14 75
14 94
14 98
14 105
14 108
14 110
14 112
14 116
14 118
14 124
14 134
14 150
14 153
15 14
15 19
15 34
15 94
15 98
15 104
15 141
16 4
16 22
16 24
16 25
16 31
16 38
16 41
16 42
16 58
16 69
16 74
16 77
16 80
16 92
16 97
16 101
16 106
16 109
16 113
16 117
16 119
16 130
16 132
16 136
16 137
16 151
17 26
17 47
17 53
17 78
17 86
17 87
17 102
17 125
17 127
17 145
18 5
18 6
18 9
18 39
18 48
18 51
18 57
18 59
18 78
18 83
18 93
18 103
18 128
18 133
18 135
18 154
19 11
19 14
19 15
19 34
19 70
19 75
19 98
19 104
19 105
19 110
19 112
19 116
19 134
19 141
19 150
20 13
20 58
20 67
20 95
20 111
21 7
21 10
21 27
21 50
21 66
21 68
21 82
21 84
21 96
21 120
21 122
21 129
21 143
21 144
21 148
21 152
22 16
22 24
22 31
22 41
22 58
22 61
22 67
22 77
22 89
22 97
22 101
22 111
22 119
22 132
22 151
22 155
23 0
23 1
23 3
23 28
23 35
23 37
23 38
23 43
23 45
23 54
23 62
23 69
23 74
23 77
23 79
23 80
23 85
23 88
23 101
23 106
23 107
23 113
23 130
23 131
23 136
23 137
24 16
24 22
24 31
24 36
24 41
24 52
24 58
24 61
24 67
24 71
24 89
24 97
24 101
24 111
24 115
24 119
24 132
24 147
24 151
24 155
25 4
25 16
25 32
25 38
25 40
25 42
25 77
25 79
25 80
25 90
25 92
25 99
25 106
25 109
25 113
25 117
25 121
25 132
25 136
25 137
25 140
26 17
26 36
26 47
26 52
26 53
26 61
26 71
26 86
26 87
26 102
26 125
26 127
26 145
26 158
26 159
27 1
27 3
27 7
27 21
27 66
27 82
27 84
27 107
27 120
27 143
27 144
27 148
27 156
28 0
28 23
28 35
28 37
28 41
28 43
28 45
28 46
28 54
28 62
28 69
28 74
28 85
28 88
28 100
28 101
28 115
28 130
28 131
28 138
28 157
29 33
29 91
29 156
30 12
30 34
30 55
30 72
30 94
30 98
30 104
30 105
30 108
30 118
30 122
30 141
30 153
31 4
31 16
31 22
31 24
31 41
31 58
31 67
31 77
31 80
31 92
31 95
31 97
31 101
31 109
31 111
31 117
31 119
31 132
31 137
31 151
31 155
32 1
32 4
32 25
32 38
32 40
32 42
32 49
32 73
32 77
32 79
32 80
32 90
32 99
32 106
32 113
32 114
32 117
32 121
32 126
32 136
32 137
32 140
32 156
33 29
33 40
33 49
33 73
33 90
33 91
33 114
33 121
33 126
33 140
33 156
34 12
34 14
34 15
34 19
34 30
34 55
34 70
34 72
34 94
34 98
34 104
34 105
34 108
34 110
34 112
34 118
34 122
34 139
34 141
34 150
34 153
35 0
35 3
35 23
35 28
35 37
35 43
35 45
35 54
35 62
35 69
35 74
35 85
35 88
35 107
35 130
35 131
36 24
36 26
36 47
36 52
36 53
36 61
36 71
36 76
36 86
36 87
36 89
36 102
36 125
36 127
36 138
36 145
36 147
36 155
36 158
36 159
37 0
37 1
37 3
37 23
37 28
37 35
37 38
37 43
37 45
37 54
37 62
37 69
37 74
37 79
37 80
37 85
37 88
37 101
37 106
37 107
37 113
37 130
37 131
37 136
37 137
38 1
38 4
38 16
38 23
38 25
38 32
38 37
38 41
38 42
38 43
38 45
38 62
38 69
38 74
38 77
38 79
38 80
38 85
38 97
38 99
38 101
38 106
38 113
38 117
38 130
38 132
38 136
38 137
38 151
39 5
39 8
39 18
39 44
39 46
39 48
39 57
39 59
39 63
39 64
39 81
39 83
39 93
39 124
39 128
39 133
39 142
39 146
39 149
39 154
40 1
40 25
40 32
40 33
40 42
40 49
40 73
40 79
40 90
40 99
40 106
40 114
40 121
40 126
40 136
40 140
40 156
41 16
41 22
41 24
41 28
41 31
41 38
41 45
41 52
41 69
41 74
41 77
41 80
41 85
41 89
41 97
41 101
41 113
41 115
41 119
41 130
41 131
41 132
41 137
41 151
41 155
42 1
42 4
42 16
42 25
42 32
42 38
42 40
42 49
42 73
42 74
42 77
42 79
42 80
42 90
42 99
42 106
42 113
42 114
42 117
42 121
42 126
42 132
42 136
42 137
42 140
43 0
43 23
43 28
43 35
43 37
43 38
43 45
43 54
43 62
43 69
43 74
43 80
43 85
43 88
43 101
43 115
43 130
43 131
44 5
44 8
44 39
44 57
44 64
44 81
44 149
44 154
45 0
45 23
45 28
45 35
45 37
45 38
45 41
45 43
45 54
45 62
45 69
45 74
45 80
45 85
45 97
45 101
45 113
45 115
45 119
45 130
45 131
45 138
45 151
46 0
46 28
46 39
46 59
46 63
46 76
46 81
46 83
46 100
46 123
46 128
46 131
46 133
46 142
46 146
46 149
46 157
47 17
47 26
47 36
47 52
47 53
47 61
47 71
47 86
47 87
47 89
47 102
47 125
47 127
47 145
47 158
47 159
48 5
48 6
48 9
48 18
48 39
48 51
48 57
48 59
48 93
48 103
48 128
48 133
48 135
48 154
49 32
49 33
49 40
49 42
49 73
49 79
49 90
49 99
49 114
49 121
49 126
49 140
49 156
50 7
50 10
50 12
50 21
50 55
50 68
50 72
50 84
50 96
50 105
50 108
50 118
50 122
50 129
50 139
50 143
50 152
50 153
51 6
51 9
51 18
51 48
51 53
51 59
51 60
51 78
51 83
51 93
51 128
51 133
51 135
52 24
52 26
52 36
52 41
52 47
52 53
52 61
52 71
52 76
52 86
52 87
52 89
52 102
52 115
52 119
52 127
52 138
52 145
52 151
52 155
52 158
52 159
53 17
53 26
53 36
53 47
53 51
53 52
53 71
53 76
53 78
53 83
53 86
53 87
53 89
53 102
53 127
53 138
53 145
54 0
54 23
54 28
54 35
54 37
54 43
54 45
54 62
54 85
54 88
54 107
54 123
54 130
54 131
55 10
55 12
55 30
55 34
55 50
55 68
55 72
55 94
55 96
55 105
55 108
55 118
55 122
55 129
55 139
55 152
55 153
56 13
56 65
56 67
56 111
56 147
56 158
56 159
57 5
57 6
57 9
57 18
57 39
57 44
57 48
57 59
57 93
57 103
57 128
57 133
57 135
57 154
58 16
58 20
58 22
58 24
58 31
58 67
58 77
58 92
58 95
58 97
58 109
58 117
58 132
59 5
59 9
59 18
59 39
59 46
59 48
59 51
59 57
59 63
59 78
59 81
59 83
59 93
59 128
59 133
59 135
59 154
59 157
60 6
60 9
60 51
60 78
60 135
61 22
61 24
61 26
61 36
61 47
61 52
61 67
61 71
61 86
61 87
61 89
61 111
61 119
61 125
61 127
61 145
61 147
61 151
61 155
61 158
61 159
62 0
62 1
62 3
62 23
62 28
62 35
62 37
62 38
62 43
62 45
62 54
62 66
62 74
62 85
62 88
62 107
62 130
62 131
63 5
63 39
63 46
63 59
63 76
63 81
63 83
63 93
63 100
63 123
63 128
63 133
63 142
63 146
63 149
63 154
63 157
64 2
64 8
64 11
64 39
64 44
64 70
64 75
64 81
64 112
64 116
64 124
64 134
64 149
65 13
65 56
65 67
65 111
65 147
66 1
66 3
66 21
66 27
66 62
66 73
66 79
66 82
66 84
66 107
66 114
66 120
66 143
66 144
66 148
66 156
67 13
67 20
67 22
67 24
67 31
67 56
67 58
67 61
67 65
67 95
67 111
67 147
67 155
67 159
68 7
68 10
68 12
68 21
68 50
68 55
68 72
68 84
68 96
68 122
68 129
68 139
68 143
68 152
69 0
69 16
69 23
69 28
69 35
69 37
69 38
69 41
69 43
69 45
69 74
69 77
69 80
69 85
69 89
69 97
69 101
69 113
69 115
69 119
69 130
69 131
69 132
69 137
69 138
69 151
69 155
70 2
70 11
70 14
70 19
70 34
70 64
70 75
70 94
70 98
70 105
70 108
70 110
70 112
70 116
70 118
70 123
70 124
70 134
70 139
70 146
70 150
70 153
71 24
71 26
71 36
71 47
71 52
71 53
71 61
71 76
71 86
71 87
71 89
71 102
71 115
71 119
71 125
71 127
71 138
71 145
71 155
71 158
71 159
72 10
72 12
72 30
72 34
72 50
72 55
72 68
72 94
72 96
72 98
72 105
72 108
72 110
72 118
72 122
72 129
72 139
72 150
72 152
72 153
73 1
73 3
73 32
73 33
73 40
73 42
73 49
73 66
73 79
73 82
73 90
73 99
73 106
73 107
73 113
73 114
73 121
73 126
73 136
73 140
73 156
74 0
74 4
74 16
74 23
74 28
74 35
74 37
74 38
74 41
74 42
74 43
74 45
74 62
74 69
74 77
74 79
74 80
74 85
74 97
74 101
74 106
74 113
74 115
74 119
74 130
74 131
74 132
74 136
74 137
74 151
75 2
75 8
75 11
75 14
75 19
75 64
75 70
75 112
75 116
75 124
75 134
75 149
76 36
76 46
76 52
76 53
76 63
76 71
76 78
76 83
76 87
76 89
76 100
76 115
76 128
76 133
76 138
76 157
77 4
77 16
77 22
77 23
77 25
77 31
77 32
77 38
77 41
77 42
77 58
77 69
77 74
77 79
77 80
77 92
77 97
77 99
77 101
77 106
77 109
77 113
77 117
77 119
77 130
77 132
77 136
77 137
77 151
78 6
78 17
78 18
78 51
78 53
78 59
78 60
78 76
78 83
78 87
78 93
78 102
78 128
78 133
78 135
79 1
79 3
79 4
79 23
79 25
79 32
79 37
79 38
79 40
79 42
79 49
79 66
79 73
79 74
79 77
79 80
79 90
79 99
79 106
79 107
79 113
79 114
79 121
79 126
79 136
79 137
79 140
79 156
80 1
80 4
80 16
80 23
80 25
80 31
80 32
80 37
80 38
80 41
80 42
80 43
80 45
80 69
80 74
80 77
80 79
80 85
80 97
80 99
80 101
80 106
80 113
80 117
80 119
80 130
80 132
80 136
80 137
80 151
81 2
81 5
81 8
81 39
81 44
81 46
81 59
81 63
81 64
81 123
81 124
81 128
81 133
81 142
81 146
81 149
81 154
82 1
82 3
82 21
82 27
82 66
82 73
82 84
82 107
82 114
82 120
82 143
82 144
82 148
82 156
83 5
83 18
83 39
83 46
83 51
83 53
83 59
83 63
83 76
83 78
83 93
83 100
83 128
83 133
83 135
83 157
84 3
84 7
84 10
84 21
84 27
84 50
84 66
84 68
84 82
84 96
84 107
84 120
84 122
84 129
84 143
84 144
84 148
84 152
85 0
85 23
85 28
85 35
85 37
85 38
85 41
85 43
85 45
85 54
85 62
85 69
85 74
85 80
85 88
85 101
85 115
85 130
85 131
86 17
86 26
86 36
86 47
86 52
86 53
86 61
86 71
86 87
86 102
86 125
86 127
86 145
86 158
86 159
87 17
87 26
87 36
87 47
87 52
87 53
87 61
87 71
87 76
87 78
87 86
87 89
87 102
87 125
87 127
87 138
87 145
88 0
88 3
88 23
88 28
88 35
88 37
88 43
88 54
88 62
88 85
88 107
88 131
88 143
88 152
89 22
89 24
89 36
89 41
89 47
89 52
89 53
89 61
89 69
89 71
89 76
89 87
89 115
89 119
89 127
89 138
89 145
89 151
89 155
89 158
89 159
90 25
90 32
90 33
90 40
90 42
90 49
90 73
90 79
90 99
90 114
90 121
90 126
90 136
90 140
91 29
91 33
91 114
91 120
91 156
92 4
92 16
92 25
92 31
92 58
92 77
92 95
92 109
92 117
92 132
93 5
93 6
93 9
93 18
93 39
93 48
93 51
93 57
93 59
93 63
93 78
93 83
93 103
93 128
93 133
93 135
93 154
94 12
94 14
94 15
94 30
94 34
94 55
94 70
94 72
94 98
94 104
94 105
94 108
94 110
94 118
94 122
94 139
94 141
94 150
94 153
95 20
95 31
95 58
95 67
95 92
95 109
95 117
96 7
96 10
96 21
96 50
96 55
96 68
96 72
96 84
96 108
96 118
96 122
96 129
96 139
96 143
96 148
96 152
96 153
97 4
97 16
97 22
97 24
97 31
97 38
97 41
97 45
97 58
97 69
97 74
97 77
97 80
97 101
97 113
97 115
97 117
97 119
97 130
97 132
97 137
97 151
97 155
98 11
98 12
98 14
98 15
98 19
98 30
98 34
98 70
98 72
98 94
98 104
98 105
98 108
98 110
98 112
98 118
98 141
98 150
98 153
99 1
99 3
99 4
99 25
99 32
99 38
99 40
99 42
99 49
99 73
99 77
99 79
99 80
99 90
99 106
99 113
99 114
99 117
99 121
99 126
99 136
99 137
99 140
99 156
100 0
100 28
100 46
100 63
100 76
100 83
100 115
100 128
100 131
100 133
100 138
100 142
100 157
101 4
101 16
101 22
101 23
101 24
101 28
101 31
101 37
101 38
101 41
101 43
101 45
101 69
101 74
101 77
101 80
101 85
101 97
101 106
101 113
101 115
101 119
101 130
101 131
101 132
101 137
101 151
101 155
102 17
102 26
102 36
102 47
102 52
102 53
102 71
102 78
102 86
102 87
102 125
102 127
102 145
102 158
102 159
103 6
103 9
103 18
103 48
103 57
103 93
103 135
104 12
104 15
104 19
104 30
104 34
104 94
104 98
104 141
105 12
105 14
105 19
105 30
105 34
105 50
105 55
105 70
105 72
105 94
105 98
105 108
105 110
105 112
105 118
105 122
105 139
105 150
105 153
106 1
106 4
106 16
106 23
106 25
106 32
106 37
106 38
106 40
106 42
106 73
106 74
106 77
106 79
106 80
106 99
106 101
106 113
106 114
106 117
106 121
106 126
106 130
106 132
106 136
106 137
106 140
107 1
107 3
107 23
107 27
107 35
107 37
107 54
107 62
107 66
107 73
107 79
107 82
107 84
107 88
107 114
107 136
107 143
107 148
107 156
108 10
108 12
108 14
108 30
108 34
108 50
108 55
108 70
108 72
108 94
108 96
108 98
108 105
108 110
108 112
108 118
108 122
108 139
108 150
108 152
108 153
109 4
109 16
109 25
109 31
109 58
109 77
109 92
109 95
109 117
109 132
109 137
110 2
110 11
110 12
110 14
110 19
110 34
110 70
110 72
110 94
110 98
110 105
110 108
110 112
110 118
110 124
110 134
110 139
110 150
110 153
111 13
111 20
111 22
111 24
111 31
111 56
111 61
111 65
111 67
111 147
111 155
111 158
111 159
112 2
112 8
112 11
112 14
112 19
112 34
112 64
112 70
112 75
112 98
112 105
112 108
112 110
112 116
112 118
112 123
112 124
112 134
112 146
112 149
112 150
112 153
113 1
113 4
113 16
113 23
113 25
113 32
113 37
113 38
113 41
113 42
113 45
113 69
113 73
113 74
113 77
113 79
113 80
113 97
113 99
113 101
113 106
113 117
113 121
113 130
113 132
113 136
113 137
114 1
114 3
114 32
114 33
114 40
114 42
114 49
114 66
114 73
114 79
114 82
114 90
114 91
114 99
114 106
114 107
114 121
114 126
114 136
114 140
114 156
115 0
115 24
115 28
115 41
115 43
115 45
115 52
115 69
115 71
115 74
115 76
115 85
115 89
115 97
115 100
115 101
115 119
115 130
115 131
115 138
115 151
115 155
115 157
116 2
116 8
116 11
116 14
116 19
116 64
116 70
116 75
116 112
116 124
116 134
116 149
117 4
117 16
117 25
117 31
117 32
117 38
117 42
117 58
117 77
117 80
117 92
117 95
117 97
117 99
117 106
117 109
117 113
117 121
117 132
117 136
117 137
118 10
118 12
118 14
118 30
118 34
118 50
118 55
118 70
118 72
118 94
118 96
118 98
118 105
118 108
118 110
118 112
118 122
118 139
118 150
118 152
118 153
119 16
119 22
119 24
119 31
119 41
119 45
119 52
119 61
119 69
119 71
119 74
119 77
119 80
119 89
119 97
119 101
119 115
119 130
119 132
119 138
119 151
119 155
120 21
120 27
120 66
120 82
120 84
120 91
120 143
120 144
120 148
120 156
121 1
121 4
121 25
121 32
121 33
121 40
121 42
121 49
121 73
121 79
121 90
121 99
121 106
121 113
121 114
121 117
121 126
121 136
121 137
121 140
121 156
122 7
122 10
122 12
122 21
122 30
122 34
122 50
122 55
122 68
122 72
122 84
122 94
122 96
122 105
122 108
122 118
122 129
122 139
122 143
122 152
122 153
123 0
123 2
123 46
123 54
123 63
123 70
123 81
123 112
123 124
123 142
123 146
123 149
123 150
124 2
124 8
124 11
124 14
124 39
124 64
124 70
124 75
124 81
124 110
124 112
124 116
124 123
124 134
124 142
124 146
124 149
124 150
125 17
125 26
125 36
125 47
125 61
125 71
125 86
125 87
125 102
125 127
125 145
125 147
125 158
125 159
126 1
126 32
126 33
126 40
126 42
126 49
126 73
126 79
126 90
126 99
126 106
126 114
126 121
126 136
126 140
126 156
127 17
127 26
127 36
127 47
127 52
127 53
127 61
127 71
127 86
127 87
127 89
127 102
127 125
127 145
127 158
127 159
128 5
128 9
128 18
128 39
128 46
128 48
128 51
128 57
128 59
128 63
128 76
128 78
128 81
128 83
128 93
128 100
128 133
128 135
128 154
128 157
129 7
129 10
129 21
129 50
129 55
129 68
129 72
129 84
129 96
129 122
129 139
129 143
129 144
129 148
129 152
130 0
130 16
130 23
130 28
130 35
130 37
130 38
130 41
130 43
130 45
130 54
130 62
130 69
130 74
130 77
130 80
130 85
130 97
130 101
130 106
130 113
130 115
130 119
130 131
130 132
130 137
130 151
131 0
131 23
131 28
131 35
131 37
131 41
131 43
131 45
131 46
131 54
131 62
131 69
131 74
131 85
131 88
131 100
131 101
131 115
131 130
131 157
132 4
132 16
132 22
132 24
132 25
132 31
132 38
132 41
132 42
132 58
132 69
132 74
132 77
132 80
132 92
132 97
132 101
132 106
132 109
132 113
132 117
132 119
132 130
132 136
132 137
132 151
133 5
133 18
133 39
133 46
133 48
133 51
133 57
133 59
133 63
133 76
133 78
133 81
133 83
133 93
133 100
133 128
133 135
133 142
133 154
133 157
134 2
134 8
134 11
134 14
134 19
134 64
134 70
134 75
134 110
134 112
134 116
134 124
134 149
134 150
135 5
135 6
135 9
135 18
135 48
135 51
135 57
135 59
135 60
135 78
135 83
135 93
135 103
135 128
135 133
135 154
136 1
136 3
136 4
136 16
136 23
136 25
136 32
136 37
136 38
136 40
136 42
136 73
136 74
136 77
136 79
136 80
136 90
136 99
136 106
136 107
136 113
136 114
136 117
136 121
136 126
136 132
136 137
136 140
136 156
137 1
137 4
137 16
137 23
137 25
137 31
137 32
137 37
137 38
137 41
137 42
137 69
137 74
137 77
137 79
137 80
137 97
137 99
137 101
137 106
137 109
137 113
137 117
137 121
137 130
137 132
137 136
137 151
138 28
138 36
138 45
138 52
138 53
138 69
138 71
138 76
138 87
138 89
138 100
138 115
138 119
138 155
138 157
139 7
139 10
139 12
139 34
139 50
139 55
139 68
139 70
139 72
139 94
139 96
139 105
139 108
139 110
139 118
139 122
139 129
139 143
139 150
139 152
139 153
140 1
140 25
140 32
140 33
140 40
140 42
140 49
140 73
140 79
140 90
140 99
140 106
140 114
140 121
140 126
140 136
140 156
141 12
141 15
141 19
141 30
141 34
141 94
141 98
141 104
142 2
142 5
142 8
142 39
142 46
142 63
142 81
142 100
142 123
142 124
142 133
142 146
142 149
142 157
143 3
143 7
143 10
143 21
143 27
143 50
143 66
143 68
143 82
143 84
143 88
143 96
143 107
143 120
143 122
143 129
143 139
143 144
143 148
143 152
144 7
144 21
144 27
144 66
144 82
144 84
144 120
144 129
144 143
144 148
145 17
145 26
145 36
145 47
145 52
145 53
145 61
145 71
145 86
145 87
145 89
145 102
145 125
145 127
145 147
145 155
145 158
145 159
146 2
146 39
146 46
146 63
146 70
146 81
146 112
146 123
146 124
146 142
146 149
146 150
147 13
147 24
147 36
147 56
147 61
147 65
147 67
147 111
147 125
147 145
147 155
147 158
147 159
148 3
148 7
148 21
148 27
148 66
148 82
148 84
148 96
148 107
148 120
148 129
148 143
148 144
148 156
149 2
149 5
149 8
149 11
149 39
149 44
149 46
149 63
149 64
149 75
149 81
149 112
149 116
149 123
149 124
149 134
149 142
149 146
149 154
150 2
150 11
150 14
150 19
150 34
150 70
150 72
150 94
150 98
150 105
150 108
150 110
150 112
150 118
150 123
150 124
150 134
150 139
150 146
150 153
151 16
151 22
151 24
151 31
151 38
151 41
151 45
151 52
151 61
151 69
151 74
151 77
151 80
151 89
151 97
151 101
151 115
151 119
151 130
151 132
151 137
151 155
152 7
152 10
152 21
152 50
152 55
152 68
152 72
152 84
152 88
152 96
152 108
152 118
152 122
152 129
152 139
152 143
152 153
153 10
153 12
153 14
153 30
153 34
153 50
153 55
153 70
153 72
153 94
153 96
153 98
153 105
153 108
153 110
153 112
153 118
153 122
153 139
153 150
153 152
154 5
154 8
154 9
154 18
154 39
154 44
154 48
154 57
154 59
154 63
154 81
154 93
154 128
154 133
154 135
154 149
155 22
155 24
155 31
155 36
155 41
155 52
155 61
155 67
155 69
155 71
155 89
155 97
155 101
155 111
155 115
155 119
155 138
155 145
155 147
155 151
155 158
155 159
156 1
156 3
156 27
156 29
156 32
156 33
156 40
156 49
156 66
156 73
156 79
156 82
156 91
156 99
156 107
156 114
156 120
156 121
156 126
156 136
156 140
156 148
157 0
157 28
157 46
157 59
157 63
157 76
157 83
157 100
157 115
157 128
157 131
157 133
157 138
157 142
158 26
158 36
158 47
158 52
158 56
158 61
158 71
158 86
158 89
158 102
158 111
158 125
158 127
158 145
158 147
158 155
158 159
159 26
159 36
159 47
159 52
159 56
159 61
159 67
159 71
159 86
159 89
159 102
159 111
159 125
159 127
159 145
159 147
159 155
159 158
