4
2 1
190
0 50.000000 50.000000 10 99999999 4
1 18.979917 5.638583 10 149 4
2 5.563816 94.218683 10 108 5
3 80.762385 45.310643 10 134 5
4 88.645185 48.780389 10 109 2
5 78.467001 51.523506 10 100 3
6 10.737343 57.718133 10 119 4
7 72.097182 49.996673 10 115 1
8 78.855956 66.219026 10 103 3
9 54.216877 87.624671 10 111 3
10 32.056759 56.673509 10 130 3
11 81.787373 61.523053 10 139 5
12 45.309713 79.696388 10 128 4
13 8.668196 37.351960 10 121 2
14 4.803074 10.386369 10 122 3
15 18.213730 0.045589 10 141 1
16 48.592360 96.934379 10 105 4
17 32.958312 93.313711 10 111 3
18 80.114102 4.127908 10 121 4
19 19.112404 59.352926 10 116 3
20 96.264234 17.346683 10 101 1
21 46.834337 13.113052 10 104 2
22 38.144101 15.341042 10 135 2
23 65.443972 73.485166 10 140 4
24 29.565790 27.739899 10 111 3
25 65.043728 79.691496 10 111 4
26 52.125473 79.747180 10 142 4
27 55.685407 33.280489 10 124 3
28 74.659241 51.499017 10 125 1
29 40.054771 85.837507 10 132 2
30 18.155599 13.707458 10 140 2
31 7.295552 32.179252 10 138 4
32 52.446487 53.876786 10 127 5
33 63.606735 31.653757 10 124 3
34 66.127418 34.783151 10 130 4
35 5.504387 37.474492 10 101 3
36 29.258361 51.156081 10 135 2
37 64.280868 7.033889 10 102 3
38 6.994154 80.301826 10 131 2
39 37.175662 51.649137 10 101 4
40 67.560252 91.287282 10 105 3
41 26.337170 48.156132 10 101 3
42 2.704342 49.369475 10 120 2
43 51.508034 12.607661 10 105 4
44 56.407128 98.478191 10 123 4
45 23.742708 12.971279 10 116 4
46 53.765717 95.789923 10 112 1
47 86.068220 89.635346 10 113 4
48 88.027511 94.962694 10 135 4
49 73.510959 80.736250 10 128 1
50 82.506855 36.040686 10 103 1
51 92.170302 80.341379 10 101 3
52 64.088801 57.785507 10 139 3
53 9.532649 43.842783 10 129 3
54 32.014850 83.281208 10 133 4
55 75.556685 75.372066 10 119 3
56 63.235697 70.512180 10 109 5
57 88.953510 67.791581 10 120 4
58 88.549085 14.734638 10 117 2
59 23.694977 64.681963 10 147 2
60 80.870001 63.512943 10 143 3
61 21.011688 52.802807 10 143 5
62 15.203889 82.678078 10 105 5
63 3.927188 33.267964 10 144 1
64 35.103072 54.903386 10 112 3
65 85.765946 78.464415 10 119 1
66 81.591904 42.317231 10 126 2
67 47.026367 11.877492 10 111 5
68 20.291407 54.833027 10 129 3
69 25.293884 12.704313 10 116 1
70 3.622892 54.737164 10 134 2
71 19.689096 67.136641 10 124 1
72 63.585014 25.251154 10 125 5
73 76.504175 45.044532 10 148 5
74 11.536690 20.182322 10 141 5
75 73.441250 66.667123 10 115 5
76 98.409865 93.118285 10 148 2
77 84.439407 67.147343 10 144 2
78 4.157524 97.450700 10 130 4
79 64.836627 32.030617 10 130 3
80 44.814589 92.801269 10 119 1
81 46.452048 78.433089 10 103 3
82 32.477414 55.344578 10 140 3
83 2.003554 19.910049 10 126 3
84 60.715205 93.525789 10 120 4
85 27.485813 14.133498 10 132 2
86 32.720410 8.635556 10 119 5
87 44.769032 7.094550 10 114 3
88 81.921343 82.602116 10 113 1
89 73.595896 92.252767 10 113 1
90 79.342456 21.964146 10 133 2
91 65.903775 94.091488 10 143 1
92 9.528216 21.371766 10 147 4
93 51.189120 20.609066 10 112 3
94 26.209045 61.995506 10 141 3
95 93.782635 17.685256 10 147 5
96 38.022200 12.915187 10 125 4
97 47.366601 63.930217 10 141 3
98 17.690092 42.308397 10 147 2
99 46.601066 3.794726 10 136 4
100 0.885939 64.145295 10 142 5
101 37.311752 25.794482 10 132 5
102 74.178216 16.656725 10 100 2
103 99.947529 58.450148 10 128 5
104 28.153739 87.134354 10 147 1
105 76.606902 3.988022 10 144 1
106 44.769681 89.371011 10 135 3
107 84.801391 74.972878 10 139 3
108 15.953565 59.994047 10 134 2
109 56.450067 53.225429 10 103 4
110 45.380508 3.183325 10 126 4
111 26.966552 86.183956 10 135 1
112 6.639717 95.245864 10 112 3
113 85.662318 89.470861 10 115 3
114 5.707706 44.955257 10 107 3
115 90.997364 72.841381 10 145 5
116 43.334845 72.401721 10 114 2
117 80.991094 48.619336 10 101 5
118 81.725434 40.810898 10 149 4
119 83.611177 83.056059 10 116 4
120 78.178721 33.821725 10 134 5
121 26.908875 58.869713 10 128 2
122 44.998383 55.782013 10 113 3
123 68.987759 48.498939 10 132 5
124 30.830865 24.185315 10 147 4
125 16.241290 71.601883 10 111 2
126 48.944546 30.225872 10 146 3
127 77.474576 85.060956 10 108 3
128 99.089470 38.201801 10 132 3
129 32.392962 17.685626 10 146 4
130 72.796717 30.485974 10 118 2
131 25.538574 84.875874 10 132 1
132 2.853641 66.133527 10 126 2
133 88.294615 35.943438 10 138 2
134 8.859288 34.442666 10 129 5
135 18.254163 70.315740 10 131 2
136 73.369743 48.891694 10 139 5
137 82.412918 80.022263 10 101 1
138 32.793371 60.839468 10 113 5
139 96.435927 85.374880 10 121 2
140 16.175045 51.867758 10 0 5
141 81.632674 61.699065 10 0 4
142 83.289961 68.914850 10 0 2
143 88.844007 59.701105 10 0 1
144 8.556359 35.227298 10 0 5
145 18.496891 79.051820 10 0 1
146 21.625177 7.505791 10 0 1
147 74.717585 61.998302 10 0 1
148 66.740962 33.307607 10 0 4
149 36.055904 66.152368 10 0 4
150 33.096519 24.167104 10 0 5
151 60.972101 2.468150 10 0 2
152 42.644888 6.328079 10 0 4
153 98.058646 65.355168 10 0 1
154 42.024420 36.865234 10 0 5
155 7.152850 49.656508 10 0 5
156 37.216919 98.334243 10 0 3
157 38.769909 32.919573 10 0 4
158 26.080326 63.972758 10 0 1
159 15.785533 78.687121 10 0 3
160 18.010199 18.163614 10 0 5
161 21.213625 46.031452 10 0 5
162 56.089520 45.869357 10 0 3
163 68.177242 34.495567 10 0 1
164 69.058572 80.841923 10 0 3
165 32.053803 39.027493 10 0 4
166 46.578100 58.117062 10 0 5
167 77.741065 51.124969 10 0 2
168 96.033668 94.592181 10 0 4
169 66.588947 87.963278 10 0 5
170 13.537317 35.438441 10 0 3
171 81.305827 84.605860 10 0 3
172 25.705477 83.493797 10 0 3
173 66.767212 0.789208 10 0 5
174 92.043035 63.925504 10 0 5
175 24.058374 80.552095 10 0 4
176 70.929377 58.909263 10 0 2
177 37.518023 5.096245 10 0 1
178 67.947728 55.183056 10 0 4
179 11.312162 35.134230 10 0 3
180 45.553017 58.146187 10 0 4
181 76.086239 3.966256 10 0 4
182 21.058451 40.513427 10 0 1
183 40.395366 92.538287 10 0 4
184 27.108804 46.660149 10 0 1
185 32.977670 38.136682 10 0 4
186 78.305552 71.076398 10 0 4
187 89.722926 27.689255 10 0 2
188 93.266490 91.984418 10 0 3
189 12.791565 2.893368 10 0 3
4002
0 10
0 27
0 32
0 39
0 52
0 64
0 82
0 97
0 109
0 122
0 123
0 126
0 154
0 162
0 166
0 178
0 180
1 14
1 15
1 30
1 45
1 69
1 74
1 85
1 86
1 92
1 129
1 146
1 160
1 177
1 189
2 38
2 62
2 78
2 112
2 145
2 159
3 4
3 5
3 7
3 11
3 28
3 34
3 50
3 60
3 66
3 73
3 117
3 118
3 120
3 123
3 128
3 130
3 133
3 136
3 141
3 143
3 147
3 148
3 163
3 167
3 176
3 178
3 187
4 3
4 5
4 7
4 8
4 11
4 28
4 50
4 57
4 60
4 66
4 73
4 77
4 103
4 117
4 118
4 120
4 123
4 128
4 133
4 136
4 141
4 143
4 147
4 153
4 167
4 174
5 3
5 4
5 7
5 8
5 11
5 28
5 50
5 52
5 57
5 60
5 66
5 73
5 75
5 77
5 117
5 118
5 120
5 123
5 133
5 136
5 141
5 142
5 143
5 147
5 163
5 167
5 174
5 176
5 178
5 186
6 19
6 36
6 41
6 42
6 53
6 59
6 61
6 68
6 70
6 71
6 94
6 98
6 100
6 108
6 114
6 121
6 125
6 132
6 135
6 140
6 155
6 158
6 161
6 184
7 3
7 4
7 5
7 8
7 11
7 28
7 34
7 50
7 52
7 60
7 66
7 73
7 75
7 79
7 109
7 117
7 118
7 120
7 123
7 130
7 136
7 141
7 143
7 147
7 148
7 162
7 163
7 167
7 176
7 178
8 4
8 5
8 7
8 11
8 23
8 25
8 28
8 49
8 51
8 52
8 55
8 56
8 57
8 60
8 65
8 75
8 77
8 88
8 107
8 115
8 117
8 119
8 127
8 136
8 137
8 141
8 142
8 143
8 147
8 153
8 164
8 167
8 171
8 174
8 176
8 178
8 186
9 12
9 16
9 23
9 25
9 26
9 29
9 40
9 44
9 46
9 56
9 80
9 81
9 84
9 89
9 91
9 106
9 116
9 164
9 169
9 183
10 0
10 19
10 36
10 39
10 41
10 59
10 61
10 64
10 68
10 71
10 82
10 94
10 97
10 108
10 116
10 121
10 122
10 135
10 138
10 140
10 149
10 158
10 161
10 165
10 166
10 180
10 182
10 184
10 185
11 3
11 4
11 5
11 7
11 8
11 28
11 52
11 55
11 57
11 60
11 65
11 66
11 73
11 75
11 77
11 103
11 107
11 115
11 117
11 123
11 136
11 137
11 141
11 142
11 143
11 147
11 153
11 167
11 174
11 176
11 178
11 186
12 9
12 16
12 17
12 25
12 26
12 29
12 46
12 54
12 80
12 81
12 97
12 104
12 106
12 111
12 116
12 149
12 172
12 183
13 31
13 35
13 42
13 53
13 61
13 63
13 70
13 74
13 83
13 92
13 98
13 114
13 134
13 140
13 144
13 155
13 161
13 170
13 179
13 182
14 1
14 15
14 30
14 45
14 74
14 83
14 92
14 146
14 160
14 189
15 1
15 14
15 30
15 45
15 69
15 85
15 86
15 146
15 160
15 177
15 189
16 9
16 12
16 17
16 26
16 29
16 40
16 44
16 46
16 80
16 81
16 84
16 91
16 106
16 156
16 183
17 12
17 16
17 29
17 54
17 80
17 104
17 106
17 111
17 131
17 156
17 172
17 175
17 183
18 37
18 58
18 90
18 95
18 102
18 105
18 151
18 173
18 181
19 6
19 10
19 36
19 39
19 41
19 42
19 53
19 59
19 61
19 64
19 68
19 70
19 71
19 82
19 94
19 98
19 100
19 108
19 114
19 121
19 125
19 132
19 135
19 138
19 140
19 145
19 149
19 155
19 158
19 159
19 161
19 182
19 184
20 58
20 90
20 95
20 187
21 22
21 37
21 43
21 67
21 85
21 86
21 87
21 93
21 96
21 99
21 101
21 110
21 124
21 126
21 129
21 150
21 151
21 152
21 177
22 21
22 24
22 43
22 45
22 67
22 69
22 85
22 86
22 87
22 93
22 96
22 99
22 101
22 110
22 124
22 126
22 129
22 146
22 150
22 152
22 157
22 177
23 8
23 9
23 25
23 26
23 40
23 49
23 52
23 55
23 56
23 60
23 75
23 81
23 88
23 107
23 127
23 137
23 142
23 147
23 164
23 169
23 171
23 176
23 178
23 186
24 22
24 30
24 45
24 69
24 74
24 85
24 86
24 96
24 98
24 101
24 124
24 126
24 129
24 150
24 154
24 157
24 160
24 165
24 170
24 179
24 182
24 184
24 185
25 8
25 9
25 12
25 23
25 26
25 40
25 46
25 49
25 55
25 56
25 75
25 81
25 84
25 88
25 89
25 91
25 119
25 127
25 137
25 164
25 169
25 171
25 186
26 9
26 12
26 16
26 23
26 25
26 29
26 40
26 44
26 46
26 56
26 80
26 81
26 84
26 91
26 97
26 106
26 116
26 164
26 169
26 183
27 0
27 33
27 34
27 72
27 79
27 93
27 101
27 109
27 126
27 130
27 148
27 154
27 157
27 162
27 163
28 3
28 4
28 5
28 7
28 8
28 11
28 34
28 50
28 52
28 60
28 66
28 73
28 75
28 77
28 109
28 117
28 118
28 120
28 123
28 136
28 141
28 142
28 143
28 147
28 148
28 162
28 163
28 167
28 176
28 178
28 186
29 9
29 12
29 16
29 17
29 26
29 46
29 54
29 80
29 81
29 104
29 106
29 111
29 116
29 131
29 156
29 172
29 175
29 183
30 1
30 14
30 15
30 24
30 45
30 69
30 74
30 83
30 85
30 86
30 92
30 96
30 124
30 129
30 146
30 150
30 160
30 189
31 13
31 35
31 42
31 53
31 63
31 74
31 83
31 92
31 98
31 114
31 134
31 144
31 155
31 160
31 161
31 170
31 179
31 182
32 0
32 39
32 52
32 56
32 64
32 97
32 109
32 122
32 123
32 154
32 162
32 166
32 176
32 178
32 180
33 27
33 34
33 50
33 72
33 73
33 79
33 90
33 93
33 102
33 120
33 123
33 126
33 130
33 136
33 148
33 162
33 163
34 3
34 7
34 27
34 28
34 33
34 50
34 66
34 72
34 73
34 79
34 90
34 102
34 118
34 120
34 123
34 126
34 130
34 136
34 148
34 162
34 163
35 13
35 31
35 42
35 53
35 63
35 70
35 74
35 83
35 92
35 98
35 114
35 134
35 140
35 144
35 155
35 161
35 170
35 179
35 182
36 6
36 10
36 19
36 39
36 41
36 59
36 61
36 64
36 68
36 71
36 82
36 94
36 98
36 108
36 121
36 122
36 138
36 140
36 149
36 154
36 158
36 161
36 165
36 166
36 180
36 182
36 184
36 185
37 18
37 21
37 43
37 67
37 72
37 87
37 93
37 99
37 102
37 105
37 110
37 151
37 173
37 181
38 2
38 62
38 71
38 78
38 100
38 112
38 125
38 131
38 132
38 135
38 145
38 159
38 172
38 175
39 0
39 10
39 19
39 32
39 36
39 41
39 59
39 61
39 64
39 68
39 82
39 94
39 97
39 109
39 121
39 122
39 138
39 149
39 154
39 157
39 158
39 161
39 162
39 165
39 166
39 180
39 182
39 184
39 185
40 9
40 16
40 23
40 25
40 26
40 44
40 46
40 47
40 49
40 55
40 84
40 88
40 89
40 91
40 113
40 119
40 127
40 137
40 164
40 169
40 171
41 6
41 10
41 19
41 36
41 39
41 53
41 59
41 61
41 64
41 68
41 82
41 94
41 98
41 108
41 121
41 138
41 140
41 154
41 155
41 157
41 158
41 161
41 165
41 170
41 179
41 182
41 184
41 185
42 6
42 13
42 19
42 31
42 35
42 53
42 61
42 63
42 68
42 70
42 98
42 100
42 108
42 114
42 132
42 134
42 140
42 144
42 155
42 161
42 170
42 179
43 21
43 22
43 37
43 67
43 72
43 86
43 87
43 93
43 96
43 99
43 101
43 110
43 126
43 129
43 151
43 152
43 173
43 177
44 9
44 16
44 26
44 40
44 46
44 80
44 84
44 89
44 91
44 106
44 156
44 169
44 183
45 1
45 14
45 15
45 22
45 24
45 30
45 69
45 74
45 85
45 86
45 92
45 96
45 101
45 124
45 129
45 146
45 150
45 160
45 177
45 189
46 9
46 12
46 16
46 25
46 26
46 29
46 40
46 44
46 80
46 81
46 84
46 91
46 106
46 156
46 169
46 183
47 40
47 48
47 49
47 51
47 55
47 65
47 76
47 88
47 89
47 107
47 113
47 115
47 119
47 127
47 137
47 139
47 164
47 168
47 169
47 171
47 188
48 47
48 51
48 65
48 76
48 88
48 89
48 113
48 119
48 127
48 137
48 139
48 168
48 171
48 188
49 8
49 23
49 25
49 40
49 47
49 51
49 55
49 56
49 60
49 65
49 75
49 77
49 84
49 88
49 89
49 91
49 107
49 113
49 115
49 119
49 127
49 137
49 142
49 147
49 164
49 169
49 171
49 186
50 3
50 4
50 5
50 7
50 28
50 33
50 34
50 66
50 73
50 79
50 90
50 117
50 118
50 120
50 123
50 128
50 130
50 133
50 136
50 148
50 163
50 167
50 187
51 8
51 47
51 48
51 49
51 55
51 57
51 65
51 76
51 77
51 88
51 107
51 113
51 115
51 119
51 127
51 137
51 139
51 142
51 153
51 168
51 171
51 174
51 186
51 188
52 0
52 5
52 7
52 8
52 11
52 23
52 28
52 32
52 56
52 60
52 73
52 75
52 97
52 109
52 117
52 122
52 123
52 136
52 141
52 147
52 162
52 166
52 167
52 176
52 178
52 180
52 186
53 6
53 13
53 19
53 31
53 35
53 41
53 42
53 61
53 63
53 68
53 70
53 98
53 108
53 114
53 134
53 140
53 144
53 155
53 161
53 170
53 179
53 182
53 184
54 12
54 17
54 29
54 62
54 80
54 81
54 104
54 106
54 111
54 116
54 125
54 131
54 135
54 145
54 149
54 156
54 159
54 172
54 175
54 183
55 8
55 11
55 23
55 25
55 40
55 47
55 49
55 51
55 56
55 57
55 60
55 65
55 75
55 77
55 88
55 89
55 107
55 113
55 115
55 119
55 127
55 137
55 141
55 142
55 147
55 164
55 169
55 171
55 176
55 186
56 8
56 9
56 23
56 25
56 26
56 32
56 49
56 52
56 55
56 60
56 75
56 81
56 97
56 109
56 116
56 147
56 164
56 169
56 176
56 178
56 186
57 4
57 5
57 8
57 11
57 51
57 55
57 60
57 65
57 75
57 77
57 88
57 103
57 107
57 115
57 119
57 137
57 139
57 141
57 142
57 143
57 147
57 153
57 171
57 174
57 186
58 18
58 20
58 90
58 95
58 102
58 105
58 181
58 187
59 6
59 10
59 19
59 36
59 39
59 41
59 61
59 62
59 64
59 68
59 71
59 82
59 94
59 108
59 121
59 125
59 135
59 138
59 140
59 145
59 149
59 158
59 159
59 161
59 172
59 175
59 184
60 3
60 4
60 5
60 7
60 8
60 11
60 23
60 28
60 49
60 52
60 55
60 56
60 57
60 65
60 73
60 75
60 77
60 88
60 103
60 107
60 115
60 117
60 119
60 123
60 136
60 137
60 141
60 142
60 143
60 147
60 153
60 167
60 174
60 176
60 178
60 186
61 6
61 10
61 13
61 19
61 36
61 39
61 41
61 42
61 53
61 59
61 64
61 68
61 70
61 71
61 82
61 94
61 98
61 108
61 114
61 121
61 125
61 135
61 138
61 140
61 155
61 158
61 161
61 165
61 170
61 182
61 184
61 185
62 2
62 38
62 54
62 59
62 71
62 78
62 104
62 111
62 112
62 125
62 131
62 135
62 145
62 159
62 172
62 175
63 13
63 31
63 35
63 42
63 53
63 74
63 83
63 92
63 98
63 114
63 134
63 144
63 155
63 170
63 179
63 182
64 0
64 10
64 19
64 32
64 36
64 39
64 41
64 59
64 61
64 68
64 71
64 82
64 94
64 97
64 108
64 116
64 121
64 122
64 138
64 140
64 149
64 154
64 158
64 161
64 165
64 166
64 180
64 184
64 185
65 8
65 11
65 47
65 48
65 49
65 51
65 55
65 57
65 60
65 75
65 76
65 77
65 88
65 89
65 107
65 113
65 115
65 119
65 127
65 137
65 139
65 141
65 142
65 143
65 147
65 153
65 164
65 168
65 171
65 174
65 186
65 188
66 3
66 4
66 5
66 7
66 11
66 28
66 34
66 50
66 73
66 79
66 117
66 118
66 120
66 123
66 128
66 130
66 133
66 136
66 141
66 143
66 148
66 163
66 167
66 176
66 178
66 187
67 21
67 22
67 37
67 43
67 85
67 86
67 87
67 93
67 96
67 99
67 101
67 110
67 126
67 129
67 150
67 151
67 152
67 177
68 6
68 10
68 19
68 36
68 39
68 41
68 42
68 53
68 59
68 61
68 64
68 70
68 71
68 82
68 94
68 98
68 108
68 114
68 121
68 125
68 135
68 138
68 140
68 149
68 155
68 158
68 161
68 165
68 182
68 184
69 1
69 15
69 22
69 24
69 30
69 45
69 74
69 85
69 86
69 92
69 96
69 101
69 124
69 129
69 146
69 150
69 152
69 160
69 177
69 189
70 6
70 13
70 19
70 35
70 42
70 53
70 61
70 68
70 98
70 100
70 108
70 114
70 132
70 140
70 155
70 161
71 6
71 10
71 19
71 36
71 38
71 59
71 61
71 62
71 64
71 68
71 82
71 94
71 100
71 108
71 121
71 125
71 131
71 132
71 135
71 138
71 140
71 145
71 149
71 158
71 159
71 172
71 175
72 27
72 33
72 34
72 37
72 43
72 79
72 90
72 93
72 102
72 120
72 126
72 130
72 148
72 163
73 3
73 4
73 5
73 7
73 11
73 28
73 33
73 34
73 50
73 52
73 60
73 66
73 79
73 117
73 118
73 120
73 123
73 130
73 133
73 136
73 141
73 143
73 147
73 148
73 163
73 167
73 176
73 178
74 1
74 13
74 14
74 24
74 30
74 31
74 35
74 45
74 63
74 69
74 83
74 85
74 92
74 124
74 134
74 144
74 146
74 160
74 170
74 179
74 189
75 5
75 7
75 8
75 11
75 23
75 25
75 28
75 49
75 52
75 55
75 56
75 57
75 60
75 65
75 77
75 88
75 107
75 115
75 117
75 119
75 123
75 127
75 136
75 137
75 141
75 142
75 143
75 147
75 164
75 167
75 171
75 174
75 176
75 178
75 186
76 47
76 48
76 51
76 65
76 88
76 113
76 119
76 139
76 168
76 171
76 188
77 4
77 5
77 8
77 11
77 28
77 49
77 51
77 55
77 57
77 60
77 65
77 75
77 88
77 103
77 107
77 115
77 117
77 119
77 127
77 137
77 141
77 142
77 143
77 147
77 153
77 167
77 171
77 174
77 176
77 186
78 2
78 38
78 62
78 112
79 7
79 27
79 33
79 34
79 50
79 66
79 72
79 73
79 90
79 93
79 102
79 118
79 120
79 123
79 126
79 130
79 136
79 148
79 162
79 163
80 9
80 12
80 16
80 17
80 26
80 29
80 44
80 46
80 54
80 81
80 84
80 104
80 106
80 111
80 156
80 183
81 9
81 12
81 16
81 23
81 25
81 26
81 29
81 46
81 54
81 56
81 80
81 97
81 106
81 116
81 149
81 183
82 0
82 10
82 19
82 36
82 39
82 41
82 59
82 61
82 64
82 68
82 71
82 94
82 97
82 98
82 108
82 121
82 122
82 138
82 140
82 149
82 158
82 161
82 165
82 166
82 180
82 182
82 184
82 185
83 13
83 14
83 30
83 31
83 35
83 63
83 74
83 92
83 134
83 144
83 160
83 170
83 179
84 9
84 16
84 25
84 26
84 40
84 44
84 46
84 49
84 80
84 89
84 91
84 106
84 127
84 164
84 169
85 1
85 15
85 21
85 22
85 24
85 30
85 45
85 67
85 69
85 74
85 86
85 87
85 92
85 96
85 101
85 124
85 129
85 146
85 150
85 152
85 160
85 177
85 189
86 1
86 15
86 21
86 22
86 24
86 30
86 43
86 45
86 67
86 69
86 85
86 87
86 96
86 99
86 101
86 110
86 124
86 129
86 146
86 150
86 152
86 160
86 177
87 21
87 22
87 37
87 43
87 67
87 85
87 86
87 93
87 96
87 99
87 110
87 129
87 151
87 152
87 177
88 8
88 23
88 25
88 40
88 47
88 48
88 49
88 51
88 55
88 57
88 60
88 65
88 75
88 76
88 77
88 89
88 91
88 107
88 113
88 115
88 119
88 127
88 137
88 139
88 142
88 164
88 168
88 169
88 171
88 186
88 188
89 9
89 25
89 40
89 44
89 47
89 48
89 49
89 55
89 65
89 84
89 88
89 91
89 113
89 119
89 127
89 137
89 164
89 169
89 171
89 188
90 18
90 20
90 33
90 34
90 50
90 58
90 72
90 79
90 95
90 102
90 105
90 118
90 120
90 130
90 133
90 148
90 163
90 181
90 187
91 9
91 16
91 25
91 26
91 40
91 44
91 46
91 49
91 84
91 88
91 89
91 127
91 164
91 169
91 171
92 1
92 13
92 14
92 30
92 31
92 35
92 45
92 63
92 69
92 74
92 83
92 85
92 134
92 144
92 146
92 160
92 170
92 179
92 189
93 21
93 22
93 27
93 33
93 37
93 43
93 67
93 72
93 79
93 87
93 96
93 99
93 101
93 110
93 126
93 129
93 150
93 152
93 154
93 157
94 6
94 10
94 19
94 36
94 39
94 41
94 59
94 61
94 64
94 68
94 71
94 82
94 108
94 121
94 122
94 125
94 135
94 138
94 140
94 145
94 149
94 158
94 159
94 161
94 175
94 180
94 184
95 18
95 20
95 58
95 90
95 102
95 133
95 187
96 21
96 22
96 24
96 30
96 43
96 45
96 67
96 69
96 85
96 86
96 87
96 93
96 99
96 101
96 110
96 124
96 129
96 146
96 150
96 152
96 177
97 0
97 10
97 12
97 26
97 32
97 39
97 52
97 56
97 64
97 81
97 82
97 109
97 116
97 122
97 138
97 149
97 166
97 180
98 6
98 13
98 19
98 24
98 31
98 35
98 36
98 41
98 42
98 53
98 61
98 63
98 68
98 70
98 82
98 108
98 114
98 121
98 134
98 140
98 144
98 155
98 161
98 165
98 170
98 179
98 182
98 184
98 185
99 21
99 22
99 37
99 43
99 67
99 86
99 87
99 93
99 96
99 110
99 129
99 151
99 152
99 177
100 6
100 19
100 38
100 42
100 70
100 71
100 108
100 114
100 125
100 132
100 135
100 140
100 155
101 21
101 22
101 24
101 27
101 43
101 45
101 67
101 69
101 85
101 86
101 93
101 96
101 124
101 126
101 129
101 150
101 154
101 157
101 165
101 185
102 18
102 33
102 34
102 37
102 58
102 72
102 79
102 90
102 95
102 105
102 120
102 130
102 148
102 151
102 163
102 173
102 181
102 187
103 4
103 11
103 57
103 60
103 77
103 115
103 141
103 142
103 143
103 153
103 174
104 12
104 17
104 29
104 54
104 62
104 80
104 106
104 111
104 125
104 131
104 135
104 145
104 156
104 159
104 172
104 175
104 183
105 18
105 37
105 58
105 90
105 102
105 151
105 173
105 181
106 9
106 12
106 16
106 17
106 26
106 29
106 44
106 46
106 54
106 80
106 81
106 84
106 104
106 111
106 116
106 131
106 156
106 172
106 183
107 8
107 11
107 23
107 47
107 49
107 51
107 55
107 57
107 60
107 65
107 75
107 77
107 88
107 113
107 115
107 119
107 127
107 137
107 139
107 141
107 142
107 143
107 147
107 153
107 164
107 171
107 174
107 186
107 188
108 6
108 10
108 19
108 36
108 41
108 42
108 53
108 59
108 61
108 64
108 68
108 70
108 71
108 82
108 94
108 98
108 100
108 114
108 121
108 125
108 132
108 135
108 138
108 140
108 145
108 155
108 158
108 159
108 161
108 184
109 0
109 7
109 27
109 28
109 32
109 39
109 52
109 56
109 97
109 122
109 123
109 136
109 162
109 166
109 176
109 178
109 180
110 21
110 22
110 37
110 43
110 67
110 86
110 87
110 93
110 96
110 99
110 129
110 151
110 152
110 177
111 12
111 17
111 29
111 54
111 62
111 80
111 104
111 106
111 125
111 131
111 135
111 145
111 156
111 159
111 172
111 175
111 183
112 2
112 38
112 62
112 78
112 159
113 40
113 47
113 48
113 49
113 51
113 55
113 65
113 76
113 88
113 89
113 107
113 115
113 119
113 127
113 137
113 139
113 164
113 168
113 169
113 171
113 186
113 188
114 6
114 13
114 19
114 31
114 35
114 42
114 53
114 61
114 63
114 68
114 70
114 98
114 100
114 108
114 134
114 140
114 144
114 155
114 161
114 170
114 179
114 182
115 8
115 11
115 47
115 49
115 51
115 55
115 57
115 60
115 65
115 75
115 77
115 88
115 103
115 107
115 113
115 119
115 127
115 137
115 139
115 141
115 142
115 143
115 147
115 153
115 171
115 174
115 186
115 188
116 9
116 10
116 12
116 26
116 29
116 54
116 56
116 64
116 81
116 97
116 106
116 122
116 138
116 149
116 158
116 166
116 180
117 3
117 4
117 5
117 7
117 8
117 11
117 28
117 50
117 52
117 60
117 66
117 73
117 75
117 77
117 118
117 120
117 123
117 130
117 133
117 136
117 141
117 143
117 147
117 163
117 167
117 174
117 176
117 178
118 3
118 4
118 5
118 7
118 28
118 34
118 50
118 66
118 73
118 79
118 90
118 117
118 120
118 123
118 128
118 130
118 133
118 136
118 148
118 163
118 167
118 178
118 187
119 8
119 25
119 40
119 47
119 48
119 49
119 51
119 55
119 57
119 60
119 65
119 75
119 76
119 77
119 88
119 89
119 107
119 113
119 115
119 127
119 137
119 139
119 142
119 164
119 168
119 169
119 171
119 186
119 188
120 3
120 4
120 5
120 7
120 28
120 33
120 34
120 50
120 66
120 72
120 73
120 79
120 90
120 102
120 117
120 118
120 123
120 130
120 133
120 136
120 148
120 163
120 167
120 187
121 6
121 10
121 19
121 36
121 39
121 41
121 59
121 61
121 64
121 68
121 71
121 82
121 94
121 98
121 108
121 122
121 125
121 135
121 138
121 140
121 149
121 158
121 161
121 166
121 180
121 182
121 184
122 0
122 10
122 32
122 36
122 39
122 52
122 64
122 82
122 94
122 97
122 109
122 116
122 121
122 138
122 149
122 154
122 162
122 166
122 180
123 0
123 3
123 4
123 5
123 7
123 11
123 28
123 32
123 33
123 34
123 50
123 52
123 60
123 66
123 73
123 75
123 79
123 109
123 117
123 118
123 120
123 130
123 136
123 141
123 147
123 148
123 162
123 163
123 167
123 176
123 178
124 21
124 22
124 24
124 30
124 45
124 69
124 74
124 85
124 86
124 96
124 101
124 126
124 129
124 146
124 150
124 154
124 157
124 160
124 165
124 182
124 185
125 6
125 19
125 38
125 54
125 59
125 61
125 62
125 68
125 71
125 94
125 100
125 104
125 108
125 111
125 121
125 131
125 132
125 135
125 138
125 140
125 145
125 158
125 159
125 172
125 175
126 0
126 21
126 22
126 24
126 27
126 33
126 34
126 43
126 67
126 72
126 79
126 93
126 101
126 124
126 148
126 150
126 154
126 157
126 162
126 163
126 165
126 185
127 8
127 23
127 25
127 40
127 47
127 48
127 49
127 51
127 55
127 65
127 75
127 77
127 84
127 88
127 89
127 91
127 107
127 113
127 115
127 119
127 137
127 139
127 142
127 164
127 169
127 171
127 186
127 188
128 3
128 4
128 50
128 66
128 118
128 133
128 187
129 1
129 21
129 22
129 24
129 30
129 43
129 45
129 67
129 69
129 85
129 86
129 87
129 93
129 96
129 99
129 101
129 110
129 124
129 146
129 150
129 152
129 157
129 160
129 177
130 3
130 7
130 27
130 33
130 34
130 50
130 66
130 72
130 73
130 79
130 90
130 102
130 117
130 118
130 120
130 123
130 133
130 136
130 148
130 163
130 187
131 17
131 29
131 38
131 54
131 62
131 71
131 104
131 106
131 111
131 125
131 135
131 145
131 156
131 159
131 172
131 175
131 183
132 6
132 19
132 38
132 42
132 70
132 71
132 100
132 108
132 125
132 135
132 140
132 155
132 159
133 3
133 4
133 5
133 50
133 66
133 73
133 90
133 95
133 117
133 118
133 120
133 128
133 130
133 136
133 167
133 187
134 13
134 31
134 35
134 42
134 53
134 63
134 74
134 83
134 92
134 98
134 114
134 140
134 144
134 155
134 160
134 161
134 170
134 179
134 182
135 6
135 10
135 19
135 38
135 54
135 59
135 61
135 62
135 68
135 71
135 94
135 100
135 104
135 108
135 111
135 121
135 125
135 131
135 132
135 138
135 140
135 145
135 149
135 158
135 159
135 172
135 175
136 3
136 4
136 5
136 7
136 8
136 11
136 28
136 33
136 34
136 50
136 52
136 60
136 66
136 73
136 75
136 79
136 109
136 117
136 118
136 120
136 123
136 130
136 133
136 141
136 143
136 147
136 148
136 162
136 163
136 167
136 176
136 178
137 8
137 11
137 23
137 25
137 40
137 47
137 48
137 49
137 51
137 55
137 57
137 60
137 65
137 75
137 77
137 88
137 89
137 107
137 113
137 115
137 119
137 127
137 139
137 141
137 142
137 147
137 164
137 168
137 169
137 171
137 174
137 186
137 188
138 10
138 19
138 36
138 39
138 41
138 59
138 61
138 64
138 68
138 71
138 82
138 94
138 97
138 108
138 116
138 121
138 122
138 125
138 135
138 140
138 149
138 158
138 161
138 166
138 180
138 184
139 47
139 48
139 51
139 57
139 65
139 76
139 88
139 107
139 113
139 115
139 119
139 127
139 137
139 168
139 171
139 188
140 6
140 10
140 13
140 19
140 35
140 36
140 41
140 42
140 53
140 59
140 61
140 64
140 68
140 70
140 71
140 82
140 94
140 98
140 100
140 108
140 114
140 121
140 125
140 132
140 134
140 135
140 138
140 144
140 155
140 158
140 161
140 170
140 179
140 182
140 184
141 3
141 4
141 5
141 7
141 8
141 11
141 28
141 52
141 55
141 57
141 60
141 65
141 66
141 73
141 75
141 77
141 103
141 107
141 115
141 117
141 123
141 136
141 137
141 142
141 143
141 147
141 153
141 167
141 174
141 176
141 178
141 186
142 5
142 8
142 11
142 23
142 28
142 49
142 51
142 55
142 57
142 60
142 65
142 75
142 77
142 88
142 103
142 107
142 115
142 119
142 127
142 137
142 141
142 143
142 147
142 153
142 164
142 167
142 171
142 174
142 176
142 186
143 3
143 4
143 5
143 7
143 8
143 11
143 28
143 57
143 60
143 65
143 66
143 73
143 75
143 77
143 103
143 107
143 115
143 117
143 136
143 141
143 142
143 147
143 153
143 167
143 174
143 176
143 186
144 13
144 31
144 35
144 42
144 53
144 63
144 74
144 83
144 92
144 98
144 114
144 134
144 140
144 155
144 160
144 161
144 170
144 179
144 182
145 2
145 19
145 38
145 54
145 59
145 62
145 71
145 94
145 104
145 108
145 111
145 125
145 131
145 135
145 158
145 159
145 172
145 175
146 1
146 14
146 15
146 22
146 30
146 45
146 69
146 74
146 85
146 86
146 92
146 96
146 124
146 129
146 160
146 177
146 189
147 3
147 4
147 5
147 7
147 8
147 11
147 23
147 28
147 49
147 52
147 55
147 56
147 57
147 60
147 65
147 73
147 75
147 77
147 107
147 115
147 117
147 123
147 136
147 137
147 141
147 142
147 143
147 164
147 167
147 174
147 176
147 178
147 186
148 3
148 7
148 27
148 28
148 33
148 34
148 50
148 66
148 72
148 73
148 79
148 90
148 102
148 118
148 120
148 123
148 126
148 130
148 136
148 162
148 163
149 10
149 12
149 19
149 36
149 39
149 54
149 59
149 64
149 68
149 71
149 81
149 82
149 94
149 97
149 116
149 121
149 122
149 135
149 138
149 158
149 166
149 175
149 180
150 21
150 22
150 24
150 30
150 45
150 67
150 69
150 85
150 86
150 93
150 96
150 101
150 124
150 126
150 129
150 154
150 157
150 160
150 165
150 177
150 185
151 18
151 21
151 37
151 43
151 67
151 87
151 99
151 102
151 105
151 110
151 152
151 173
151 181
152 21
152 22
152 43
152 67
152 69
152 85
152 86
152 87
152 93
152 96
152 99
152 110
152 129
152 151
152 177
153 4
153 8
153 11
153 51
153 57
153 60
153 65
153 77
153 103
153 107
153 115
153 141
153 142
153 143
153 174
154 0
154 24
154 27
154 32
154 36
154 39
154 41
154 64
154 93
154 101
154 122
154 124
154 126
154 150
154 157
154 162
154 165
154 184
154 185
155 6
155 13
155 19
155 31
155 35
155 41
155 42
155 53
155 61
155 63
155 68
155 70
155 98
155 100
155 108
155 114
155 132
155 134
155 140
155 144
155 161
155 170
155 179
155 182
156 16
156 17
156 29
156 44
156 46
156 54
156 80
156 104
156 106
156 111
156 131
156 172
156 183
157 22
157 24
157 27
157 39
157 41
157 93
157 101
157 124
157 126
157 129
157 150
157 154
157 165
157 182
157 184
157 185
158 6
158 10
158 19
158 36
158 39
158 41
158 59
158 61
158 64
158 68
158 71
158 82
158 94
158 108
158 116
158 121
158 125
158 135
158 138
158 140
158 145
158 149
158 159
158 161
158 172
158 175
158 184
159 2
159 19
159 38
159 54
159 59
159 62
159 71
159 94
159 104
159 108
159 111
159 112
159 125
159 131
159 132
159 135
159 145
159 158
159 172
159 175
160 1
160 14
160 15
160 24
160 30
160 31
160 45
160 69
160 74
160 83
160 85
160 86
160 92
160 124
160 129
160 134
160 144
160 146
160 150
160 170
160 179
160 189
161 6
161 10
161 13
161 19
161 31
161 35
161 36
161 39
161 41
161 42
161 53
161 59
161 61
161 64
161 68
161 70
161 82
161 94
161 98
161 108
161 114
161 121
161 134
161 138
161 140
161 144
161 155
161 158
161 165
161 170
161 179
161 182
161 184
161 185
162 0
162 7
162 27
162 28
162 32
162 33
162 34
162 39
162 52
162 79
162 109
162 122
162 123
162 126
162 136
162 148
162 154
162 163
162 166
162 176
162 178
162 180
163 3
163 5
163 7
163 27
163 28
163 33
163 34
163 50
163 66
163 72
163 73
163 79
163 90
163 102
163 117
163 118
163 120
163 123
163 126
163 130
163 136
163 148
163 162
163 167
164 8
164 9
164 23
164 25
164 26
164 40
164 47
164 49
164 55
164 56
164 65
164 75
164 84
164 88
164 89
164 91
164 107
164 113
164 119
164 127
164 137
164 142
164 147
164 169
164 171
164 186
165 10
165 24
165 36
165 39
165 41
165 61
165 64
165 68
165 82
165 98
165 101
165 124
165 126
165 150
165 154
165 157
165 161
165 170
165 182
165 184
165 185
166 0
166 10
166 32
166 36
166 39
166 52
166 64
166 82
166 97
166 109
166 116
166 121
166 122
166 138
166 149
166 162
166 180
167 3
167 4
167 5
167 7
167 8
167 11
167 28
167 50
167 52
167 60
167 66
167 73
167 75
167 77
167 117
167 118
167 120
167 123
167 133
167 136
167 141
167 142
167 143
167 147
167 163
167 174
167 176
167 178
167 186
168 47
168 48
168 51
168 65
168 76
168 88
168 113
168 119
168 137
168 139
168 171
168 188
169 9
169 23
169 25
169 26
169 40
169 44
169 46
169 47
169 49
169 55
169 56
169 84
169 88
169 89
169 91
169 113
169 119
169 127
169 137
169 164
169 171
170 13
170 24
170 31
170 35
170 41
170 42
170 53
170 61
170 63
170 74
170 83
170 92
170 98
170 114
170 134
170 140
170 144
170 155
170 160
170 161
170 165
170 179
170 182
170 184
170 185
171 8
171 23
171 25
171 40
171 47
171 48
171 49
171 51
171 55
171 57
171 65
171 75
171 76
171 77
171 88
171 89
171 91
171 107
171 113
171 115
171 119
171 127
171 137
171 139
171 142
171 164
171 168
171 169
171 186
171 188
172 12
172 17
172 29
172 38
172 54
172 59
172 62
172 71
172 104
172 106
172 111
172 125
172 131
172 135
172 145
172 156
172 158
172 159
172 175
172 183
173 18
173 37
173 43
173 102
173 105
173 151
173 181
174 4
174 5
174 8
174 11
174 51
174 57
174 60
174 65
174 75
174 77
174 103
174 107
174 115
174 117
174 137
174 141
174 142
174 143
174 147
174 153
174 167
174 186
175 17
175 29
175 38
175 54
175 59
175 62
175 71
175 94
175 104
175 111
175 125
175 131
175 135
175 145
175 149
175 158
175 159
175 172
176 3
176 5
176 7
176 8
176 11
176 23
176 28
176 32
176 52
176 55
176 56
176 60
176 66
176 73
176 75
176 77
176 109
176 117
176 123
176 136
176 141
176 142
176 143
176 147
176 162
176 167
176 178
176 186
177 1
177 15
177 21
177 22
177 43
177 45
177 67
177 69
177 85
177 86
177 87
177 96
177 99
177 110
177 129
177 146
177 150
177 152
178 0
178 3
178 5
178 7
178 8
178 11
178 23
178 28
178 32
178 52
178 56
178 60
178 66
178 73
178 75
178 109
178 117
178 118
178 123
178 136
178 141
178 147
178 162
178 167
178 176
178 186
179 13
179 24
179 31
179 35
179 41
179 42
179 53
179 63
179 74
179 83
179 92
179 98
179 114
179 134
179 140
179 144
179 155
179 160
179 161
179 170
179 182
179 184
180 0
180 10
180 32
180 36
180 39
180 52
180 64
180 82
180 94
180 97
180 109
180 116
180 121
180 122
180 138
180 149
180 162
180 166
181 18
181 37
181 58
181 90
181 102
181 105
181 151
181 173
182 10
182 13
182 19
182 24
182 31
182 35
182 36
182 39
182 41
182 53
182 61
182 63
182 68
182 82
182 98
182 114
182 121
182 124
182 134
182 140
182 144
182 155
182 157
182 161
182 165
182 170
182 179
182 184
182 185
183 9
183 12
183 16
183 17
183 26
183 29
183 44
183 46
183 54
183 80
183 81
183 104
183 106
183 111
183 131
183 156
183 172
184 6
184 10
184 19
184 24
184 36
184 39
184 41
184 53
184 59
184 61
184 64
184 68
184 82
184 94
184 98
184 108
184 121
184 138
184 140
184 154
184 157
184 158
184 161
184 165
184 170
184 179
184 182
184 185
185 10
185 24
185 36
185 39
185 41
185 61
185 64
185 82
185 98
185 101
185 124
185 126
185 150
185 154
185 157
185 161
185 165
185 170
185 182
185 184
186 5
186 8
186 11
186 23
186 25
186 28
186 49
186 51
186 52
186 55
186 56
186 57
186 60
186 65
186 75
186 77
186 88
186 107
186 113
186 115
186 119
186 127
186 137
186 141
186 142
186 143
186 147
186 164
186 167
186 171
186 174
186 176
186 178
187 3
187 20
187 50
187 58
187 66
187 90
187 95
187 102
187 118
187 120
187 128
187 130
187 133
188 47
188 48
188 51
188 65
188 76
188 88
188 89
188 107
188 113
188 115
188 119
188 127
188 137
188 139
188 168
188 171
189 1
189 14
189 15
189 30
189 45
189 69
189 74
189 85
189 92
189 146
189 160
