4
2 1
100
0 50.000000 50.000000 15 99999999 2
1 65.043903 20.941958 15 144 5
2 77.614122 29.296581 15 116 2
3 4.817528 10.392319 15 131 2
4 73.123579 75.867615 15 128 3
5 62.769096 40.492267 15 138 3
6 78.456244 28.000449 15 102 2
7 83.038113 94.426555 15 126 4
8 50.290441 42.504938 15 113 5
9 96.624814 82.681065 15 147 3
10 49.658239 50.090829 15 135 2
11 65.591565 21.437960 15 127 3
12 0.475385 76.211916 15 122 2
13 71.123314 87.073616 15 105 4
14 50.200200 98.226002 15 103 2
15 21.594781 77.689245 15 125 1
16 65.039043 14.694010 15 140 4
17 54.912631 72.127711 15 104 2
18 58.529978 20.889692 15 127 1
19 10.361293 8.052941 15 114 2
20 0.042475 81.823175 15 135 5
21 11.723066 69.490359 15 100 5
22 17.993306 3.874883 15 122 5
23 49.303283 40.907134 15 104 2
24 87.045434 40.552309 15 132 5
25 32.433755 63.843092 15 142 2
26 90.993598 12.361131 15 135 1
27 96.255898 89.244749 15 121 2
28 15.580714 21.895692 15 124 1
29 88.040428 3.180126 15 117 1
30 99.788309 76.950453 15 110 1
31 63.499701 13.454416 15 137 4
32 40.790886 68.986687 15 131 1
33 84.594353 59.301069 15 107 1
34 84.456893 16.824015 15 113 3
35 14.157395 85.705116 15 105 1
36 67.335153 83.066241 15 138 3
37 58.052379 28.824321 15 137 4
38 56.138770 67.487684 15 135 3
39 12.306240 4.247490 15 130 4
40 60.089815 56.489053 15 142 5
41 93.853372 76.173496 15 111 2
42 78.673666 38.764475 15 133 4
43 68.185407 67.889313 15 112 4
44 7.249601 50.296068 15 121 3
45 75.419382 23.126978 15 108 2
46 91.676921 31.478033 15 105 3
47 36.401729 14.806412 15 143 4
48 51.665944 13.599075 15 148 4
49 57.739152 52.772258 15 132 4
50 18.347207 19.515922 15 139 4
51 80.660177 82.299203 15 143 4
52 47.722502 2.015262 15 141 3
53 15.031277 86.174873 15 131 3
54 73.540149 54.547158 15 106 2
55 54.777561 4.250394 15 104 1
56 74.430982 22.718697 15 143 5
57 83.169451 29.541125 15 138 5
58 53.461421 27.695808 15 108 2
59 94.236457 23.120940 15 111 4
60 19.434714 68.387701 15 127 3
61 65.190804 40.614701 15 110 3
62 54.940827 48.264439 15 137 5
63 12.696519 23.549659 15 144 4
64 19.513008 60.424974 15 114 1
65 53.661646 75.893690 15 141 3
66 79.002581 36.041374 15 100 5
67 49.052148 47.556920 15 123 3
68 1.832603 81.305742 15 131 1
69 64.916408 36.285669 15 142 4
70 11.696253 0.005111 15 131 4
71 54.127305 89.036649 15 137 3
72 16.877201 29.941283 15 118 2
73 34.916387 72.590790 15 103 1
74 39.028712 63.435778 15 100 2
75 53.955361 57.945515 15 139 3
76 85.716406 88.263745 15 149 5
77 11.436302 89.728291 15 126 3
78 86.985934 62.451769 15 114 1
79 17.447463 72.626283 15 111 2
80 54.837323 90.572747 15 138 3
81 67.291008 39.954863 15 133 2
82 36.200498 77.339291 15 121 1
83 58.150304 57.238273 15 104 3
84 82.000063 19.288041 15 104 3
85 95.221637 2.575228 15 148 4
86 72.983272 13.376680 15 125 3
87 60.743367 18.848176 15 141 2
88 29.068678 70.623939 15 128 5
89 33.995376 90.912816 15 142 4
90 71.342505 60.896639 15 117 5
91 96.508353 8.648156 15 139 4
92 90.313026 48.184117 15 100 3
93 47.814953 36.566467 15 138 3
94 56.756789 41.406749 15 106 3
95 49.541291 90.144863 15 118 2
96 23.495161 93.913051 15 114 5
97 81.151036 81.628117 15 124 1
98 32.313138 67.584648 15 119 3
99 14.000263 21.162112 15 115 5
2334
0 5
0 8
0 10
0 17
0 23
0 25
0 32
0 37
0 38
0 40
0 43
0 49
0 54
0 58
0 61
0 62
0 65
0 67
0 69
0 73
0 74
0 75
0 81
0 83
0 88
0 90
0 93
0 94
0 98
1 2
1 5
1 6
1 8
1 11
1 16
1 18
1 23
1 24
1 26
1 29
1 31
1 34
1 37
1 42
1 45
1 46
1 47
1 48
1 52
1 55
1 56
1 57
1 58
1 59
1 61
1 62
1 66
1 69
1 81
1 84
1 86
1 87
1 93
1 94
2 1
2 5
2 6
2 11
2 16
2 18
2 24
2 26
2 29
2 31
2 34
2 37
2 42
2 45
2 46
2 54
2 56
2 57
2 58
2 59
2 61
2 62
2 66
2 69
2 81
2 84
2 86
2 87
2 91
2 92
2 94
3 19
3 22
3 28
3 39
3 50
3 63
3 70
3 72
3 99
4 7
4 9
4 13
4 17
4 27
4 30
4 33
4 36
4 38
4 40
4 41
4 43
4 49
4 51
4 54
4 65
4 71
4 75
4 76
4 78
4 80
4 83
4 90
4 95
4 97
5 0
5 1
5 2
5 6
5 8
5 10
5 11
5 16
5 18
5 23
5 24
5 31
5 33
5 37
5 38
5 40
5 42
5 43
5 45
5 48
5 49
5 54
5 56
5 57
5 58
5 61
5 62
5 66
5 67
5 69
5 75
5 81
5 83
5 84
5 86
5 87
5 90
5 92
5 93
5 94
6 1
6 2
6 5
6 11
6 16
6 18
6 24
6 26
6 29
6 31
6 34
6 37
6 42
6 45
6 46
6 54
6 56
6 57
6 58
6 59
6 61
6 66
6 69
6 81
6 84
6 86
6 87
6 91
6 92
6 94
7 4
7 9
7 13
7 27
7 30
7 36
7 41
7 51
7 71
7 76
7 80
7 97
8 0
8 1
8 5
8 10
8 11
8 17
8 18
8 23
8 25
8 32
8 37
8 38
8 40
8 42
8 48
8 49
8 54
8 58
8 61
8 62
8 66
8 67
8 69
8 74
8 75
8 81
8 83
8 87
8 90
8 93
8 94
9 4
9 7
9 13
9 27
9 30
9 33
9 36
9 41
9 51
9 76
9 78
9 97
10 0
10 5
10 8
10 17
10 23
10 25
10 32
10 37
10 38
10 40
10 43
10 49
10 54
10 58
10 61
10 62
10 65
10 67
10 69
10 73
10 74
10 75
10 81
10 83
10 88
10 90
10 93
10 94
10 98
11 1
11 2
11 5
11 6
11 8
11 16
11 18
11 23
11 24
11 26
11 29
11 31
11 34
11 37
11 42
11 45
11 46
11 47
11 48
11 52
11 55
11 56
11 57
11 58
11 59
11 61
11 62
11 66
11 69
11 81
11 84
11 86
11 87
11 93
11 94
12 15
12 20
12 21
12 35
12 44
12 53
12 60
12 64
12 68
12 77
12 79
12 88
12 96
13 4
13 7
13 9
13 14
13 17
13 27
13 36
13 38
13 41
13 43
13 51
13 65
13 71
13 76
13 78
13 80
13 90
13 95
13 97
14 13
14 17
14 36
14 65
14 71
14 73
14 80
14 82
14 89
14 95
14 96
15 12
15 20
15 21
15 25
15 32
15 35
15 53
15 60
15 64
15 68
15 73
15 74
15 77
15 79
15 82
15 88
15 89
15 96
15 98
16 1
16 2
16 5
16 6
16 11
16 18
16 26
16 29
16 31
16 34
16 37
16 42
16 45
16 47
16 48
16 52
16 55
16 56
16 57
16 58
16 61
16 66
16 69
16 81
16 84
16 86
16 87
16 93
16 94
17 0
17 4
17 8
17 10
17 13
17 14
17 25
17 32
17 36
17 38
17 40
17 43
17 49
17 51
17 54
17 62
17 65
17 67
17 71
17 73
17 74
17 75
17 80
17 82
17 83
17 88
17 89
17 90
17 95
17 97
17 98
18 1
18 2
18 5
18 6
18 8
18 11
18 16
18 23
18 31
18 34
18 37
18 42
18 45
18 47
18 48
18 52
18 55
18 56
18 57
18 58
18 61
18 62
18 66
18 67
18 69
18 81
18 84
18 86
18 87
18 93
18 94
19 3
19 22
19 28
19 39
19 47
19 50
19 63
19 70
19 72
19 99
20 12
20 15
20 21
20 35
20 53
20 60
20 64
20 68
20 77
20 79
20 96
21 12
21 15
21 20
21 25
21 32
21 35
21 44
21 53
21 60
21 64
21 68
21 73
21 74
21 77
21 79
21 82
21 88
21 96
21 98
22 3
22 19
22 28
22 39
22 47
22 50
22 52
22 63
22 70
22 72
22 99
23 0
23 1
23 5
23 8
23 10
23 11
23 18
23 25
23 32
23 37
23 38
23 40
23 42
23 47
23 48
23 49
23 54
23 58
23 61
23 62
23 67
23 69
23 74
23 75
23 81
23 83
23 87
23 90
23 93
23 94
24 1
24 2
24 5
24 6
24 11
24 26
24 33
24 34
24 42
24 45
24 46
24 54
24 56
24 57
24 59
24 61
24 66
24 69
24 78
24 81
24 84
24 90
24 92
25 0
25 8
25 10
25 15
25 17
25 21
25 23
25 32
25 35
25 38
25 40
25 44
25 49
25 53
25 60
25 62
25 64
25 65
25 67
25 73
25 74
25 75
25 79
25 82
25 83
25 88
25 89
25 98
26 1
26 2
26 6
26 11
26 16
26 24
26 29
26 31
26 34
26 42
26 45
26 46
26 56
26 57
26 59
26 66
26 84
26 85
26 86
26 91
27 4
27 7
27 9
27 13
27 30
27 36
27 41
27 51
27 76
27 78
27 97
28 3
28 19
28 22
28 39
28 44
28 47
28 50
28 63
28 70
28 72
28 99
29 1
29 2
29 6
29 11
29 16
29 26
29 31
29 34
29 45
29 46
29 56
29 57
29 59
29 84
29 85
29 86
29 91
30 4
30 7
30 9
30 27
30 33
30 41
30 51
30 76
30 78
30 97
31 1
31 2
31 5
31 6
31 11
31 16
31 18
31 26
31 29
31 34
31 37
31 42
31 45
31 47
31 48
31 52
31 55
31 56
31 57
31 58
31 61
31 66
31 69
31 81
31 84
31 86
31 87
31 93
31 94
32 0
32 8
32 10
32 15
32 17
32 21
32 23
32 25
32 38
32 40
32 43
32 49
32 60
32 62
32 64
32 65
32 67
32 71
32 73
32 74
32 75
32 79
32 80
32 82
32 83
32 88
32 89
32 95
32 98
33 4
33 5
33 9
33 24
33 30
33 36
33 38
33 40
33 41
33 42
33 43
33 46
33 49
33 51
33 54
33 57
33 61
33 66
33 76
33 78
33 81
33 83
33 90
33 92
33 97
34 1
34 2
34 6
34 11
34 16
34 18
34 24
34 26
34 29
34 31
34 37
34 42
34 45
34 46
34 56
34 57
34 59
34 66
34 69
34 81
34 84
34 85
34 86
34 87
34 91
35 12
35 15
35 20
35 21
35 25
35 53
35 60
35 64
35 68
35 73
35 77
35 79
35 82
35 88
35 89
35 96
35 98
36 4
36 7
36 9
36 13
36 14
36 17
36 27
36 33
36 38
36 40
36 41
36 43
36 51
36 54
36 65
36 71
36 75
36 76
36 78
36 80
36 83
36 90
36 95
36 97
37 0
37 1
37 2
37 5
37 6
37 8
37 10
37 11
37 16
37 18
37 23
37 31
37 34
37 40
37 42
37 45
37 47
37 48
37 49
37 52
37 55
37 56
37 57
37 58
37 61
37 62
37 66
37 67
37 69
37 75
37 81
37 83
37 84
37 86
37 87
37 93
37 94
38 0
38 4
38 5
38 8
38 10
38 13
38 17
38 23
38 25
38 32
38 33
38 36
38 40
38 43
38 49
38 51
38 54
38 61
38 62
38 65
38 67
38 71
38 73
38 74
38 75
38 80
38 81
38 82
38 83
38 88
38 90
38 94
38 95
38 97
38 98
39 3
39 19
39 22
39 28
39 47
39 50
39 63
39 70
39 72
39 99
40 0
40 4
40 5
40 8
40 10
40 17
40 23
40 25
40 32
40 33
40 36
40 37
40 38
40 42
40 43
40 49
40 54
40 58
40 61
40 62
40 65
40 66
40 67
40 69
40 73
40 74
40 75
40 78
40 81
40 83
40 90
40 93
40 94
40 98
41 4
41 7
41 9
41 13
41 27
41 30
41 33
41 36
41 43
41 51
41 54
41 76
41 78
41 90
41 92
41 97
42 1
42 2
42 5
42 6
42 8
42 11
42 16
42 18
42 23
42 24
42 26
42 31
42 33
42 34
42 37
42 40
42 45
42 46
42 49
42 54
42 56
42 57
42 58
42 59
42 61
42 62
42 66
42 69
42 78
42 81
42 83
42 84
42 86
42 87
42 90
42 92
42 94
43 0
43 4
43 5
43 10
43 13
43 17
43 32
43 33
43 36
43 38
43 40
43 41
43 49
43 51
43 54
43 61
43 62
43 65
43 67
43 71
43 74
43 75
43 76
43 78
43 80
43 81
43 83
43 90
43 92
43 94
43 95
43 97
44 12
44 21
44 25
44 28
44 60
44 63
44 64
44 72
44 79
44 88
44 99
45 1
45 2
45 5
45 6
45 11
45 16
45 18
45 24
45 26
45 29
45 31
45 34
45 37
45 42
45 46
45 48
45 55
45 56
45 57
45 58
45 59
45 61
45 66
45 69
45 81
45 84
45 85
45 86
45 87
45 91
45 92
45 94
46 1
46 2
46 6
46 11
46 24
46 26
46 29
46 33
46 34
46 42
46 45
46 54
46 56
46 57
46 59
46 61
46 66
46 69
46 81
46 84
46 85
46 86
46 91
46 92
47 1
47 11
47 16
47 18
47 19
47 22
47 23
47 28
47 31
47 37
47 39
47 48
47 50
47 52
47 55
47 58
47 63
47 70
47 72
47 87
47 93
47 99
48 1
48 5
48 8
48 11
48 16
48 18
48 23
48 31
48 37
48 45
48 47
48 52
48 55
48 56
48 58
48 69
48 86
48 87
48 93
48 94
49 0
49 4
49 5
49 8
49 10
49 17
49 23
49 25
49 32
49 33
49 37
49 38
49 40
49 42
49 43
49 54
49 58
49 61
49 62
49 65
49 66
49 67
49 69
49 74
49 75
49 81
49 83
49 90
49 93
49 94
49 98
50 3
50 19
50 22
50 28
50 39
50 47
50 63
50 70
50 72
50 99
51 4
51 7
51 9
51 13
51 17
51 27
51 30
51 33
51 36
51 38
51 41
51 43
51 54
51 65
51 71
51 76
51 78
51 80
51 90
51 97
52 1
52 11
52 16
52 18
52 22
52 31
52 37
52 47
52 48
52 55
52 58
52 86
52 87
53 12
53 15
53 20
53 21
53 25
53 35
53 60
53 64
53 68
53 73
53 77
53 79
53 82
53 88
53 89
53 96
53 98
54 0
54 2
54 4
54 5
54 6
54 8
54 10
54 17
54 23
54 24
54 33
54 36
54 38
54 40
54 41
54 42
54 43
54 46
54 49
54 51
54 57
54 61
54 62
54 65
54 66
54 67
54 69
54 75
54 78
54 81
54 83
54 90
54 92
54 94
54 97
55 1
55 11
55 16
55 18
55 31
55 37
55 45
55 47
55 48
55 52
55 56
55 58
55 86
55 87
56 1
56 2
56 5
56 6
56 11
56 16
56 18
56 24
56 26
56 29
56 31
56 34
56 37
56 42
56 45
56 46
56 48
56 55
56 57
56 58
56 59
56 61
56 66
56 69
56 81
56 84
56 85
56 86
56 87
56 91
56 94
57 1
57 2
57 5
57 6
57 11
57 16
57 18
57 24
57 26
57 29
57 31
57 33
57 34
57 37
57 42
57 45
57 46
57 54
57 56
57 58
57 59
57 61
57 66
57 69
57 81
57 84
57 85
57 86
57 87
57 91
57 92
57 94
58 0
58 1
58 2
58 5
58 6
58 8
58 10
58 11
58 16
58 18
58 23
58 31
58 37
58 40
58 42
58 45
58 47
58 48
58 49
58 52
58 55
58 56
58 57
58 61
58 62
58 66
58 67
58 69
58 81
58 83
58 84
58 86
58 87
58 93
58 94
59 1
59 2
59 6
59 11
59 24
59 26
59 29
59 34
59 42
59 45
59 46
59 56
59 57
59 66
59 84
59 85
59 86
59 91
59 92
60 12
60 15
60 20
60 21
60 25
60 32
60 35
60 44
60 53
60 64
60 68
60 73
60 74
60 77
60 79
60 82
60 88
60 89
60 96
60 98
61 0
61 1
61 2
61 5
61 6
61 8
61 10
61 11
61 16
61 18
61 23
61 24
61 31
61 33
61 37
61 38
61 40
61 42
61 43
61 45
61 46
61 49
61 54
61 56
61 57
61 58
61 62
61 66
61 67
61 69
61 75
61 81
61 83
61 84
61 86
61 87
61 90
61 92
61 93
61 94
62 0
62 1
62 2
62 5
62 8
62 10
62 11
62 17
62 18
62 23
62 25
62 32
62 37
62 38
62 40
62 42
62 43
62 49
62 54
62 58
62 61
62 65
62 66
62 67
62 69
62 74
62 75
62 81
62 83
62 87
62 90
62 93
62 94
62 98
63 3
63 19
63 22
63 28
63 39
63 44
63 47
63 50
63 70
63 72
63 99
64 12
64 15
64 20
64 21
64 25
64 32
64 35
64 44
64 53
64 60
64 68
64 73
64 74
64 79
64 82
64 88
64 98
65 0
65 4
65 10
65 13
65 14
65 17
65 25
65 32
65 36
65 38
65 40
65 43
65 49
65 51
65 54
65 62
65 67
65 71
65 73
65 74
65 75
65 80
65 82
65 83
65 88
65 89
65 90
65 95
65 97
65 98
66 1
66 2
66 5
66 6
66 8
66 11
66 16
66 18
66 24
66 26
66 31
66 33
66 34
66 37
66 40
66 42
66 45
66 46
66 49
66 54
66 56
66 57
66 58
66 59
66 61
66 62
66 69
66 78
66 81
66 83
66 84
66 86
66 87
66 90
66 92
66 94
67 0
67 5
67 8
67 10
67 17
67 18
67 23
67 25
67 32
67 37
67 38
67 40
67 43
67 49
67 54
67 58
67 61
67 62
67 65
67 69
67 73
67 74
67 75
67 81
67 83
67 90
67 93
67 94
67 98
68 12
68 15
68 20
68 21
68 35
68 53
68 60
68 64
68 77
68 79
68 88
68 96
69 0
69 1
69 2
69 5
69 6
69 8
69 10
69 11
69 16
69 18
69 23
69 24
69 31
69 34
69 37
69 40
69 42
69 45
69 46
69 48
69 49
69 54
69 56
69 57
69 58
69 61
69 62
69 66
69 67
69 75
69 81
69 83
69 84
69 86
69 87
69 90
69 92
69 93
69 94
70 3
70 19
70 22
70 28
70 39
70 47
70 50
70 63
70 99
71 4
71 7
71 13
71 14
71 17
71 32
71 36
71 38
71 43
71 51
71 65
71 73
71 74
71 80
71 82
71 89
71 95
71 97
72 3
72 19
72 22
72 28
72 39
72 44
72 47
72 50
72 63
72 99
73 0
73 10
73 14
73 15
73 17
73 21
73 25
73 32
73 35
73 38
73 40
73 53
73 60
73 64
73 65
73 67
73 71
73 74
73 75
73 77
73 79
73 80
73 82
73 83
73 88
73 89
73 95
73 96
73 98
74 0
74 8
74 10
74 15
74 17
74 21
74 23
74 25
74 32
74 38
74 40
74 43
74 49
74 60
74 62
74 64
74 65
74 67
74 71
74 73
74 75
74 79
74 82
74 83
74 88
74 89
74 93
74 94
74 95
74 98
75 0
75 4
75 5
75 8
75 10
75 17
75 23
75 25
75 32
75 36
75 37
75 38
75 40
75 43
75 49
75 54
75 61
75 62
75 65
75 67
75 69
75 73
75 74
75 81
75 82
75 83
75 88
75 90
75 93
75 94
75 98
76 4
76 7
76 9
76 13
76 27
76 30
76 33
76 36
76 41
76 43
76 51
76 78
76 97
77 12
77 15
77 20
77 21
77 35
77 53
77 60
77 68
77 73
77 79
77 82
77 88
77 89
77 96
78 4
78 9
78 13
78 24
78 27
78 30
78 33
78 36
78 40
78 41
78 42
78 43
78 51
78 54
78 66
78 76
78 81
78 83
78 90
78 92
78 97
79 12
79 15
79 20
79 21
79 25
79 32
79 35
79 44
79 53
79 60
79 64
79 68
79 73
79 74
79 77
79 82
79 88
79 89
79 96
79 98
80 4
80 7
80 13
80 14
80 17
80 32
80 36
80 38
80 43
80 51
80 65
80 71
80 73
80 82
80 89
80 95
80 97
81 0
81 1
81 2
81 5
81 6
81 8
81 10
81 11
81 16
81 18
81 23
81 24
81 31
81 33
81 34
81 37
81 38
81 40
81 42
81 43
81 45
81 46
81 49
81 54
81 56
81 57
81 58
81 61
81 62
81 66
81 67
81 69
81 75
81 78
81 83
81 84
81 86
81 87
81 90
81 92
81 93
81 94
82 14
82 15
82 17
82 21
82 25
82 32
82 35
82 38
82 53
82 60
82 64
82 65
82 71
82 73
82 74
82 75
82 77
82 79
82 80
82 83
82 88
82 89
82 95
82 96
82 98
83 0
83 4
83 5
83 8
83 10
83 17
83 23
83 25
83 32
83 33
83 36
83 37
83 38
83 40
83 42
83 43
83 49
83 54
83 58
83 61
83 62
83 65
83 66
83 67
83 69
83 73
83 74
83 75
83 78
83 81
83 82
83 90
83 93
83 94
83 98
84 1
84 2
84 5
84 6
84 11
84 16
84 18
84 24
84 26
84 29
84 31
84 34
84 37
84 42
84 45
84 46
84 56
84 57
84 58
84 59
84 61
84 66
84 69
84 81
84 85
84 86
84 87
84 91
85 26
85 29
85 34
85 45
85 46
85 56
85 57
85 59
85 84
85 86
85 91
86 1
86 2
86 5
86 6
86 11
86 16
86 18
86 26
86 29
86 31
86 34
86 37
86 42
86 45
86 46
86 48
86 52
86 55
86 56
86 57
86 58
86 59
86 61
86 66
86 69
86 81
86 84
86 85
86 87
86 91
87 1
87 2
87 5
87 6
87 8
87 11
87 16
87 18
87 23
87 31
87 34
87 37
87 42
87 45
87 47
87 48
87 52
87 55
87 56
87 57
87 58
87 61
87 62
87 66
87 69
87 81
87 84
87 86
87 93
87 94
88 0
88 10
88 12
88 15
88 17
88 21
88 25
88 32
88 35
88 38
88 44
88 53
88 60
88 64
88 65
88 68
88 73
88 74
88 75
88 77
88 79
88 82
88 89
88 95
88 96
88 98
89 14
89 15
89 17
89 25
89 32
89 35
89 53
89 60
89 65
89 71
89 73
89 74
89 77
89 79
89 80
89 82
89 88
89 95
89 96
89 98
90 0
90 4
90 5
90 8
90 10
90 13
90 17
90 23
90 24
90 33
90 36
90 38
90 40
90 41
90 42
90 43
90 49
90 51
90 54
90 61
90 62
90 65
90 66
90 67
90 69
90 75
90 78
90 81
90 83
90 92
90 94
90 97
91 2
91 6
91 26
91 29
91 34
91 45
91 46
91 56
91 57
91 59
91 84
91 85
91 86
92 2
92 5
92 6
92 24
92 33
92 41
92 42
92 43
92 45
92 46
92 54
92 57
92 59
92 61
92 66
92 69
92 78
92 81
92 90
93 0
93 1
93 5
93 8
93 10
93 11
93 16
93 18
93 23
93 31
93 37
93 40
93 47
93 48
93 49
93 58
93 61
93 62
93 67
93 69
93 74
93 75
93 81
93 83
93 87
93 94
94 0
94 1
94 2
94 5
94 6
94 8
94 10
94 11
94 16
94 18
94 23
94 31
94 37
94 38
94 40
94 42
94 43
94 45
94 48
94 49
94 54
94 56
94 57
94 58
94 61
94 62
94 66
94 67
94 69
94 74
94 75
94 81
94 83
94 87
94 90
94 93
95 4
95 13
95 14
95 17
95 32
95 36
95 38
95 43
95 65
95 71
95 73
95 74
95 80
95 82
95 88
95 89
95 96
95 98
96 12
96 14
96 15
96 20
96 21
96 35
96 53
96 60
96 68
96 73
96 77
96 79
96 82
96 88
96 89
96 95
96 98
97 4
97 7
97 9
97 13
97 17
97 27
97 30
97 33
97 36
97 38
97 41
97 43
97 51
97 54
97 65
97 71
97 76
97 78
97 80
97 90
98 0
98 10
98 15
98 17
98 21
98 25
98 32
98 35
98 38
98 40
98 49
98 53
98 60
98 62
98 64
98 65
98 67
98 73
98 74
98 75
98 79
98 82
98 83
98 88
98 89
98 95
98 96
99 3
99 19
99 22
99 28
99 39
99 44
99 47
99 50
99 63
99 70
99 72
