4
2 1
100
0 50.000000 50.000000 10 99999999 4
1 4.363159 54.955277 10 121 3
2 36.597917 28.080867 10 137 3
3 72.481852 1.905486 10 142 1
4 92.243150 82.629553 10 115 2
5 95.689628 56.961581 10 117 3
6 13.748591 60.103144 10 101 1
7 89.958222 96.688803 10 120 4
8 20.647850 41.452068 10 102 1
9 22.523934 62.227303 10 116 1
10 22.754829 36.808169 10 133 2
11 98.223479 92.414030 10 113 5
12 42.425112 45.144477 10 100 1
13 17.336842 69.900515 10 144 5
14 51.542202 60.267794 10 107 3
15 2.418529 17.616100 10 130 3
16 41.453897 28.226793 10 142 4
17 42.283814 8.357986 10 118 2
18 31.902463 12.017148 10 118 3
19 30.741983 13.032701 10 112 4
20 75.240574 14.749875 10 106 5
21 71.239939 41.471876 10 129 1
22 95.428535 50.878110 10 120 4
23 17.997930 54.827936 10 105 1
24 6.426720 80.688715 10 113 2
25 14.458065 87.791817 10 124 1
26 65.481630 83.872758 10 124 4
27 28.075149 61.307373 10 102 4
28 13.707633 36.299846 10 142 5
29 64.611043 55.840265 10 120 4
30 36.582980 63.940826 10 135 5
31 94.122575 19.763960 10 127 3
32 13.950461 98.464351 10 117 5
33 33.246747 44.564432 10 114 3
34 86.878978 60.229269 10 114 4
35 75.796303 1.013647 10 117 1
36 49.773927 23.556901 10 107 1
37 12.526630 27.181008 10 107 5
38 67.663040 64.364780 10 131 2
39 36.829277 73.171291 10 129 1
40 4.500182 60.792458 10 123 3
41 24.141178 47.387778 10 115 1
42 2.025704 13.818698 10 147 2
43 15.380660 72.985376 10 145 2
44 25.242375 82.834574 10 123 2
45 12.877140 55.805345 10 147 4
46 99.254885 44.328793 10 119 1
47 95.618416 31.407515 10 132 5
48 87.900363 44.147115 10 111 5
49 85.619178 73.089687 10 105 1
50 56.164754 47.773517 10 145 4
51 43.749499 20.960731 10 124 5
52 62.129333 24.961180 10 108 5
53 35.806342 13.833731 10 108 3
54 96.552537 2.190882 10 144 2
55 17.504210 84.475019 10 120 5
56 96.165814 5.430261 10 138 3
57 6.870612 88.860252 10 105 5
58 31.334965 12.117703 10 135 2
59 58.428635 38.593375 10 100 3
60 67.427328 82.747329 10 126 5
61 74.323586 90.031907 10 118 4
62 79.751298 11.565653 10 106 1
63 35.536495 43.556674 10 147 2
64 73.720747 29.885100 10 143 4
65 12.759510 72.112878 10 122 1
66 55.165997 50.929330 10 115 4
67 80.570128 37.645961 10 135 5
68 41.839643 61.247271 10 124 4
69 8.103129 8.747836 10 102 2
70 54.906859 64.179720 10 136 1
71 25.419088 88.150424 10 135 1
72 12.714974 2.826383 10 124 2
73 14.740855 19.895190 10 142 2
74 95.879496 46.382512 10 101 5
75 60.101116 99.176159 10 127 4
76 63.958803 36.559763 10 137 1
77 70.644370 42.956837 10 129 5
78 50.195643 6.723794 10 110 3
79 44.662426 66.211954 10 102 1
80 18.772606 81.230497 10 135 1
81 58.038610 32.140496 10 145 5
82 72.027662 2.749000 10 110 2
83 95.442909 82.823931 10 110 4
84 32.372297 20.826567 10 127 1
85 34.446769 78.667692 10 134 5
86 72.725489 47.931170 10 110 2
87 8.822884 56.473881 10 148 3
88 12.504112 55.852433 10 148 2
89 0.227303 97.871547 10 105 4
90 36.371711 33.498315 10 149 3
91 90.546044 18.477060 10 140 4
92 21.299937 20.475395 10 148 1
93 83.268750 69.705743 10 143 1
94 15.434645 54.602032 10 112 1
95 74.016338 18.681115 10 121 4
96 1.444202 80.115284 10 139 4
97 50.067330 57.369472 10 102 1
98 40.759850 88.133960 10 145 5
99 42.721603 31.952713 10 113 5
1060
0 12
0 14
0 29
0 30
0 33
0 50
0 59
0 63
0 66
0 68
0 70
0 76
0 79
0 81
0 97
0 99
1 6
1 9
1 13
1 23
1 40
1 45
1 65
1 87
1 88
1 94
2 10
2 12
2 16
2 18
2 19
2 33
2 36
2 51
2 53
2 58
2 63
2 84
2 90
2 92
2 99
3 20
3 35
3 62
3 82
3 95
4 7
4 11
4 49
4 61
4 83
4 93
5 22
5 34
5 46
5 48
5 49
5 74
5 93
6 1
6 8
6 9
6 13
6 23
6 27
6 40
6 41
6 43
6 45
6 65
6 87
6 88
6 94
7 4
7 11
7 61
7 83
8 6
8 10
8 23
8 28
8 33
8 37
8 41
8 45
8 63
8 87
8 88
8 90
8 94
9 1
9 6
9 13
9 23
9 27
9 30
9 39
9 40
9 41
9 43
9 45
9 65
9 68
9 80
9 87
9 88
9 94
10 2
10 8
10 23
10 28
10 33
10 37
10 41
10 63
10 73
10 84
10 90
10 92
10 94
11 4
11 7
11 83
12 0
12 2
12 14
12 16
12 30
12 33
12 41
12 50
12 59
12 63
12 66
12 68
12 90
12 97
12 99
13 1
13 6
13 9
13 23
13 24
13 25
13 27
13 39
13 40
13 43
13 44
13 45
13 55
13 65
13 71
13 80
13 85
13 87
13 88
13 94
13 96
14 0
14 12
14 29
14 30
14 38
14 39
14 50
14 66
14 68
14 70
14 79
14 97
15 37
15 42
15 69
15 72
15 73
15 92
16 2
16 12
16 17
16 18
16 19
16 33
16 36
16 51
16 53
16 58
16 59
16 63
16 81
16 84
16 90
16 99
17 16
17 18
17 19
17 36
17 51
17 53
17 58
17 78
17 84
18 2
18 16
18 17
18 19
18 51
18 53
18 58
18 73
18 78
18 84
18 92
19 2
19 16
19 17
19 18
19 51
19 53
19 58
19 73
19 84
19 92
20 3
20 31
20 35
20 52
20 62
20 64
20 82
20 91
20 95
21 29
21 48
21 50
21 52
21 59
21 64
21 66
21 67
21 76
21 77
21 81
21 86
22 5
22 34
22 46
22 47
22 48
22 67
22 74
23 1
23 6
23 8
23 9
23 10
23 13
23 27
23 28
23 33
23 40
23 41
23 43
23 45
23 65
23 87
23 88
23 94
24 13
24 25
24 32
24 40
24 43
24 44
24 55
24 57
24 65
24 80
24 89
24 96
25 13
25 24
25 32
25 43
25 44
25 55
25 57
25 65
25 71
25 80
25 89
25 96
26 38
26 60
26 61
26 75
27 6
27 9
27 13
27 23
27 30
27 33
27 39
27 41
27 43
27 45
27 63
27 65
27 68
27 79
27 85
27 87
27 88
27 94
28 8
28 10
28 23
28 37
28 41
28 45
28 73
28 88
28 92
28 94
29 0
29 14
29 21
29 38
29 50
29 59
29 66
29 70
29 76
29 77
29 86
29 97
30 0
30 9
30 12
30 14
30 27
30 33
30 39
30 68
30 70
30 79
30 85
30 97
31 20
31 47
31 54
31 56
31 62
31 91
32 24
32 25
32 44
32 55
32 57
32 71
32 80
32 89
33 0
33 2
33 8
33 10
33 12
33 16
33 23
33 27
33 30
33 41
33 63
33 68
33 90
33 99
34 5
34 22
34 38
34 48
34 49
34 74
34 86
34 93
35 3
35 20
35 62
35 82
35 95
36 2
36 16
36 17
36 51
36 52
36 53
36 59
36 76
36 78
36 81
36 84
36 90
36 99
37 8
37 10
37 15
37 28
37 42
37 69
37 73
37 92
38 14
38 26
38 29
38 34
38 49
38 60
38 66
38 70
38 86
38 93
38 97
39 9
39 13
39 14
39 27
39 30
39 44
39 68
39 71
39 79
39 80
39 85
39 98
40 1
40 6
40 9
40 13
40 23
40 24
40 43
40 45
40 65
40 87
40 88
40 94
40 96
41 6
41 8
41 9
41 10
41 12
41 23
41 27
41 28
41 33
41 45
41 63
41 87
41 88
41 90
41 94
42 15
42 37
42 69
42 72
42 73
43 6
43 9
43 13
43 23
43 24
43 25
43 27
43 40
43 44
43 45
43 55
43 57
43 65
43 71
43 80
43 85
43 87
43 88
43 94
43 96
44 13
44 24
44 25
44 32
44 39
44 43
44 55
44 57
44 65
44 71
44 80
44 85
44 98
45 1
45 6
45 8
45 9
45 13
45 23
45 27
45 28
45 40
45 41
45 43
45 65
45 87
45 88
45 94
46 5
46 22
46 47
46 48
46 67
46 74
47 22
47 31
47 46
47 48
47 67
47 74
47 91
48 5
48 21
48 22
48 34
48 46
48 47
48 67
48 74
48 77
48 86
49 4
49 5
49 34
49 38
49 83
49 93
50 0
50 12
50 14
50 21
50 29
50 59
50 66
50 68
50 70
50 76
50 77
50 81
50 86
50 97
51 2
51 16
51 17
51 18
51 19
51 36
51 52
51 53
51 58
51 78
51 81
51 84
51 90
51 99
52 20
52 21
52 36
52 51
52 59
52 64
52 76
52 77
52 81
52 95
53 2
53 16
53 17
53 18
53 19
53 36
53 51
53 58
53 78
53 84
53 90
53 92
53 99
54 31
54 56
54 62
54 91
55 13
55 24
55 25
55 32
55 43
55 44
55 57
55 65
55 71
55 80
55 85
55 96
56 31
56 54
56 62
56 91
57 24
57 25
57 32
57 43
57 44
57 55
57 65
57 71
57 80
57 89
57 96
58 2
58 16
58 17
58 18
58 19
58 51
58 53
58 73
58 78
58 84
58 92
59 0
59 12
59 16
59 21
59 29
59 36
59 50
59 52
59 64
59 66
59 76
59 77
59 81
59 86
59 99
60 26
60 38
60 61
60 75
61 4
61 7
61 26
61 60
61 75
62 3
62 20
62 31
62 35
62 54
62 56
62 64
62 82
62 91
62 95
63 0
63 2
63 8
63 10
63 12
63 16
63 27
63 33
63 41
63 68
63 90
63 99
64 20
64 21
64 52
64 59
64 62
64 67
64 76
64 77
64 81
64 86
64 95
65 1
65 6
65 9
65 13
65 23
65 24
65 25
65 27
65 40
65 43
65 44
65 45
65 55
65 57
65 80
65 87
65 88
65 94
65 96
66 0
66 12
66 14
66 21
66 29
66 38
66 50
66 59
66 68
66 70
66 76
66 77
66 79
66 81
66 86
66 97
67 21
67 22
67 46
67 47
67 48
67 64
67 74
67 76
67 77
67 86
68 0
68 9
68 12
68 14
68 27
68 30
68 33
68 39
68 50
68 63
68 66
68 70
68 79
68 85
68 97
69 15
69 37
69 42
69 72
69 73
69 92
70 0
70 14
70 29
70 30
70 38
70 50
70 66
70 68
70 79
70 97
71 13
71 25
71 32
71 39
71 43
71 44
71 55
71 57
71 80
71 85
71 98
72 15
72 42
72 69
72 73
72 92
73 10
73 15
73 18
73 19
73 28
73 37
73 42
73 58
73 69
73 72
73 84
73 92
74 5
74 22
74 34
74 46
74 47
74 48
74 67
75 26
75 60
75 61
76 0
76 21
76 29
76 36
76 50
76 52
76 59
76 64
76 66
76 67
76 77
76 81
76 86
77 21
77 29
77 48
77 50
77 52
77 59
77 64
77 66
77 67
77 76
77 81
77 86
78 17
78 18
78 36
78 51
78 53
78 58
79 0
79 14
79 27
79 30
79 39
79 66
79 68
79 70
79 85
79 97
80 9
80 13
80 24
80 25
80 32
80 39
80 43
80 44
80 55
80 57
80 65
80 71
80 85
80 96
81 0
81 16
81 21
81 36
81 50
81 51
81 52
81 59
81 64
81 66
81 76
81 77
81 99
82 3
82 20
82 35
82 62
82 95
83 4
83 7
83 11
83 49
83 93
84 2
84 10
84 16
84 17
84 18
84 19
84 36
84 51
84 53
84 58
84 73
84 90
84 92
84 99
85 13
85 27
85 30
85 39
85 43
85 44
85 55
85 68
85 71
85 79
85 80
85 98
86 21
86 29
86 34
86 38
86 48
86 50
86 59
86 64
86 66
86 67
86 76
86 77
87 1
87 6
87 8
87 9
87 13
87 23
87 27
87 40
87 41
87 43
87 45
87 65
87 88
87 94
88 1
88 6
88 8
88 9
88 13
88 23
88 27
88 28
88 40
88 41
88 43
88 45
88 65
88 87
88 94
89 24
89 25
89 32
89 57
89 96
90 2
90 8
90 10
90 12
90 16
90 33
90 36
90 41
90 51
90 53
90 63
90 84
90 92
90 99
91 20
91 31
91 47
91 54
91 56
91 62
91 95
92 2
92 10
92 15
92 18
92 19
92 28
92 37
92 53
92 58
92 69
92 72
92 73
92 84
92 90
93 4
93 5
93 34
93 38
93 49
93 83
94 1
94 6
94 8
94 9
94 10
94 13
94 23
94 27
94 28
94 40
94 41
94 43
94 45
94 65
94 87
94 88
95 3
95 20
95 35
95 52
95 62
95 64
95 82
95 91
96 13
96 24
96 25
96 40
96 43
96 55
96 57
96 65
96 80
96 89
97 0
97 12
97 14
97 29
97 30
97 38
97 50
97 66
97 68
97 70
97 79
98 39
98 44
98 71
98 85
99 0
99 2
99 12
99 16
99 33
99 36
99 51
99 53
99 59
99 63
99 81
99 84
99 90
