4
2 1
100
0 50.000000 50.000000 20 99999999 4
1 65.707725 55.694661 20 123 2
2 21.294978 15.158445 20 100 4
3 29.836406 3.200762 20 121 5
4 6.374782 94.981353 20 103 4
5 22.841985 92.119484 20 113 2
6 82.703197 65.890302 20 117 3
7 74.869926 14.615031 20 108 1
8 41.076880 33.568144 20 112 2
9 27.753136 21.214232 20 115 5
10 1.339671 23.482280 20 116 5
11 9.552396 52.811448 20 118 1
12 85.435498 17.668162 20 123 1
13 29.956140 44.677980 20 142 4
14 90.337645 9.668355 20 125 4
15 94.602114 17.583439 20 132 5
16 1.130342 19.243244 20 100 1
17 57.653095 84.376375 20 121 2
18 6.163973 88.258143 20 108 3
19 23.442786 39.378178 20 110 3
20 76.522885 48.218634 20 131 1
21 9.533635 26.221689 20 132 1
22 14.730276 84.900708 20 139 5
23 70.735075 20.243285 20 144 5
24 83.625976 55.332193 20 113 4
25 81.399500 29.808231 20 132 1
26 56.668442 38.785045 20 114 4
27 24.791077 69.886437 20 105 1
28 23.261818 16.366140 20 119 3
29 29.551477 14.954216 20 146 3
30 58.492791 31.343941 20 100 4
31 75.109600 77.841002 20 127 5
32 28.954790 90.599717 20 128 4
33 35.461363 26.914178 20 127 3
34 38.213982 19.667542 20 111 5
35 73.939416 6.492537 20 102 5
36 89.048516 44.861214 20 119 1
37 97.974873 76.817587 20 119 5
38 16.559313 94.306825 20 112 4
39 75.537701 55.099192 20 105 5
40 28.261991 55.661660 20 145 5
41 5.043111 57.358239 20 118 4
42 6.121822 40.817224 20 117 3
43 65.564072 17.116589 20 114 4
44 6.389790 65.971427 20 131 4
45 35.731158 76.292949 20 117 1
46 68.253271 92.635864 20 132 2
47 94.694987 87.576240 20 123 2
48 86.168370 30.114455 20 125 4
49 65.199229 17.516684 20 118 4
50 45.327015 71.552621 20 105 1
51 54.795966 6.542969 20 113 1
52 30.242355 23.539289 20 118 1
53 66.533076 9.419595 20 139 1
54 54.709231 51.476346 20 131 2
55 98.958039 49.303992 20 126 1
56 62.065001 48.415527 20 107 5
57 90.440549 13.996153 20 117 2
58 44.736845 16.250298 20 123 4
59 98.238591 39.079296 20 107 1
60 74.793220 8.976870 20 120 2
61 24.691918 37.731110 20 106 2
62 85.540685 79.143197 20 137 2
63 14.863871 82.659657 20 140 2
64 44.309088 54.588259 20 102 3
65 43.796550 62.077705 20 104 1
66 5.306873 18.705628 20 139 1
67 44.950291 65.973234 20 143 2
68 39.973075 54.918969 20 102 1
69 71.661691 41.632227 20 140 3
70 39.638563 66.485338 20 113 1
71 54.878570 2.635841 20 146 3
72 9.529677 85.936753 20 133 2
73 12.370406 72.483501 20 101 3
74 45.571980 10.155742 20 143 5
75 64.372499 4.123637 20 137 3
76 0.928652 18.681200 20 147 1
77 10.331518 52.968617 20 132 3
78 18.644589 70.728256 20 141 1
79 44.254068 12.720409 20 143 3
80 15.409806 62.499903 20 108 3
81 47.338755 0.712012 20 117 3
82 2.448171 40.550684 20 102 2
83 3.025352 48.735271 20 127 2
84 46.556015 93.363450 20 149 4
85 59.531922 85.693949 20 109 4
86 10.707923 19.463181 20 111 5
87 41.271331 40.683031 20 121 5
88 26.361293 35.641431 20 116 4
89 81.398521 18.960656 20 125 2
90 30.600624 23.438739 20 108 5
91 59.381144 94.005682 20 138 2
92 72.389297 75.006513 20 127 4
93 89.930288 77.099135 20 132 2
94 86.061362 73.265416 20 130 4
95 89.663329 20.616310 20 107 1
96 12.444381 92.659709 20 136 2
97 87.111262 46.760326 20 112 2
98 10.534392 69.833879 20 105 1
99 44.220586 37.450943 20 109 5
3410
0 1
0 6
0 8
0 9
0 13
0 17
0 19
0 20
0 23
0 24
0 25
0 26
0 27
0 30
0 31
0 33
0 34
0 36
0 39
0 40
0 43
0 45
0 49
0 50
0 52
0 54
0 56
0 58
0 61
0 64
0 65
0 67
0 68
0 69
0 70
0 77
0 78
0 79
0 80
0 85
0 87
0 88
0 90
0 92
0 97
0 99
1 0
1 6
1 8
1 13
1 17
1 20
1 23
1 24
1 25
1 26
1 30
1 31
1 36
1 37
1 39
1 40
1 43
1 45
1 46
1 48
1 49
1 50
1 54
1 55
1 56
1 59
1 62
1 64
1 65
1 67
1 68
1 69
1 70
1 85
1 87
1 89
1 91
1 92
1 93
1 94
1 97
1 99
2 3
2 8
2 9
2 10
2 11
2 13
2 16
2 19
2 21
2 28
2 29
2 33
2 34
2 42
2 51
2 52
2 58
2 61
2 66
2 71
2 74
2 76
2 77
2 79
2 81
2 82
2 83
2 86
2 87
2 88
2 90
2 99
3 2
3 8
3 9
3 10
3 16
3 19
3 21
3 28
3 29
3 33
3 34
3 43
3 49
3 51
3 52
3 53
3 58
3 61
3 66
3 71
3 74
3 75
3 76
3 79
3 81
3 86
3 87
3 88
3 90
3 99
4 5
4 18
4 22
4 27
4 32
4 38
4 41
4 44
4 45
4 63
4 72
4 73
4 78
4 80
4 96
4 98
5 4
5 17
5 18
5 22
5 27
5 32
5 38
5 40
5 41
5 44
5 45
5 50
5 63
5 65
5 67
5 70
5 72
5 73
5 78
5 80
5 84
5 85
5 91
5 96
5 98
6 0
6 1
6 17
6 20
6 24
6 25
6 26
6 31
6 36
6 37
6 39
6 46
6 47
6 48
6 50
6 54
6 55
6 56
6 59
6 62
6 65
6 67
6 69
6 85
6 91
6 92
6 93
6 94
6 97
7 8
7 12
7 14
7 15
7 20
7 23
7 25
7 26
7 30
7 34
7 35
7 36
7 43
7 48
7 49
7 51
7 53
7 56
7 57
7 58
7 59
7 60
7 69
7 71
7 74
7 75
7 79
7 81
7 89
7 95
7 97
7 99
8 0
8 1
8 2
8 3
8 7
8 9
8 11
8 13
8 19
8 20
8 21
8 23
8 26
8 27
8 28
8 29
8 30
8 33
8 34
8 40
8 42
8 43
8 49
8 50
8 51
8 52
8 53
8 54
8 56
8 58
8 61
8 64
8 65
8 66
8 67
8 68
8 69
8 70
8 71
8 74
8 75
8 77
8 79
8 80
8 81
8 82
8 86
8 87
8 88
8 90
8 99
9 0
9 2
9 3
9 8
9 10
9 11
9 13
9 16
9 19
9 21
9 26
9 28
9 29
9 30
9 33
9 34
9 40
9 42
9 43
9 49
9 51
9 52
9 58
9 61
9 64
9 66
9 68
9 71
9 74
9 76
9 77
9 79
9 81
9 82
9 83
9 86
9 87
9 88
9 90
9 99
10 2
10 3
10 9
10 11
10 13
10 16
10 19
10 21
10 28
10 29
10 33
10 34
10 41
10 42
10 52
10 61
10 66
10 76
10 77
10 82
10 83
10 86
10 88
10 90
11 2
11 8
11 9
11 10
11 13
11 16
11 18
11 19
11 21
11 22
11 27
11 28
11 33
11 40
11 41
11 42
11 44
11 45
11 52
11 61
11 63
11 64
11 65
11 66
11 67
11 68
11 70
11 72
11 73
11 76
11 77
11 78
11 80
11 82
11 83
11 86
11 87
11 88
11 90
11 96
11 98
11 99
12 7
12 14
12 15
12 20
12 23
12 24
12 25
12 26
12 30
12 35
12 36
12 39
12 43
12 48
12 49
12 51
12 53
12 55
12 56
12 57
12 59
12 60
12 69
12 71
12 75
12 89
12 95
12 97
13 0
13 1
13 2
13 8
13 9
13 10
13 11
13 16
13 19
13 21
13 26
13 27
13 28
13 29
13 30
13 33
13 34
13 40
13 41
13 42
13 44
13 45
13 50
13 52
13 54
13 56
13 58
13 61
13 64
13 65
13 66
13 67
13 68
13 70
13 73
13 74
13 76
13 77
13 78
13 79
13 80
13 82
13 83
13 86
13 87
13 88
13 90
13 98
13 99
14 7
14 12
14 15
14 23
14 25
14 30
14 35
14 36
14 43
14 48
14 49
14 51
14 53
14 57
14 59
14 60
14 69
14 71
14 75
14 89
14 95
14 97
15 7
15 12
15 14
15 20
15 23
15 24
15 25
15 30
15 35
15 36
15 43
15 48
15 49
15 53
15 55
15 57
15 59
15 60
15 69
15 75
15 89
15 95
15 97
16 2
16 3
16 9
16 10
16 11
16 13
16 19
16 21
16 28
16 29
16 33
16 34
16 41
16 42
16 52
16 61
16 66
16 76
16 77
16 82
16 83
16 86
16 88
16 90
17 0
17 1
17 5
17 6
17 24
17 27
17 31
17 32
17 39
17 45
17 46
17 47
17 50
17 54
17 56
17 62
17 64
17 65
17 67
17 68
17 70
17 84
17 85
17 91
17 92
17 93
17 94
18 4
18 5
18 11
18 22
18 27
18 32
18 38
18 40
18 41
18 44
18 45
18 63
18 70
18 72
18 73
18 77
18 78
18 80
18 83
18 96
18 98
19 0
19 2
19 3
19 8
19 9
19 10
19 11
19 13
19 16
19 21
19 26
19 27
19 28
19 29
19 30
19 33
19 34
19 40
19 41
19 42
19 44
19 45
19 50
19 52
19 54
19 56
19 58
19 61
19 64
19 65
19 66
19 67
19 68
19 70
19 73
19 74
19 76
19 77
19 78
19 79
19 80
19 82
19 83
19 86
19 87
19 88
19 90
19 98
19 99
20 0
20 1
20 6
20 7
20 8
20 12
20 15
20 23
20 24
20 25
20 26
20 30
20 31
20 36
20 37
20 39
20 43
20 48
20 49
20 50
20 54
20 55
20 56
20 57
20 59
20 60
20 62
20 64
20 65
20 67
20 68
20 69
20 87
20 89
20 92
20 93
20 94
20 95
20 97
20 99
21 2
21 3
21 8
21 9
21 10
21 11
21 13
21 16
21 19
21 28
21 29
21 33
21 34
21 40
21 41
21 42
21 44
21 52
21 58
21 61
21 66
21 74
21 76
21 77
21 79
21 80
21 82
21 83
21 86
21 87
21 88
21 90
21 99
22 4
22 5
22 11
22 18
22 27
22 32
22 38
22 40
22 41
22 44
22 45
22 50
22 63
22 65
22 67
22 68
22 70
22 72
22 73
22 77
22 78
22 80
22 83
22 84
22 96
22 98
23 0
23 1
23 7
23 8
23 12
23 14
23 15
23 20
23 24
23 25
23 26
23 30
23 33
23 34
23 35
23 36
23 39
23 43
23 48
23 49
23 51
23 53
23 54
23 56
23 57
23 58
23 59
23 60
23 69
23 71
23 74
23 75
23 79
23 81
23 87
23 89
23 95
23 97
23 99
24 0
24 1
24 6
24 12
24 15
24 17
24 20
24 23
24 25
24 26
24 30
24 31
24 36
24 37
24 39
24 47
24 48
24 54
24 55
24 56
24 59
24 62
24 64
24 69
24 85
24 89
24 92
24 93
24 94
24 95
24 97
25 0
25 1
25 6
25 7
25 12
25 14
25 15
25 20
25 23
25 24
25 26
25 30
25 35
25 36
25 39
25 43
25 48
25 49
25 51
25 53
25 54
25 55
25 56
25 57
25 58
25 59
25 60
25 69
25 71
25 75
25 89
25 95
25 97
25 99
26 0
26 1
26 6
26 7
26 8
26 9
26 12
26 13
26 19
26 20
26 23
26 24
26 25
26 29
26 30
26 33
26 34
26 35
26 36
26 39
26 40
26 43
26 48
26 49
26 50
26 51
26 52
26 53
26 54
26 56
26 58
26 60
26 61
26 64
26 65
26 67
26 68
26 69
26 70
26 71
26 74
26 75
26 79
26 81
26 87
26 88
26 89
26 90
26 92
26 95
26 97
26 99
27 0
27 4
27 5
27 8
27 11
27 13
27 17
27 18
27 19
27 22
27 32
27 38
27 40
27 41
27 42
27 44
27 45
27 50
27 54
27 61
27 63
27 64
27 65
27 67
27 68
27 70
27 72
27 73
27 77
27 78
27 80
27 82
27 83
27 84
27 85
27 87
27 88
27 96
27 98
27 99
28 2
28 3
28 8
28 9
28 10
28 11
28 13
28 16
28 19
28 21
28 29
28 30
28 33
28 34
28 40
28 42
28 51
28 52
28 58
28 61
28 66
28 71
28 74
28 76
28 77
28 79
28 81
28 82
28 83
28 86
28 87
28 88
28 90
28 99
29 2
29 3
29 8
29 9
29 10
29 13
29 16
29 19
29 21
29 26
29 28
29 30
29 33
29 34
29 42
29 43
29 49
29 51
29 52
29 53
29 58
29 61
29 66
29 71
29 74
29 75
29 76
29 79
29 81
29 82
29 86
29 87
29 88
29 90
29 99
30 0
30 1
30 7
30 8
30 9
30 12
30 13
30 14
30 15
30 19
30 20
30 23
30 24
30 25
30 26
30 28
30 29
30 33
30 34
30 35
30 36
30 39
30 40
30 43
30 48
30 49
30 51
30 52
30 53
30 54
30 56
30 57
30 58
30 60
30 61
30 64
30 65
30 67
30 68
30 69
30 70
30 71
30 74
30 75
30 79
30 81
30 87
30 88
30 89
30 90
30 95
30 97
30 99
31 0
31 1
31 6
31 17
31 20
31 24
31 36
31 37
31 39
31 45
31 46
31 47
31 50
31 54
31 55
31 56
31 62
31 64
31 65
31 67
31 69
31 70
31 84
31 85
31 91
31 92
31 93
31 94
31 97
32 4
32 5
32 17
32 18
32 22
32 27
32 38
32 40
32 44
32 45
32 46
32 50
32 63
32 64
32 65
32 67
32 68
32 70
32 72
32 73
32 78
32 80
32 84
32 85
32 91
32 96
32 98
33 0
33 2
33 3
33 8
33 9
33 10
33 11
33 13
33 16
33 19
33 21
33 23
33 26
33 28
33 29
33 30
33 34
33 40
33 42
33 43
33 49
33 51
33 52
33 53
33 54
33 56
33 58
33 61
33 64
33 65
33 66
33 68
33 69
33 70
33 71
33 74
33 75
33 76
33 77
33 79
33 81
33 82
33 83
33 86
33 87
33 88
33 90
33 99
34 0
34 2
34 3
34 7
34 8
34 9
34 10
34 13
34 16
34 19
34 21
34 23
34 26
34 28
34 29
34 30
34 33
34 35
34 40
34 42
34 43
34 49
34 51
34 52
34 53
34 54
34 56
34 58
34 60
34 61
34 64
34 66
34 68
34 71
34 74
34 75
34 76
34 79
34 81
34 86
34 87
34 88
34 90
34 99
35 7
35 12
35 14
35 15
35 23
35 25
35 26
35 30
35 34
35 43
35 48
35 49
35 51
35 53
35 57
35 58
35 60
35 69
35 71
35 74
35 75
35 79
35 81
35 89
35 95
36 0
36 1
36 6
36 7
36 12
36 14
36 15
36 20
36 23
36 24
36 25
36 26
36 30
36 31
36 37
36 39
36 43
36 48
36 49
36 54
36 55
36 56
36 57
36 59
36 60
36 62
36 69
36 89
36 92
36 93
36 94
36 95
36 97
37 1
37 6
37 20
37 24
37 31
37 36
37 39
37 46
37 47
37 55
37 59
37 62
37 85
37 92
37 93
37 94
37 97
38 4
38 5
38 18
38 22
38 27
38 32
38 41
38 44
38 45
38 50
38 63
38 70
38 72
38 73
38 78
38 80
38 84
38 96
38 98
39 0
39 1
39 6
39 12
39 17
39 20
39 23
39 24
39 25
39 26
39 30
39 31
39 36
39 37
39 43
39 46
39 47
39 48
39 49
39 50
39 54
39 55
39 56
39 59
39 62
39 64
39 65
39 67
39 68
39 69
39 70
39 85
39 87
39 89
39 92
39 93
39 94
39 95
39 97
39 99
40 0
40 1
40 5
40 8
40 9
40 11
40 13
40 18
40 19
40 21
40 22
40 26
40 27
40 28
40 30
40 32
40 33
40 34
40 41
40 42
40 44
40 45
40 50
40 52
40 54
40 56
40 61
40 63
40 64
40 65
40 67
40 68
40 70
40 72
40 73
40 77
40 78
40 80
40 82
40 83
40 87
40 88
40 90
40 98
40 99
41 4
41 5
41 10
41 11
41 13
41 16
41 18
41 19
41 21
41 22
41 27
41 38
41 40
41 42
41 44
41 45
41 61
41 63
41 64
41 65
41 66
41 68
41 70
41 72
41 73
41 76
41 77
41 78
41 80
41 82
41 83
41 86
41 87
41 88
41 96
41 98
42 2
42 8
42 9
42 10
42 11
42 13
42 16
42 19
42 21
42 27
42 28
42 29
42 33
42 34
42 40
42 41
42 44
42 52
42 61
42 66
42 68
42 73
42 76
42 77
42 78
42 80
42 82
42 83
42 86
42 87
42 88
42 90
42 98
42 99
43 0
43 1
43 3
43 7
43 8
43 9
43 12
43 14
43 15
43 20
43 23
43 25
43 26
43 29
43 30
43 33
43 34
43 35
43 36
43 39
43 48
43 49
43 51
43 52
43 53
43 54
43 56
43 57
43 58
43 59
43 60
43 69
43 71
43 74
43 75
43 79
43 81
43 87
43 89
43 90
43 95
43 97
43 99
44 4
44 5
44 11
44 13
44 18
44 19
44 21
44 22
44 27
44 32
44 38
44 40
44 41
44 42
44 45
44 50
44 61
44 63
44 64
44 65
44 67
44 68
44 70
44 72
44 73
44 77
44 78
44 80
44 82
44 83
44 88
44 96
44 98
45 0
45 1
45 4
45 5
45 11
45 13
45 17
45 18
45 19
45 22
45 27
45 31
45 32
45 38
45 40
45 41
45 44
45 46
45 50
45 54
45 56
45 63
45 64
45 65
45 67
45 68
45 70
45 72
45 73
45 77
45 78
45 80
45 84
45 85
45 87
45 91
45 92
45 96
45 98
45 99
46 1
46 6
46 17
46 31
46 32
46 37
46 39
46 45
46 47
46 50
46 62
46 65
46 67
46 70
46 84
46 85
46 91
46 92
46 93
46 94
47 6
47 17
47 24
47 31
47 37
47 39
47 46
47 55
47 62
47 85
47 91
47 92
47 93
47 94
48 1
48 6
48 7
48 12
48 14
48 15
48 20
48 23
48 24
48 25
48 26
48 30
48 35
48 36
48 39
48 43
48 49
48 51
48 53
48 54
48 55
48 56
48 57
48 59
48 60
48 69
48 75
48 89
48 95
48 97
49 0
49 1
49 3
49 7
49 8
49 9
49 12
49 14
49 15
49 20
49 23
49 25
49 26
49 29
49 30
49 33
49 34
49 35
49 36
49 39
49 43
49 48
49 51
49 52
49 53
49 54
49 56
49 57
49 58
49 59
49 60
49 69
49 71
49 74
49 75
49 79
49 81
49 87
49 89
49 90
49 95
49 97
49 99
50 0
50 1
50 5
50 6
50 8
50 13
50 17
50 19
50 20
50 22
50 26
50 27
50 31
50 32
50 38
50 39
50 40
50 44
50 45
50 46
50 54
50 56
50 61
50 63
50 64
50 65
50 67
50 68
50 69
50 70
50 72
50 73
50 77
50 78
50 80
50 84
50 85
50 87
50 91
50 92
50 96
50 98
50 99
51 2
51 3
51 7
51 8
51 9
51 12
51 14
51 23
51 25
51 26
51 28
51 29
51 30
51 33
51 34
51 35
51 43
51 48
51 49
51 52
51 53
51 57
51 58
51 60
51 69
51 71
51 74
51 75
51 79
51 81
51 87
51 89
51 90
51 95
51 99
52 0
52 2
52 3
52 8
52 9
52 10
52 11
52 13
52 16
52 19
52 21
52 26
52 28
52 29
52 30
52 33
52 34
52 40
52 42
52 43
52 49
52 51
52 53
52 54
52 58
52 61
52 64
52 66
52 68
52 71
52 74
52 75
52 76
52 77
52 79
52 81
52 82
52 83
52 86
52 87
52 88
52 90
52 99
53 3
53 7
53 8
53 12
53 14
53 15
53 23
53 25
53 26
53 29
53 30
53 33
53 34
53 35
53 43
53 48
53 49
53 51
53 52
53 56
53 57
53 58
53 60
53 69
53 71
53 74
53 75
53 79
53 81
53 89
53 90
53 95
53 99
54 0
54 1
54 6
54 8
54 13
54 17
54 19
54 20
54 23
54 24
54 25
54 26
54 27
54 30
54 31
54 33
54 34
54 36
54 39
54 40
54 43
54 45
54 48
54 49
54 50
54 52
54 56
54 58
54 61
54 64
54 65
54 67
54 68
54 69
54 70
54 85
54 87
54 88
54 90
54 92
54 94
54 97
54 99
55 1
55 6
55 12
55 15
55 20
55 24
55 25
55 31
55 36
55 37
55 39
55 47
55 48
55 56
55 57
55 59
55 62
55 69
55 89
55 92
55 93
55 94
55 95
55 97
56 0
56 1
56 6
56 7
56 8
56 12
56 13
56 17
56 19
56 20
56 23
56 24
56 25
56 26
56 30
56 31
56 33
56 34
56 36
56 39
56 40
56 43
56 45
56 48
56 49
56 50
56 53
56 54
56 55
56 58
56 59
56 61
56 62
56 64
56 65
56 67
56 68
56 69
56 70
56 79
56 85
56 87
56 88
56 89
56 92
56 93
56 94
56 95
56 97
56 99
57 7
57 12
57 14
57 15
57 20
57 23
57 25
57 30
57 35
57 36
57 43
57 48
57 49
57 51
57 53
57 55
57 59
57 60
57 69
57 71
57 75
57 89
57 95
57 97
58 0
58 2
58 3
58 7
58 8
58 9
58 13
58 19
58 21
58 23
58 25
58 26
58 28
58 29
58 30
58 33
58 34
58 35
58 43
58 49
58 51
58 52
58 53
58 54
58 56
58 60
58 61
58 64
58 66
58 68
58 69
58 71
58 74
58 75
58 79
58 81
58 86
58 87
58 88
58 89
58 90
58 99
59 1
59 6
59 7
59 12
59 14
59 15
59 20
59 23
59 24
59 25
59 36
59 37
59 39
59 43
59 48
59 49
59 55
59 56
59 57
59 60
59 69
59 89
59 93
59 94
59 95
59 97
60 7
60 12
60 14
60 15
60 20
60 23
60 25
60 26
60 30
60 34
60 35
60 36
60 43
60 48
60 49
60 51
60 53
60 57
60 58
60 59
60 69
60 71
60 74
60 75
60 79
60 81
60 89
60 95
60 97
61 0
61 2
61 3
61 8
61 9
61 10
61 11
61 13
61 16
61 19
61 21
61 26
61 27
61 28
61 29
61 30
61 33
61 34
61 40
61 41
61 42
61 44
61 50
61 52
61 54
61 56
61 58
61 64
61 65
61 66
61 67
61 68
61 70
61 73
61 74
61 76
61 77
61 78
61 79
61 80
61 82
61 83
61 86
61 87
61 88
61 90
61 98
61 99
62 1
62 6
62 17
62 20
62 24
62 31
62 36
62 37
62 39
62 46
62 47
62 55
62 56
62 69
62 85
62 91
62 92
62 93
62 94
62 97
63 4
63 5
63 11
63 18
63 22
63 27
63 32
63 38
63 40
63 41
63 44
63 45
63 50
63 65
63 67
63 68
63 70
63 72
63 73
63 77
63 78
63 80
63 83
63 84
63 96
63 98
64 0
64 1
64 8
64 9
64 11
64 13
64 17
64 19
64 20
64 24
64 26
64 27
64 30
64 31
64 32
64 33
64 34
64 39
64 40
64 41
64 44
64 45
64 50
64 52
64 54
64 56
64 58
64 61
64 65
64 67
64 68
64 69
64 70
64 73
64 77
64 78
64 80
64 84
64 85
64 87
64 88
64 90
64 92
64 98
64 99
65 0
65 1
65 5
65 6
65 8
65 11
65 13
65 17
65 19
65 20
65 22
65 26
65 27
65 30
65 31
65 32
65 33
65 39
65 40
65 41
65 44
65 45
65 46
65 50
65 54
65 56
65 61
65 63
65 64
65 67
65 68
65 69
65 70
65 73
65 77
65 78
65 80
65 84
65 85
65 87
65 88
65 91
65 92
65 98
65 99
66 2
66 3
66 8
66 9
66 10
66 11
66 13
66 16
66 19
66 21
66 28
66 29
66 33
66 34
66 41
66 42
66 52
66 58
66 61
66 76
66 77
66 79
66 82
66 83
66 86
66 88
66 90
67 0
67 1
67 5
67 6
67 8
67 11
67 13
67 17
67 19
67 20
67 22
67 26
67 27
67 30
67 31
67 32
67 39
67 40
67 44
67 45
67 46
67 50
67 54
67 56
67 61
67 63
67 64
67 65
67 68
67 69
67 70
67 73
67 77
67 78
67 80
67 84
67 85
67 87
67 88
67 91
67 92
67 98
67 99
68 0
68 1
68 8
68 9
68 11
68 13
68 17
68 19
68 20
68 22
68 26
68 27
68 30
68 32
68 33
68 34
68 39
68 40
68 41
68 42
68 44
68 45
68 50
68 52
68 54
68 56
68 58
68 61
68 63
68 64
68 65
68 67
68 69
68 70
68 73
68 77
68 78
68 80
68 83
68 84
68 85
68 87
68 88
68 90
68 92
68 98
68 99
69 0
69 1
69 6
69 7
69 8
69 12
69 14
69 15
69 20
69 23
69 24
69 25
69 26
69 30
69 31
69 33
69 35
69 36
69 39
69 43
69 48
69 49
69 50
69 51
69 53
69 54
69 55
69 56
69 57
69 58
69 59
69 60
69 62
69 64
69 65
69 67
69 68
69 75
69 79
69 87
69 89
69 92
69 93
69 94
69 95
69 97
69 99
70 0
70 1
70 5
70 8
70 11
70 13
70 17
70 18
70 19
70 22
70 26
70 27
70 30
70 31
70 32
70 33
70 38
70 39
70 40
70 41
70 44
70 45
70 46
70 50
70 54
70 56
70 61
70 63
70 64
70 65
70 67
70 68
70 72
70 73
70 77
70 78
70 80
70 84
70 85
70 87
70 88
70 91
70 92
70 96
70 98
70 99
71 2
71 3
71 7
71 8
71 9
71 12
71 14
71 23
71 25
71 26
71 28
71 29
71 30
71 33
71 34
71 35
71 43
71 49
71 51
71 52
71 53
71 57
71 58
71 60
71 74
71 75
71 79
71 81
71 89
71 90
71 95
71 99
72 4
72 5
72 11
72 18
72 22
72 27
72 32
72 38
72 40
72 41
72 44
72 45
72 50
72 63
72 70
72 73
72 77
72 78
72 80
72 83
72 84
72 96
72 98
73 4
73 5
73 11
73 13
73 18
73 19
73 22
73 27
73 32
73 38
73 40
73 41
73 42
73 44
73 45
73 50
73 61
73 63
73 64
73 65
73 67
73 68
73 70
73 72
73 77
73 78
73 80
73 82
73 83
73 88
73 96
73 98
74 2
74 3
74 7
74 8
74 9
74 13
74 19
74 21
74 23
74 26
74 28
74 29
74 30
74 33
74 34
74 35
74 43
74 49
74 51
74 52
74 53
74 58
74 60
74 61
74 71
74 75
74 79
74 81
74 86
74 87
74 88
74 89
74 90
74 99
75 3
75 7
75 8
75 12
75 14
75 15
75 23
75 25
75 26
75 29
75 30
75 33
75 34
75 35
75 43
75 48
75 49
75 51
75 52
75 53
75 57
75 58
75 60
75 69
75 71
75 74
75 79
75 81
75 89
75 90
75 95
75 99
76 2
76 3
76 9
76 10
76 11
76 13
76 16
76 19
76 21
76 28
76 29
76 33
76 34
76 41
76 42
76 52
76 61
76 66
76 77
76 82
76 83
76 86
76 88
76 90
77 0
77 2
77 8
77 9
77 10
77 11
77 13
77 16
77 18
77 19
77 21
77 22
77 27
77 28
77 33
77 40
77 41
77 42
77 44
77 45
77 50
77 52
77 61
77 63
77 64
77 65
77 66
77 67
77 68
77 70
77 72
77 73
77 76
77 78
77 80
77 82
77 83
77 86
77 87
77 88
77 90
77 96
77 98
77 99
78 0
78 4
78 5
78 11
78 13
78 18
78 19
78 22
78 27
78 32
78 38
78 40
78 41
78 42
78 44
78 45
78 50
78 61
78 63
78 64
78 65
78 67
78 68
78 70
78 72
78 73
78 77
78 80
78 82
78 83
78 84
78 87
78 88
78 96
78 98
79 0
79 2
79 3
79 7
79 8
79 9
79 13
79 19
79 21
79 23
79 26
79 28
79 29
79 30
79 33
79 34
79 35
79 43
79 49
79 51
79 52
79 53
79 56
79 58
79 60
79 61
79 66
79 69
79 71
79 74
79 75
79 81
79 86
79 87
79 88
79 89
79 90
79 99
80 0
80 4
80 5
80 8
80 11
80 13
80 18
80 19
80 21
80 22
80 27
80 32
80 38
80 40
80 41
80 42
80 44
80 45
80 50
80 61
80 63
80 64
80 65
80 67
80 68
80 70
80 72
80 73
80 77
80 78
80 82
80 83
80 87
80 88
80 96
80 98
80 99
81 2
81 3
81 7
81 8
81 9
81 23
81 26
81 28
81 29
81 30
81 33
81 34
81 35
81 43
81 49
81 51
81 52
81 53
81 58
81 60
81 71
81 74
81 75
81 79
81 89
81 90
81 99
82 2
82 8
82 9
82 10
82 11
82 13
82 16
82 19
82 21
82 27
82 28
82 29
82 33
82 40
82 41
82 42
82 44
82 52
82 61
82 66
82 73
82 76
82 77
82 78
82 80
82 83
82 86
82 87
82 88
82 90
82 98
83 2
83 9
83 10
83 11
83 13
83 16
83 18
83 19
83 21
83 22
83 27
83 28
83 33
83 40
83 41
83 42
83 44
83 52
83 61
83 63
83 66
83 68
83 72
83 73
83 76
83 77
83 78
83 80
83 82
83 86
83 87
83 88
83 90
83 98
84 5
84 17
84 22
84 27
84 31
84 32
84 38
84 45
84 46
84 50
84 63
84 64
84 65
84 67
84 68
84 70
84 72
84 78
84 85
84 91
84 92
84 96
85 0
85 1
85 5
85 6
85 17
85 24
85 27
85 31
85 32
85 37
85 39
85 45
85 46
85 47
85 50
85 54
85 56
85 62
85 64
85 65
85 67
85 68
85 70
85 84
85 91
85 92
85 93
85 94
86 2
86 3
86 8
86 9
86 10
86 11
86 13
86 16
86 19
86 21
86 28
86 29
86 33
86 34
86 41
86 42
86 52
86 58
86 61
86 66
86 74
86 76
86 77
86 79
86 82
86 83
86 87
86 88
86 90
86 99
87 0
87 1
87 2
87 3
87 8
87 9
87 11
87 13
87 19
87 20
87 21
87 23
87 26
87 27
87 28
87 29
87 30
87 33
87 34
87 39
87 40
87 41
87 42
87 43
87 45
87 49
87 50
87 51
87 52
87 54
87 56
87 58
87 61
87 64
87 65
87 67
87 68
87 69
87 70
87 74
87 77
87 78
87 79
87 80
87 82
87 83
87 86
87 88
87 90
87 99
88 0
88 2
88 3
88 8
88 9
88 10
88 11
88 13
88 16
88 19
88 21
88 26
88 27
88 28
88 29
88 30
88 33
88 34
88 40
88 41
88 42
88 44
88 52
88 54
88 56
88 58
88 61
88 64
88 65
88 66
88 67
88 68
88 70
88 73
88 74
88 76
88 77
88 78
88 79
88 80
88 82
88 83
88 86
88 87
88 90
88 98
88 99
89 1
89 7
89 12
89 14
89 15
89 20
89 23
89 24
89 25
89 26
89 30
89 35
89 36
89 39
89 43
89 48
89 49
89 51
89 53
89 55
89 56
89 57
89 58
89 59
89 60
89 69
89 71
89 74
89 75
89 79
89 81
89 95
89 97
90 0
90 2
90 3
90 8
90 9
90 10
90 11
90 13
90 16
90 19
90 21
90 26
90 28
90 29
90 30
90 33
90 34
90 40
90 42
90 43
90 49
90 51
90 52
90 53
90 54
90 58
90 61
90 64
90 66
90 68
90 71
90 74
90 75
90 76
90 77
90 79
90 81
90 82
90 83
90 86
90 87
90 88
90 99
91 1
91 5
91 6
91 17
91 31
91 32
91 45
91 46
91 47
91 50
91 62
91 65
91 67
91 70
91 84
91 85
91 92
91 93
91 94
92 0
92 1
92 6
92 17
92 20
92 24
92 26
92 31
92 36
92 37
92 39
92 45
92 46
92 47
92 50
92 54
92 55
92 56
92 62
92 64
92 65
92 67
92 68
92 69
92 70
92 84
92 85
92 91
92 93
92 94
92 97
93 1
93 6
93 17
93 20
93 24
93 31
93 36
93 37
93 39
93 46
93 47
93 55
93 56
93 59
93 62
93 69
93 85
93 91
93 92
93 94
93 97
94 1
94 6
94 17
94 20
94 24
94 31
94 36
94 37
94 39
94 46
94 47
94 54
94 55
94 56
94 59
94 62
94 69
94 85
94 91
94 92
94 93
94 97
95 7
95 12
95 14
95 15
95 20
95 23
95 24
95 25
95 26
95 30
95 35
95 36
95 39
95 43
95 48
95 49
95 51
95 53
95 55
95 56
95 57
95 59
95 60
95 69
95 71
95 75
95 89
95 97
96 4
96 5
96 11
96 18
96 22
96 27
96 32
96 38
96 41
96 44
96 45
96 50
96 63
96 70
96 72
96 73
96 77
96 78
96 80
96 84
96 98
97 0
97 1
97 6
97 7
97 12
97 14
97 15
97 20
97 23
97 24
97 25
97 26
97 30
97 31
97 36
97 37
97 39
97 43
97 48
97 49
97 54
97 55
97 56
97 57
97 59
97 60
97 62
97 69
97 89
97 92
97 93
97 94
97 95
98 4
98 5
98 11
98 13
98 18
98 19
98 22
98 27
98 32
98 38
98 40
98 41
98 42
98 44
98 45
98 50
98 61
98 63
98 64
98 65
98 67
98 68
98 70
98 72
98 73
98 77
98 78
98 80
98 82
98 83
98 88
98 96
99 0
99 1
99 2
99 3
99 7
99 8
99 9
99 11
99 13
99 19
99 20
99 21
99 23
99 25
99 26
99 27
99 28
99 29
99 30
99 33
99 34
99 39
99 40
99 42
99 43
99 45
99 49
99 50
99 51
99 52
99 53
99 54
99 56
99 58
99 61
99 64
99 65
99 67
99 68
99 69
99 70
99 71
99 74
99 75
99 77
99 79
99 80
99 81
99 86
99 87
99 88
99 90
