4
2 1
110
0 50.000000 50.000000 10 99999999 1
1 71.531710 73.575212 10 120 5
2 60.798084 21.299397 10 143 3
3 73.713864 65.941022 10 101 3
4 53.537613 84.595926 10 105 4
5 37.728482 13.581532 10 112 3
6 8.101976 15.776160 10 137 2
7 92.670486 49.547344 10 140 3
8 53.488469 8.908259 10 137 5
9 16.703493 9.967302 10 133 3
10 90.891329 42.217681 10 113 2
11 67.783429 7.885780 10 130 5
12 93.064421 21.107724 10 120 5
13 9.352467 91.308733 10 149 3
14 74.962693 15.764712 10 123 4
15 87.105185 0.687288 10 123 4
16 45.767828 80.725077 10 117 5
17 1.296412 45.109392 10 149 5
18 21.916358 13.971946 10 107 4
19 77.713635 4.515986 10 139 5
20 21.335891 96.992108 10 120 4
21 91.877363 52.983915 10 131 3
22 31.488098 78.317648 10 103 5
23 59.678752 64.972544 10 129 4
24 27.560398 74.004516 10 126 2
25 54.621746 89.809093 10 144 5
26 5.241065 49.986366 10 133 5
27 90.856968 68.817098 10 103 5
28 49.291536 51.123918 10 119 2
29 95.847071 91.990640 10 102 1
30 98.050558 18.956693 10 137 4
31 35.099356 80.868523 10 129 2
32 64.383062 88.079602 10 116 1
33 85.489490 97.460362 10 129 2
34 89.904402 18.950157 10 123 3
35 59.749060 52.850129 10 103 5
36 15.813220 59.886087 10 128 2
37 59.308021 63.369731 10 128 3
38 54.454316 74.286877 10 106 1
39 40.808529 16.615571 10 130 3
40 73.415038 88.239381 10 112 2
41 39.731000 68.290711 10 140 3
42 62.642434 85.573595 10 104 4
43 55.201356 55.508896 10 119 1
44 40.523681 1.030794 10 145 3
45 46.687454 59.394606 10 130 3
46 43.925900 33.763779 10 104 5
47 6.156415 55.889799 10 133 5
48 21.817700 10.489011 10 107 3
49 75.814825 96.396989 10 136 1
50 90.572866 40.384354 10 106 3
51 15.276210 26.685075 10 116 3
52 22.412225 60.055054 10 107 5
53 14.321403 45.109185 10 137 1
54 60.880773 50.264748 10 149 3
55 96.081580 29.285249 10 135 1
56 2.807814 86.327589 10 113 1
57 25.323509 7.313879 10 133 2
58 34.651081 92.498756 10 139 2
59 29.632837 20.289818 10 137 3
60 4.559242 24.030061 10 142 2
61 15.634963 66.740190 10 115 4
62 64.952996 57.405490 10 107 4
63 39.123880 29.676822 10 104 2
64 56.794479 6.964973 10 130 5
65 0.779529 88.509141 10 100 2
66 81.462440 67.887886 10 105 3
67 18.682308 85.605207 10 120 1
68 99.723334 39.753397 10 121 4
69 44.369310 62.785365 10 123 1
70 71.570482 19.406869 10 148 4
71 19.464695 56.569083 10 133 5
72 89.317446 29.748781 10 123 3
73 74.217192 82.283197 10 136 5
74 51.323463 69.108881 10 138 1
75 64.241800 3.228559 10 134 1
76 27.121307 43.727438 10 141 3
77 48.433053 81.241662 10 123 1
78 14.990691 31.594658 10 131 1
79 67.818577 78.296831 10 124 3
80 51.707529 74.634344 10 135 5
81 46.777280 18.981105 10 108 1
82 86.936406 70.013158 10 120 1
83 27.547507 30.506605 10 122 5
84 88.753719 55.356625 10 143 1
85 54.442662 54.902431 10 104 5
86 4.524968 55.094002 10 149 4
87 16.019669 48.486655 10 110 4
88 67.718608 52.430912 10 112 5
89 24.544794 60.712900 10 117 3
90 70.567249 96.281140 10 136 4
91 95.927750 89.052085 10 117 1
92 45.184092 97.668437 10 100 4
93 25.003043 18.722999 10 146 4
94 90.799587 19.702123 10 106 1
95 33.260876 98.260232 10 136 2
96 87.097890 43.960724 10 119 3
97 37.124225 76.361664 10 123 2
98 81.692073 14.218857 10 127 3
99 67.576352 84.374158 10 144 3
100 36.912315 39.586651 10 132 3
101 45.673484 69.927502 10 121 2
102 5.991157 49.156804 10 108 5
103 14.911394 1.486543 10 138 1
104 93.890263 2.547369 10 105 5
105 85.927856 21.133249 10 110 1
106 58.169286 80.512441 10 147 5
107 74.427283 64.756510 10 143 4
108 81.416802 29.480988 10 108 2
109 43.258803 95.843319 10 114 4
1254
0 23
0 28
0 35
0 37
0 43
0 45
0 46
0 54
0 62
0 69
0 74
0 85
0 88
0 100
1 3
1 23
1 27
1 32
1 37
1 38
1 40
1 42
1 62
1 66
1 73
1 79
1 80
1 82
1 99
1 106
1 107
2 8
2 11
2 14
2 64
2 70
2 75
2 81
3 1
3 23
3 27
3 35
3 37
3 62
3 66
3 73
3 79
3 82
3 84
3 88
3 99
3 107
4 16
4 25
4 31
4 32
4 38
4 42
4 74
4 77
4 79
4 80
4 92
4 97
4 99
4 101
4 106
4 109
5 8
5 18
5 39
5 44
5 48
5 57
5 59
5 63
5 81
5 83
5 93
6 9
6 18
6 48
6 51
6 57
6 60
6 78
6 93
6 103
7 10
7 21
7 27
7 50
7 68
7 84
7 96
8 2
8 5
8 11
8 39
8 44
8 64
8 75
8 81
9 6
9 18
9 48
9 51
9 57
9 59
9 60
9 93
9 103
10 7
10 21
10 50
10 55
10 68
10 72
10 84
10 96
10 108
11 2
11 8
11 14
11 19
11 64
11 70
11 75
11 98
12 14
12 30
12 34
12 50
12 55
12 68
12 72
12 94
12 98
12 104
12 105
12 108
13 20
13 56
13 65
13 67
14 2
14 11
14 12
14 15
14 19
14 34
14 70
14 75
14 94
14 98
14 105
14 108
15 14
15 19
15 34
15 94
15 98
15 104
16 4
16 22
16 24
16 25
16 31
16 38
16 41
16 42
16 58
16 69
16 74
16 77
16 80
16 92
16 97
16 101
16 106
16 109
17 26
17 47
17 53
17 78
17 86
17 87
17 102
18 5
18 6
18 9
18 39
18 48
18 51
18 57
18 59
18 78
18 83
18 93
18 103
19 11
19 14
19 15
19 34
19 70
19 75
19 98
19 104
19 105
20 13
20 58
20 67
20 95
21 7
21 10
21 27
21 50
21 66
21 68
21 82
21 84
21 96
22 16
22 24
22 31
22 41
22 58
22 61
22 67
22 77
22 89
22 97
22 101
23 0
23 1
23 3
23 28
23 35
23 37
23 38
23 43
23 45
23 54
23 62
23 69
23 74
23 77
23 79
23 80
23 85
23 88
23 101
23 106
23 107
24 16
24 22
24 31
24 36
24 41
24 52
24 58
24 61
24 67
24 71
24 89
24 97
24 101
25 4
25 16
25 32
25 38
25 40
25 42
25 77
25 79
25 80
25 90
25 92
25 99
25 106
25 109
26 17
26 36
26 47
26 52
26 53
26 61
26 71
26 86
26 87
26 102
27 1
27 3
27 7
27 21
27 66
27 82
27 84
27 107
28 0
28 23
28 35
28 37
28 41
28 43
28 45
28 46
28 54
28 62
28 69
28 74
28 85
28 88
28 100
28 101
29 33
29 91
30 12
30 34
30 55
30 72
30 94
30 98
30 104
30 105
30 108
31 4
31 16
31 22
31 24
31 41
31 58
31 67
31 77
31 80
31 92
31 95
31 97
31 101
31 109
32 1
32 4
32 25
32 38
32 40
32 42
32 49
32 73
32 77
32 79
32 80
32 90
32 99
32 106
33 29
33 40
33 49
33 73
33 90
33 91
34 12
34 14
34 15
34 19
34 30
34 55
34 70
34 72
34 94
34 98
34 104
34 105
34 108
35 0
35 3
35 23
35 28
35 37
35 43
35 45
35 54
35 62
35 69
35 74
35 85
35 88
35 107
36 24
36 26
36 47
36 52
36 53
36 61
36 71
36 76
36 86
36 87
36 89
36 102
37 0
37 1
37 3
37 23
37 28
37 35
37 38
37 43
37 45
37 54
37 62
37 69
37 74
37 79
37 80
37 85
37 88
37 101
37 106
37 107
38 1
38 4
38 16
38 23
38 25
38 32
38 37
38 41
38 42
38 43
38 45
38 62
38 69
38 74
38 77
38 79
38 80
38 85
38 97
38 99
38 101
38 106
39 5
39 8
39 18
39 44
39 46
39 48
39 57
39 59
39 63
39 64
39 81
39 83
39 93
40 1
40 25
40 32
40 33
40 42
40 49
40 73
40 79
40 90
40 99
40 106
41 16
41 22
41 24
41 28
41 31
41 38
41 45
41 52
41 69
41 74
41 77
41 80
41 85
41 89
41 97
41 101
42 1
42 4
42 16
42 25
42 32
42 38
42 40
42 49
42 73
42 74
42 77
42 79
42 80
42 90
42 99
42 106
43 0
43 23
43 28
43 35
43 37
43 38
43 45
43 54
43 62
43 69
43 74
43 80
43 85
43 88
43 101
44 5
44 8
44 39
44 57
44 64
44 81
45 0
45 23
45 28
45 35
45 37
45 38
45 41
45 43
45 54
45 62
45 69
45 74
45 80
45 85
45 97
45 101
46 0
46 28
46 39
46 59
46 63
46 76
46 81
46 83
46 100
47 17
47 26
47 36
47 52
47 53
47 61
47 71
47 86
47 87
47 89
47 102
48 5
48 6
48 9
48 18
48 39
48 51
48 57
48 59
48 93
48 103
49 32
49 33
49 40
49 42
49 73
49 79
49 90
49 99
50 7
50 10
50 12
50 21
50 55
50 68
50 72
50 84
50 96
50 105
50 108
51 6
51 9
51 18
51 48
51 53
51 59
51 60
51 78
51 83
51 93
52 24
52 26
52 36
52 41
52 47
52 53
52 61
52 71
52 76
52 86
52 87
52 89
52 102
53 17
53 26
53 36
53 47
53 51
53 52
53 71
53 76
53 78
53 83
53 86
53 87
53 89
53 102
54 0
54 23
54 28
54 35
54 37
54 43
54 45
54 62
54 85
54 88
54 107
55 10
55 12
55 30
55 34
55 50
55 68
55 72
55 94
55 96
55 105
55 108
56 13
56 65
56 67
57 5
57 6
57 9
57 18
57 39
57 44
57 48
57 59
57 93
57 103
58 16
58 20
58 22
58 24
58 31
58 67
58 77
58 92
58 95
58 97
58 109
59 5
59 9
59 18
59 39
59 46
59 48
59 51
59 57
59 63
59 78
59 81
59 83
59 93
60 6
60 9
60 51
60 78
61 22
61 24
61 26
61 36
61 47
61 52
61 67
61 71
61 86
61 87
61 89
62 0
62 1
62 3
62 23
62 28
62 35
62 37
62 38
62 43
62 45
62 54
62 66
62 74
62 85
62 88
62 107
63 5
63 39
63 46
63 59
63 76
63 81
63 83
63 93
63 100
64 2
64 8
64 11
64 39
64 44
64 70
64 75
64 81
65 13
65 56
65 67
66 1
66 3
66 21
66 27
66 62
66 73
66 79
66 82
66 84
66 107
67 13
67 20
67 22
67 24
67 31
67 56
67 58
67 61
67 65
67 95
68 7
68 10
68 12
68 21
68 50
68 55
68 72
68 84
68 96
69 0
69 16
69 23
69 28
69 35
69 37
69 38
69 41
69 43
69 45
69 74
69 77
69 80
69 85
69 89
69 97
69 101
70 2
70 11
70 14
70 19
70 34
70 64
70 75
70 94
70 98
70 105
70 108
71 24
71 26
71 36
71 47
71 52
71 53
71 61
71 76
71 86
71 87
71 89
71 102
72 10
72 12
72 30
72 34
72 50
72 55
72 68
72 94
72 96
72 98
72 105
72 108
73 1
73 3
73 32
73 33
73 40
73 42
73 49
73 66
73 79
73 82
73 90
73 99
73 106
73 107
74 0
74 4
74 16
74 23
74 28
74 35
74 37
74 38
74 41
74 42
74 43
74 45
74 62
74 69
74 77
74 79
74 80
74 85
74 97
74 101
74 106
75 2
75 8
75 11
75 14
75 19
75 64
75 70
76 36
76 46
76 52
76 53
76 63
76 71
76 78
76 83
76 87
76 89
76 100
77 4
77 16
77 22
77 23
77 25
77 31
77 32
77 38
77 41
77 42
77 58
77 69
77 74
77 79
77 80
77 92
77 97
77 99
77 101
77 106
77 109
78 6
78 17
78 18
78 51
78 53
78 59
78 60
78 76
78 83
78 87
78 93
78 102
79 1
79 3
79 4
79 23
79 25
79 32
79 37
79 38
79 40
79 42
79 49
79 66
79 73
79 74
79 77
79 80
79 90
79 99
79 106
79 107
80 1
80 4
80 16
80 23
80 25
80 31
80 32
80 37
80 38
80 41
80 42
80 43
80 45
80 69
80 74
80 77
80 79
80 85
80 97
80 99
80 101
80 106
81 2
81 5
81 8
81 39
81 44
81 46
81 59
81 63
81 64
82 1
82 3
82 21
82 27
82 66
82 73
82 84
82 107
83 5
83 18
83 39
83 46
83 51
83 53
83 59
83 63
83 76
83 78
83 93
83 100
84 3
84 7
84 10
84 21
84 27
84 50
84 66
84 68
84 82
84 96
84 107
85 0
85 23
85 28
85 35
85 37
85 38
85 41
85 43
85 45
85 54
85 62
85 69
85 74
85 80
85 88
85 101
86 17
86 26
86 36
86 47
86 52
86 53
86 61
86 71
86 87
86 102
87 17
87 26
87 36
87 47
87 52
87 53
87 61
87 71
87 76
87 78
87 86
87 89
87 102
88 0
88 3
88 23
88 28
88 35
88 37
88 43
88 54
88 62
88 85
88 107
89 22
89 24
89 36
89 41
89 47
89 52
89 53
89 61
89 69
89 71
89 76
89 87
90 25
90 32
90 33
90 40
90 42
90 49
90 73
90 79
90 99
91 29
91 33
92 4
92 16
92 25
92 31
92 58
92 77
92 95
92 109
93 5
93 6
93 9
93 18
93 39
93 48
93 51
93 57
93 59
93 63
93 78
93 83
93 103
94 12
94 14
94 15
94 30
94 34
94 55
94 70
94 72
94 98
94 104
94 105
94 108
95 20
95 31
95 58
95 67
95 92
95 109
96 7
96 10
96 21
96 50
96 55
96 68
96 72
96 84
96 108
97 4
97 16
97 22
97 24
97 31
97 38
97 41
97 45
97 58
97 69
97 74
97 77
97 80
97 101
98 11
98 12
98 14
98 15
98 19
98 30
98 34
98 70
98 72
98 94
98 104
98 105
98 108
99 1
99 3
99 4
99 25
99 32
99 38
99 40
99 42
99 49
99 73
99 77
99 79
99 80
99 90
99 106
100 0
100 28
100 46
100 63
100 76
100 83
101 4
101 16
101 22
101 23
101 24
101 28
101 31
101 37
101 38
101 41
101 43
101 45
101 69
101 74
101 77
101 80
101 85
101 97
101 106
102 17
102 26
102 36
102 47
102 52
102 53
102 71
102 78
102 86
102 87
103 6
103 9
103 18
103 48
103 57
103 93
104 12
104 15
104 19
104 30
104 34
104 94
104 98
105 12
105 14
105 19
105 30
105 34
105 50
105 55
105 70
105 72
105 94
105 98
105 108
106 1
106 4
106 16
106 23
106 25
106 32
106 37
106 38
106 40
106 42
106 73
106 74
106 77
106 79
106 80
106 99
106 101
107 1
107 3
107 23
107 27
107 35
107 37
107 54
107 62
107 66
107 73
107 79
107 82
107 84
107 88
108 10
108 12
108 14
108 30
108 34
108 50
108 55
108 70
108 72
108 94
108 96
108 98
108 105
109 4
109 16
109 25
109 31
109 58
109 77
109 92
109 95
