4
2 1
120
0 50.000000 50.000000 10 99999999 4
1 78.520448 86.474141 10 126 3
2 16.434965 27.122405 10 136 2
3 86.787648 99.257364 10 124 1
4 87.298579 32.469189 10 113 4
5 90.395672 25.697772 10 134 2
6 10.710678 93.349432 10 130 1
7 69.128035 66.306020 10 110 2
8 11.545613 73.840992 10 148 3
9 69.666486 8.266141 10 125 4
10 26.614045 4.628777 10 142 5
11 39.235618 60.565847 10 121 3
12 43.483056 17.034159 10 123 1
13 20.253385 38.079369 10 135 1
14 4.549192 56.417456 10 147 2
15 22.952609 52.048430 10 133 5
16 55.581722 10.120576 10 120 2
17 95.460723 30.339109 10 130 2
18 2.501035 94.302972 10 117 4
19 77.025303 61.764247 10 135 3
20 46.440494 17.152750 10 141 3
21 4.400802 96.080594 10 128 1
22 79.220377 13.590714 10 146 4
23 64.758244 94.308398 10 138 3
24 72.852747 37.858642 10 127 1
25 90.360099 39.483387 10 118 5
26 17.061961 44.141236 10 121 4
27 45.697700 90.082329 10 141 5
28 24.048695 3.396295 10 136 1
29 41.283016 42.940926 10 125 4
30 4.963664 60.685776 10 148 1
31 23.433104 59.275730 10 108 1
32 93.325906 86.700331 10 143 4
33 75.628725 84.526298 10 136 2
34 24.796430 97.570166 10 147 3
35 34.981842 99.472635 10 125 2
36 98.209204 32.247318 10 118 4
37 74.481267 69.456924 10 147 2
38 16.994483 69.905994 10 100 3
39 65.685618 59.459209 10 103 5
40 1.578450 33.247359 10 115 5
41 54.940598 30.389562 10 123 5
42 88.512113 29.968922 10 104 4
43 22.250958 40.599626 10 145 4
44 6.921789 85.151963 10 143 1
45 25.576897 45.417712 10 129 1
46 29.758338 12.447122 10 137 1
47 92.845973 58.315683 10 119 1
48 34.501372 84.860664 10 135 3
49 72.910864 27.068328 10 138 4
50 13.069501 49.147370 10 113 4
51 95.343044 71.444171 10 127 4
52 80.051361 64.505635 10 134 4
53 5.658083 16.949099 10 141 5
54 34.910344 78.608010 10 121 3
55 30.929814 54.140950 10 116 1
56 82.457252 56.595247 10 143 2
57 90.499492 20.978417 10 130 4
58 79.841438 28.343704 10 123 3
59 7.594275 38.508994 10 145 5
60 3.159329 22.700770 10 128 4
61 4.889787 35.073193 10 139 2
62 4.692774 37.587467 10 115 4
63 53.686328 11.845391 10 140 5
64 26.812489 4.461368 10 142 3
65 94.366388 30.449206 10 117 3
66 38.003610 47.259455 10 121 1
67 91.528710 57.640030 10 131 5
68 34.433321 12.910517 10 119 5
69 21.059305 53.516208 10 115 3
70 5.750517 12.471090 10 132 2
71 37.100801 95.799020 10 142 2
72 31.410152 64.269129 10 144 2
73 49.951405 86.660759 10 126 5
74 56.352159 69.934978 10 140 1
75 61.708388 84.021319 10 132 2
76 85.962930 69.840543 10 106 5
77 66.458697 14.138221 10 114 3
78 82.693695 0.908795 10 103 5
79 76.090219 54.448001 10 105 3
80 22.081424 61.438025 10 144 2
81 66.029196 7.140677 10 116 4
82 60.104059 16.146132 10 146 3
83 39.537236 72.903366 10 119 3
84 3.150787 31.467067 10 117 5
85 6.602535 66.455885 10 143 1
86 63.898138 82.985218 10 106 3
87 14.459906 63.757998 10 138 2
88 45.749294 42.348154 10 106 1
89 15.031652 43.375139 10 144 4
90 61.808799 83.886680 10 107 1
91 93.707047 7.475544 10 101 1
92 51.759684 75.437660 10 139 3
93 65.307246 28.289092 10 125 4
94 32.485570 86.000944 10 138 1
95 33.383247 95.449472 10 134 1
96 87.670887 87.529868 10 126 3
97 17.016871 84.289372 10 106 1
98 88.547021 72.504217 10 107 5
99 89.332155 64.708943 10 139 3
100 68.169723 77.318254 10 140 2
101 29.963198 64.516590 10 101 3
102 36.666278 64.298653 10 110 3
103 53.016759 54.623483 10 145 2
104 87.156679 93.587358 10 139 1
105 86.308225 50.806926 10 148 3
106 75.084946 85.487582 10 117 3
107 76.883533 27.081436 10 147 1
108 87.338482 14.115872 10 129 2
109 75.871131 80.542548 10 141 1
110 84.395863 55.510265 10 124 5
111 15.527476 79.408993 10 133 5
112 47.742865 41.202781 10 106 3
113 49.891891 47.361298 10 130 2
114 92.568734 85.090918 10 133 1
115 1.275813 32.627962 10 103 2
116 73.863144 80.834091 10 148 1
117 41.635487 18.413683 10 107 4
118 95.728467 53.203388 10 102 2
119 67.195208 43.593397 10 132 1
1494
0 11
0 29
0 39
0 55
0 66
0 88
0 102
0 103
0 112
0 113
0 119
1 3
1 23
1 32
1 33
1 37
1 75
1 76
1 86
1 90
1 96
1 98
1 100
1 104
1 106
1 109
1 114
1 116
2 13
2 26
2 40
2 43
2 46
2 53
2 59
2 60
2 61
2 62
2 70
2 84
2 89
2 115
3 1
3 32
3 33
3 96
3 104
3 106
3 114
4 5
4 17
4 24
4 25
4 36
4 42
4 49
4 57
4 58
4 65
4 105
4 107
4 108
5 4
5 17
5 22
5 25
5 36
5 42
5 49
5 57
5 58
5 65
5 91
5 107
5 108
6 8
6 18
6 21
6 34
6 44
6 97
6 111
7 19
7 33
7 37
7 39
7 52
7 56
7 74
7 75
7 76
7 79
7 86
7 90
7 92
7 100
7 103
7 109
7 110
7 116
8 6
8 14
8 30
8 31
8 38
8 44
8 80
8 85
8 87
8 97
8 111
9 16
9 22
9 49
9 63
9 77
9 78
9 81
9 82
9 108
10 28
10 46
10 64
10 68
11 0
11 15
11 29
11 31
11 54
11 55
11 66
11 69
11 72
11 74
11 80
11 83
11 88
11 92
11 101
11 102
11 103
11 113
12 16
12 20
12 41
12 46
12 63
12 68
12 82
12 117
13 2
13 15
13 26
13 40
13 43
13 45
13 50
13 55
13 59
13 61
13 62
13 66
13 69
13 84
13 89
13 115
14 8
14 15
14 26
14 30
14 31
14 38
14 50
14 59
14 62
14 69
14 80
14 85
14 87
14 89
15 11
15 13
15 14
15 26
15 30
15 31
15 38
15 43
15 45
15 50
15 55
15 66
15 69
15 72
15 80
15 87
15 89
15 101
15 102
16 9
16 12
16 20
16 63
16 77
16 81
16 82
16 117
17 4
17 5
17 25
17 36
17 42
17 57
17 58
17 65
17 107
17 108
18 6
18 21
18 44
18 97
18 111
19 7
19 37
19 39
19 47
19 52
19 56
19 67
19 76
19 79
19 98
19 99
19 100
19 105
19 109
19 110
19 116
20 12
20 16
20 41
20 46
20 63
20 68
20 82
20 117
21 6
21 18
21 44
21 97
22 5
22 9
22 42
22 49
22 57
22 58
22 77
22 78
22 81
22 82
22 91
22 107
22 108
23 1
23 27
23 33
23 73
23 75
23 86
23 90
23 100
23 106
23 109
23 116
24 4
24 25
24 41
24 42
24 49
24 58
24 79
24 93
24 105
24 107
24 119
25 4
25 5
25 17
25 24
25 36
25 42
25 47
25 56
25 57
25 58
25 65
25 67
25 105
25 107
25 110
25 118
26 2
26 13
26 14
26 15
26 31
26 40
26 43
26 45
26 50
26 55
26 59
26 61
26 62
26 69
26 80
26 84
26 87
26 89
26 115
27 23
27 35
27 48
27 54
27 71
27 73
27 75
27 83
27 86
27 90
27 92
27 94
27 95
28 10
28 46
28 64
28 68
29 0
29 11
29 41
29 43
29 45
29 55
29 66
29 88
29 103
29 112
29 113
30 8
30 14
30 15
30 31
30 38
30 50
30 69
30 80
30 85
30 87
31 8
31 11
31 14
31 15
31 26
31 30
31 38
31 43
31 45
31 50
31 55
31 66
31 69
31 72
31 80
31 85
31 87
31 89
31 101
31 102
32 1
32 3
32 33
32 51
32 76
32 96
32 98
32 104
32 106
32 109
32 114
33 1
33 3
33 7
33 23
33 32
33 37
33 75
33 76
33 86
33 90
33 96
33 98
33 100
33 104
33 106
33 109
33 114
33 116
34 6
34 35
34 48
34 71
34 94
34 95
34 97
35 27
35 34
35 48
35 71
35 73
35 94
35 95
36 4
36 5
36 17
36 25
36 42
36 57
36 58
36 65
37 1
37 7
37 19
37 33
37 39
37 52
37 56
37 74
37 75
37 76
37 79
37 86
37 90
37 98
37 99
37 100
37 106
37 109
37 110
37 116
38 8
38 14
38 15
38 30
38 31
38 44
38 54
38 69
38 72
38 80
38 85
38 87
38 97
38 101
38 111
39 0
39 7
39 19
39 37
39 52
39 56
39 74
39 79
39 100
39 103
39 110
39 113
39 119
40 2
40 13
40 26
40 50
40 53
40 59
40 60
40 61
40 62
40 84
40 89
40 115
41 12
41 20
41 24
41 29
41 49
41 63
41 77
41 82
41 88
41 93
41 112
41 113
41 117
41 119
42 4
42 5
42 17
42 22
42 24
42 25
42 36
42 49
42 57
42 58
42 65
42 107
42 108
43 2
43 13
43 15
43 26
43 29
43 31
43 45
43 50
43 55
43 59
43 61
43 62
43 66
43 69
43 89
44 6
44 8
44 18
44 21
44 38
44 85
44 97
44 111
45 13
45 15
45 26
45 29
45 31
45 43
45 50
45 55
45 59
45 66
45 69
45 72
45 80
45 89
45 101
46 2
46 10
46 12
46 20
46 28
46 64
46 68
46 117
47 19
47 25
47 51
47 52
47 56
47 67
47 76
47 79
47 98
47 99
47 105
47 110
47 118
48 27
48 34
48 35
48 54
48 71
48 73
48 83
48 92
48 94
48 95
48 97
48 111
49 4
49 5
49 9
49 22
49 24
49 41
49 42
49 57
49 58
49 77
49 82
49 93
49 107
49 108
49 119
50 13
50 14
50 15
50 26
50 30
50 31
50 40
50 43
50 45
50 55
50 59
50 61
50 62
50 69
50 80
50 85
50 87
50 89
51 32
51 47
51 52
51 56
51 67
51 76
51 96
51 98
51 99
51 110
51 114
51 118
52 7
52 19
52 37
52 39
52 47
52 51
52 56
52 67
52 76
52 79
52 98
52 99
52 100
52 105
52 109
52 110
52 116
52 118
53 2
53 40
53 60
53 61
53 70
53 84
53 115
54 11
54 27
54 38
54 48
54 71
54 72
54 73
54 83
54 92
54 94
54 95
54 97
54 101
54 102
54 111
55 0
55 11
55 13
55 15
55 26
55 29
55 31
55 43
55 45
55 50
55 66
55 69
55 72
55 80
55 87
55 88
55 89
55 101
55 102
56 7
56 19
56 25
56 37
56 39
56 47
56 51
56 52
56 67
56 76
56 79
56 98
56 99
56 105
56 110
56 118
57 4
57 5
57 17
57 22
57 25
57 36
57 42
57 49
57 58
57 65
57 91
57 107
57 108
58 4
58 5
58 17
58 22
58 24
58 25
58 36
58 42
58 49
58 57
58 65
58 77
58 93
58 107
58 108
58 119
59 2
59 13
59 14
59 26
59 40
59 43
59 45
59 50
59 60
59 61
59 62
59 84
59 89
59 115
60 2
60 40
60 53
60 59
60 61
60 62
60 70
60 84
60 115
61 2
61 13
61 26
61 40
61 43
61 50
61 53
61 59
61 60
61 62
61 84
61 89
61 115
62 2
62 13
62 14
62 26
62 40
62 43
62 50
62 59
62 60
62 61
62 84
62 89
62 115
63 9
63 12
63 16
63 20
63 41
63 68
63 77
63 81
63 82
63 117
64 10
64 28
64 46
64 68
65 4
65 5
65 17
65 25
65 36
65 42
65 57
65 58
65 107
65 108
66 0
66 11
66 13
66 15
66 29
66 31
66 43
66 45
66 55
66 69
66 72
66 88
66 101
66 102
66 103
66 112
66 113
67 19
67 25
67 47
67 51
67 52
67 56
67 76
67 79
67 98
67 99
67 105
67 110
67 118
68 10
68 12
68 20
68 28
68 46
68 63
68 64
68 117
69 11
69 13
69 14
69 15
69 26
69 30
69 31
69 38
69 43
69 45
69 50
69 55
69 66
69 72
69 80
69 85
69 87
69 89
69 101
69 102
70 2
70 53
70 60
70 84
71 27
71 34
71 35
71 48
71 54
71 73
71 94
71 95
72 11
72 15
72 31
72 38
72 45
72 54
72 55
72 66
72 69
72 80
72 83
72 87
72 101
72 102
73 23
73 27
73 35
73 48
73 54
73 71
73 74
73 75
73 83
73 86
73 90
73 92
73 94
73 95
74 7
74 11
74 37
74 39
74 73
74 75
74 83
74 86
74 90
74 92
74 100
74 103
75 1
75 7
75 23
75 27
75 33
75 37
75 73
75 74
75 86
75 90
75 92
75 100
75 106
75 109
75 116
76 1
76 7
76 19
76 32
76 33
76 37
76 47
76 51
76 52
76 56
76 67
76 79
76 96
76 98
76 99
76 100
76 105
76 106
76 109
76 110
76 114
76 116
76 118
77 9
77 16
77 22
77 41
77 49
77 58
77 63
77 81
77 82
77 93
77 107
78 9
78 22
78 81
78 91
78 108
79 7
79 19
79 24
79 37
79 39
79 47
79 52
79 56
79 67
79 76
79 99
79 105
79 110
79 118
79 119
80 8
80 11
80 14
80 15
80 26
80 30
80 31
80 38
80 45
80 50
80 55
80 69
80 72
80 85
80 87
80 89
80 101
80 102
80 111
81 9
81 16
81 22
81 63
81 77
81 78
81 82
82 9
82 12
82 16
82 20
82 22
82 41
82 49
82 63
82 77
82 81
82 93
82 117
83 11
83 27
83 48
83 54
83 72
83 73
83 74
83 92
83 94
83 101
83 102
84 2
84 13
84 26
84 40
84 53
84 59
84 60
84 61
84 62
84 70
84 89
84 115
85 8
85 14
85 30
85 31
85 38
85 44
85 50
85 69
85 80
85 87
85 111
86 1
86 7
86 23
86 27
86 33
86 37
86 73
86 74
86 75
86 90
86 92
86 100
86 106
86 109
86 116
87 8
87 14
87 15
87 26
87 30
87 31
87 38
87 50
87 55
87 69
87 72
87 80
87 85
87 101
87 111
88 0
88 11
88 29
88 41
88 55
88 66
88 103
88 112
88 113
89 2
89 13
89 14
89 15
89 26
89 31
89 40
89 43
89 45
89 50
89 55
89 59
89 61
89 62
89 69
89 80
89 84
89 115
90 1
90 7
90 23
90 27
90 33
90 37
90 73
90 74
90 75
90 86
90 92
90 100
90 106
90 109
90 116
91 5
91 22
91 57
91 78
91 108
92 7
92 11
92 27
92 48
92 54
92 73
92 74
92 75
92 83
92 86
92 90
92 100
92 102
93 24
93 41
93 49
93 58
93 77
93 82
93 107
93 119
94 27
94 34
94 35
94 48
94 54
94 71
94 73
94 83
94 95
94 97
94 111
95 27
95 34
95 35
95 48
95 54
95 71
95 73
95 94
95 97
96 1
96 3
96 32
96 33
96 51
96 76
96 98
96 104
96 106
96 109
96 114
96 116
97 6
97 8
97 18
97 21
97 34
97 38
97 44
97 48
97 54
97 94
97 95
97 111
98 1
98 19
98 32
98 33
98 37
98 47
98 51
98 52
98 56
98 67
98 76
98 96
98 99
98 106
98 109
98 110
98 114
98 116
99 19
99 37
99 47
99 51
99 52
99 56
99 67
99 76
99 79
99 98
99 105
99 110
99 118
100 1
100 7
100 19
100 23
100 33
100 37
100 39
100 52
100 74
100 75
100 76
100 86
100 90
100 92
100 106
100 109
100 116
101 11
101 15
101 31
101 38
101 45
101 54
101 55
101 66
101 69
101 72
101 80
101 83
101 87
101 102
102 0
102 11
102 15
102 31
102 54
102 55
102 66
102 69
102 72
102 80
102 83
102 92
102 101
102 103
103 0
103 7
103 11
103 29
103 39
103 66
103 74
103 88
103 102
103 112
103 113
103 119
104 1
104 3
104 32
104 33
104 96
104 106
104 109
104 114
104 116
105 4
105 19
105 24
105 25
105 47
105 52
105 56
105 67
105 76
105 79
105 99
105 110
105 118
106 1
106 3
106 23
106 32
106 33
106 37
106 75
106 76
106 86
106 90
106 96
106 98
106 100
106 104
106 109
106 114
106 116
107 4
107 5
107 17
107 22
107 24
107 25
107 42
107 49
107 57
107 58
107 65
107 77
107 93
107 108
107 119
108 4
108 5
108 9
108 17
108 22
108 42
108 49
108 57
108 58
108 65
108 78
108 91
108 107
109 1
109 7
109 19
109 23
109 32
109 33
109 37
109 52
109 75
109 76
109 86
109 90
109 96
109 98
109 100
109 104
109 106
109 114
109 116
110 7
110 19
110 25
110 37
110 39
110 47
110 51
110 52
110 56
110 67
110 76
110 79
110 98
110 99
110 105
110 118
111 6
111 8
111 18
111 38
111 44
111 48
111 54
111 80
111 85
111 87
111 94
111 97
112 0
112 29
112 41
112 66
112 88
112 103
112 113
112 119
113 0
113 11
113 29
113 39
113 41
113 66
113 88
113 103
113 112
113 119
114 1
114 3
114 32
114 33
114 51
114 76
114 96
114 98
114 104
114 106
114 109
114 116
115 2
115 13
115 26
115 40
115 53
115 59
115 60
115 61
115 62
115 84
115 89
116 1
116 7
116 19
116 23
116 33
116 37
116 52
116 75
116 76
116 86
116 90
116 96
116 98
116 100
116 104
116 106
116 109
116 114
117 12
117 16
117 20
117 41
117 46
117 63
117 68
117 82
118 25
118 47
118 51
118 52
118 56
118 67
118 76
118 79
118 99
118 105
118 110
119 0
119 24
119 39
119 41
119 49
119 58
119 79
119 93
119 103
119 107
119 112
119 113
