4
2 1
130
0 50.000000 50.000000 20 99999999 4
1 7.372320 74.335380 20 130 4
2 78.979144 77.899670 20 124 3
3 70.701104 52.586584 20 103 3
4 60.045691 66.025629 20 134 5
5 59.554988 40.092645 20 140 5
6 13.289662 86.432458 20 129 5
7 42.112026 1.913611 20 122 5
8 97.942558 14.973606 20 141 4
9 56.920093 7.529968 20 131 1
10 1.827414 85.144232 20 119 3
11 52.186415 43.335277 20 122 5
12 42.434063 54.760296 20 146 2
13 10.844001 52.606933 20 105 3
14 4.137114 27.967219 20 105 1
15 45.031890 55.558284 20 141 1
16 26.165322 51.000047 20 111 5
17 98.229307 31.302307 20 108 5
18 16.650593 47.839308 20 101 1
19 11.243918 47.851201 20 135 4
20 70.560343 90.561423 20 149 5
21 80.289929 83.428864 20 129 4
22 98.966243 62.534709 20 142 3
23 58.297190 20.825304 20 144 2
24 52.086515 50.139204 20 144 2
25 24.232757 86.157988 20 114 4
26 83.669661 70.312494 20 101 3
27 96.621292 83.316948 20 126 5
28 68.982680 76.221780 20 132 3
29 44.285216 92.699912 20 104 3
30 36.251295 65.848143 20 101 4
31 57.188860 45.191743 20 129 2
32 71.036811 61.040731 20 143 2
33 65.361609 38.355450 20 136 4
34 56.498947 24.506986 20 126 1
35 42.498349 12.393174 20 113 4
36 71.685438 90.242343 20 106 2
37 84.548948 92.497222 20 134 1
38 68.557030 49.408980 20 120 1
39 29.227653 40.546499 20 142 3
40 44.321593 39.544309 20 148 5
41 56.768036 26.973768 20 119 5
42 38.725343 71.388626 20 110 2
43 13.880413 54.063274 20 138 3
44 54.373763 11.477187 20 130 1
45 20.906536 46.088465 20 104 3
46 27.655252 22.682941 20 139 5
47 94.687320 50.488652 20 133 3
48 21.198055 97.356411 20 107 4
49 56.126164 58.541687 20 142 2
50 84.787950 42.900776 20 121 2
51 0.969207 19.893987 20 115 4
52 6.716778 39.505812 20 110 3
53 32.321547 62.039522 20 104 1
54 1.196977 23.309425 20 100 2
55 77.964484 57.648704 20 115 1
56 65.703563 97.785570 20 135 5
57 93.232796 68.116554 20 135 5
58 52.342936 52.667400 20 117 5
59 60.271314 72.241212 20 133 4
60 73.811195 85.799102 20 125 1
61 66.215481 23.231127 20 139 5
62 50.546590 19.351889 20 121 5
63 44.305407 26.034555 20 117 4
64 34.987490 25.595623 20 146 3
65 75.737987 50.241118 20 117 3
66 44.137872 51.115286 20 131 2
67 29.187167 63.697455 20 143 1
68 41.410153 45.424260 20 124 4
69 61.247995 63.642687 20 103 1
70 6.227241 5.237919 20 101 3
71 69.151698 71.258852 20 114 3
72 13.878719 97.164409 20 110 3
73 78.251814 55.223357 20 111 5
74 26.183228 34.648952 20 110 5
75 57.776966 54.875085 20 126 3
76 41.628916 88.451466 20 110 3
77 42.467618 8.963729 20 149 2
78 50.642149 45.522448 20 144 5
79 10.981881 72.364590 20 117 1
80 18.171236 34.429490 20 112 4
81 86.025200 20.915199 20 138 4
82 68.948989 7.215321 20 139 3
83 67.559704 43.439234 20 113 2
84 34.683052 70.445877 20 112 2
85 34.087460 17.396252 20 124 1
86 68.118151 30.263435 20 129 5
87 41.210833 8.024875 20 146 5
88 53.938534 92.084278 20 122 5
89 26.429679 61.761173 20 120 5
90 6.275621 74.364151 20 113 5
91 95.850843 47.527877 20 106 1
92 41.494561 96.548354 20 130 4
93 30.388368 90.396894 20 111 3
94 70.471397 67.682557 20 121 3
95 6.730539 24.739313 20 105 1
96 7.454045 61.718284 20 124 4
97 17.255330 21.065816 20 106 4
98 58.151666 79.249355 20 122 4
99 36.260942 24.255008 20 105 2
100 6.176893 23.546725 20 130 3
101 19.674145 70.281806 20 135 1
102 74.903837 31.565964 20 118 5
103 31.081072 87.954363 20 115 3
104 30.935081 34.813400 20 127 1
105 50.834948 51.586944 20 110 3
106 83.179361 50.786565 20 113 5
107 32.010679 25.872884 20 138 2
108 7.520404 27.457769 20 123 2
109 68.996881 16.185035 20 101 2
110 76.612456 2.864758 20 103 1
111 4.720645 11.178388 20 123 2
112 46.056404 28.626446 20 108 4
113 9.834114 97.095537 20 134 5
114 30.590961 46.604170 20 130 3
115 5.124582 74.767298 20 107 3
116 90.378162 34.099454 20 126 5
117 4.324574 15.810592 20 119 1
118 0.945025 1.675095 20 102 3
119 50.790697 24.837086 20 103 2
120 9.323432 55.409963 20 114 3
121 95.133149 15.684646 20 124 1
122 39.657991 10.266156 20 121 4
123 44.213479 33.981867 20 145 4
124 48.844659 86.292926 20 106 3
125 74.634674 62.647812 20 122 1
126 85.954704 95.224409 20 132 5
127 78.015493 97.866850 20 124 2
128 95.466529 19.923560 20 107 2
129 29.494400 80.274514 20 124 2
6320
0 3
0 4
0 5
0 11
0 12
0 13
0 15
0 16
0 18
0 19
0 23
0 24
0 26
0 28
0 30
0 31
0 32
0 33
0 34
0 35
0 38
0 39
0 40
0 41
0 42
0 43
0 44
0 45
0 46
0 49
0 50
0 53
0 55
0 58
0 59
0 61
0 62
0 63
0 64
0 65
0 66
0 67
0 68
0 69
0 71
0 73
0 74
0 75
0 76
0 78
0 80
0 83
0 84
0 85
0 86
0 89
0 94
0 98
0 99
0 101
0 102
0 104
0 105
0 106
0 107
0 109
0 112
0 114
0 119
0 123
0 124
0 125
0 129
1 6
1 10
1 13
1 16
1 18
1 19
1 25
1 30
1 42
1 43
1 45
1 48
1 52
1 53
1 67
1 72
1 76
1 79
1 84
1 89
1 90
1 93
1 96
1 101
1 103
1 113
1 114
1 115
1 120
1 129
2 3
2 4
2 20
2 21
2 22
2 24
2 26
2 27
2 28
2 29
2 31
2 32
2 36
2 37
2 38
2 47
2 49
2 50
2 55
2 56
2 57
2 58
2 59
2 60
2 65
2 69
2 71
2 73
2 75
2 76
2 83
2 88
2 91
2 94
2 98
2 105
2 106
2 124
2 125
2 126
2 127
3 0
3 2
3 4
3 5
3 11
3 12
3 15
3 17
3 20
3 21
3 22
3 23
3 24
3 26
3 28
3 30
3 31
3 32
3 33
3 34
3 36
3 38
3 40
3 41
3 42
3 47
3 49
3 50
3 53
3 55
3 57
3 58
3 59
3 60
3 61
3 62
3 63
3 65
3 66
3 68
3 69
3 71
3 73
3 75
3 78
3 81
3 83
3 86
3 91
3 94
3 98
3 102
3 105
3 106
3 109
3 112
3 116
3 119
3 123
3 125
4 0
4 2
4 3
4 5
4 11
4 12
4 15
4 16
4 20
4 21
4 22
4 24
4 26
4 28
4 29
4 30
4 31
4 32
4 33
4 36
4 37
4 38
4 39
4 40
4 41
4 42
4 47
4 49
4 50
4 53
4 55
4 56
4 57
4 58
4 59
4 60
4 65
4 66
4 67
4 68
4 69
4 71
4 73
4 75
4 76
4 78
4 83
4 84
4 86
4 88
4 89
4 92
4 93
4 94
4 98
4 102
4 103
4 105
4 106
4 112
4 114
4 123
4 124
4 125
4 126
4 127
4 129
5 0
5 3
5 4
5 9
5 11
5 12
5 15
5 16
5 17
5 23
5 24
5 26
5 28
5 30
5 31
5 32
5 33
5 34
5 35
5 38
5 39
5 40
5 41
5 42
5 44
5 45
5 46
5 47
5 49
5 50
5 53
5 55
5 58
5 59
5 61
5 62
5 63
5 64
5 65
5 66
5 67
5 68
5 69
5 71
5 73
5 74
5 75
5 77
5 78
5 81
5 82
5 83
5 84
5 85
5 86
5 87
5 89
5 91
5 94
5 98
5 99
5 102
5 104
5 105
5 106
5 107
5 109
5 112
5 114
5 116
5 119
5 122
5 123
5 125
6 1
6 10
6 13
6 16
6 18
6 19
6 25
6 29
6 30
6 42
6 43
6 48
6 53
6 67
6 72
6 76
6 79
6 84
6 89
6 90
6 92
6 93
6 96
6 101
6 103
6 113
6 115
6 120
6 124
6 129
7 9
7 23
7 34
7 35
7 40
7 41
7 44
7 46
7 61
7 62
7 63
7 64
7 70
7 74
7 77
7 82
7 85
7 86
7 87
7 97
7 99
7 104
7 107
7 109
7 110
7 111
7 112
7 119
7 122
7 123
8 17
8 47
8 50
8 61
8 81
8 82
8 86
8 91
8 102
8 106
8 109
8 110
8 116
8 121
8 128
9 5
9 7
9 11
9 23
9 31
9 33
9 34
9 35
9 40
9 41
9 44
9 46
9 61
9 62
9 63
9 64
9 77
9 78
9 81
9 82
9 83
9 85
9 86
9 87
9 99
9 102
9 104
9 107
9 109
9 110
9 112
9 119
9 121
9 122
9 123
10 1
10 6
10 13
10 19
10 25
10 30
10 42
10 43
10 48
10 53
10 67
10 72
10 76
10 79
10 84
10 89
10 90
10 93
10 96
10 101
10 103
10 113
10 115
10 120
10 129
11 0
11 3
11 4
11 5
11 9
11 12
11 15
11 16
11 18
11 23
11 24
11 28
11 30
11 31
11 32
11 33
11 34
11 35
11 38
11 39
11 40
11 41
11 42
11 43
11 44
11 45
11 46
11 49
11 50
11 53
11 55
11 58
11 59
11 61
11 62
11 63
11 64
11 65
11 66
11 67
11 68
11 69
11 71
11 73
11 74
11 75
11 77
11 78
11 80
11 82
11 83
11 84
11 85
11 86
11 87
11 89
11 94
11 98
11 99
11 102
11 104
11 105
11 106
11 107
11 109
11 112
11 114
11 116
11 119
11 122
11 123
11 125
12 0
12 3
12 4
12 5
12 11
12 13
12 15
12 16
12 18
12 19
12 23
12 24
12 25
12 28
12 29
12 30
12 31
12 32
12 33
12 34
12 38
12 39
12 40
12 41
12 42
12 43
12 45
12 46
12 49
12 52
12 53
12 55
12 58
12 59
12 61
12 62
12 63
12 64
12 65
12 66
12 67
12 68
12 69
12 71
12 73
12 74
12 75
12 76
12 78
12 79
12 80
12 83
12 84
12 85
12 86
12 88
12 89
12 93
12 94
12 96
12 98
12 99
12 101
12 102
12 103
12 104
12 105
12 107
12 112
12 114
12 119
12 120
12 123
12 124
12 125
12 129
13 0
13 1
13 6
13 10
13 12
13 14
13 15
13 16
13 18
13 19
13 25
13 30
13 39
13 40
13 42
13 43
13 45
13 46
13 51
13 52
13 53
13 54
13 64
13 66
13 67
13 68
13 74
13 79
13 80
13 84
13 89
13 90
13 95
13 96
13 97
13 99
13 100
13 101
13 104
13 107
13 108
13 114
13 115
13 117
13 120
13 123
13 129
14 13
14 16
14 18
14 19
14 39
14 43
14 45
14 46
14 51
14 52
14 54
14 64
14 70
14 74
14 80
14 85
14 95
14 96
14 97
14 99
14 100
14 104
14 107
14 108
14 111
14 114
14 117
14 118
14 120
14 122
15 0
15 3
15 4
15 5
15 11
15 12
15 13
15 16
15 18
15 19
15 23
15 24
15 25
15 28
15 29
15 30
15 31
15 32
15 33
15 34
15 38
15 39
15 40
15 41
15 42
15 43
15 45
15 46
15 49
15 53
15 55
15 58
15 59
15 61
15 62
15 63
15 64
15 65
15 66
15 67
15 68
15 69
15 71
15 73
15 74
15 75
15 76
15 78
15 79
15 80
15 83
15 84
15 85
15 86
15 88
15 89
15 93
15 94
15 96
15 98
15 99
15 101
15 102
15 103
15 104
15 105
15 106
15 107
15 112
15 114
15 119
15 120
15 123
15 124
15 125
15 129
16 0
16 1
16 4
16 5
16 6
16 11
16 12
16 13
16 14
16 15
16 18
16 19
16 24
16 25
16 30
16 31
16 39
16 40
16 41
16 42
16 43
16 45
16 46
16 49
16 52
16 53
16 54
16 58
16 62
16 63
16 64
16 66
16 67
16 68
16 69
16 74
16 75
16 78
16 79
16 80
16 84
16 85
16 89
16 90
16 93
16 95
16 96
16 97
16 99
16 100
16 101
16 103
16 104
16 105
16 107
16 108
16 112
16 114
16 115
16 119
16 120
16 123
16 129
17 3
17 5
17 8
17 22
17 33
17 38
17 47
17 50
17 55
17 57
17 61
17 65
17 73
17 81
17 82
17 83
17 86
17 91
17 102
17 106
17 109
17 110
17 116
17 121
17 125
17 128
18 0
18 1
18 6
18 11
18 12
18 13
18 14
18 15
18 16
18 19
18 24
18 25
18 30
18 39
18 40
18 42
18 43
18 45
18 46
18 51
18 52
18 53
18 54
18 58
18 63
18 64
18 66
18 67
18 68
18 74
18 78
18 79
18 80
18 84
18 85
18 89
18 90
18 95
18 96
18 97
18 99
18 100
18 101
18 104
18 105
18 107
18 108
18 111
18 112
18 114
18 115
18 117
18 120
18 123
18 129
19 0
19 1
19 6
19 10
19 12
19 13
19 14
19 15
19 16
19 18
19 30
19 39
19 40
19 42
19 43
19 45
19 46
19 51
19 52
19 53
19 54
19 63
19 64
19 66
19 67
19 68
19 74
19 78
19 79
19 80
19 84
19 85
19 89
19 90
19 95
19 96
19 97
19 99
19 100
19 101
19 104
19 105
19 107
19 108
19 111
19 112
19 114
19 115
19 117
19 120
19 123
19 129
20 2
20 3
20 4
20 21
20 22
20 26
20 27
20 28
20 29
20 32
20 36
20 37
20 42
20 49
20 55
20 56
20 57
20 59
20 60
20 69
20 71
20 73
20 75
20 76
20 88
20 92
20 94
20 98
20 103
20 124
20 125
20 126
20 127
21 2
21 3
21 4
21 20
21 22
21 26
21 27
21 28
21 29
21 32
21 36
21 37
21 38
21 47
21 49
21 55
21 56
21 57
21 59
21 60
21 65
21 69
21 71
21 73
21 75
21 76
21 88
21 91
21 94
21 98
21 106
21 124
21 125
21 126
21 127
22 2
22 3
22 4
22 17
22 20
22 21
22 26
22 27
22 28
22 32
22 36
22 37
22 38
22 47
22 50
22 55
22 57
22 59
22 60
22 65
22 69
22 71
22 73
22 83
22 91
22 94
22 102
22 106
22 116
22 125
22 126
23 0
23 3
23 5
23 7
23 9
23 11
23 12
23 15
23 24
23 31
23 33
23 34
23 35
23 38
23 39
23 40
23 41
23 44
23 46
23 49
23 50
23 58
23 61
23 62
23 63
23 64
23 65
23 66
23 68
23 73
23 74
23 75
23 77
23 78
23 81
23 82
23 83
23 85
23 86
23 87
23 99
23 102
23 104
23 105
23 106
23 107
23 109
23 110
23 112
23 114
23 116
23 119
23 121
23 122
23 123
23 128
24 0
24 2
24 3
24 4
24 5
24 11
24 12
24 15
24 16
24 18
24 23
24 26
24 28
24 30
24 31
24 32
24 33
24 34
24 35
24 38
24 39
24 40
24 41
24 42
24 43
24 44
24 45
24 46
24 49
24 50
24 53
24 55
24 58
24 59
24 61
24 62
24 63
24 64
24 65
24 66
24 67
24 68
24 69
24 71
24 73
24 74
24 75
24 76
24 78
24 80
24 83
24 84
24 85
24 86
24 89
24 94
24 98
24 99
24 101
24 102
24 104
24 105
24 106
24 107
24 109
24 112
24 114
24 119
24 123
24 124
24 125
24 129
25 1
25 6
25 10
25 12
25 13
25 15
25 16
25 18
25 29
25 30
25 42
25 43
25 48
25 53
25 59
25 67
25 72
25 76
25 79
25 84
25 88
25 89
25 90
25 92
25 93
25 96
25 98
25 101
25 103
25 113
25 115
25 120
25 124
25 129
26 0
26 2
26 3
26 4
26 5
26 20
26 21
26 22
26 24
26 27
26 28
26 31
26 32
26 33
26 36
26 37
26 38
26 47
26 49
26 50
26 55
26 56
26 57
26 58
26 59
26 60
26 65
26 69
26 71
26 73
26 75
26 83
26 88
26 91
26 94
26 98
26 102
26 105
26 106
26 116
26 124
26 125
26 126
26 127
27 2
27 20
27 21
27 22
27 26
27 28
27 32
27 36
27 37
27 47
27 55
27 56
27 57
27 59
27 60
27 65
27 71
27 73
27 91
27 94
27 98
27 106
27 125
27 126
27 127
28 0
28 2
28 3
28 4
28 5
28 11
28 12
28 15
28 20
28 21
28 22
28 24
28 26
28 27
28 29
28 30
28 31
28 32
28 33
28 36
28 37
28 38
28 42
28 47
28 49
28 50
28 53
28 55
28 56
28 57
28 58
28 59
28 60
28 65
28 66
28 69
28 71
28 73
28 75
28 76
28 78
28 83
28 84
28 88
28 91
28 92
28 94
28 98
28 103
28 105
28 106
28 124
28 125
28 126
28 127
28 129
29 2
29 4
29 6
29 12
29 15
29 20
29 21
29 25
29 28
29 30
29 36
29 42
29 48
29 49
29 53
29 56
29 59
29 60
29 67
29 69
29 71
29 72
29 76
29 79
29 84
29 88
29 89
29 92
29 93
29 94
29 98
29 101
29 103
29 113
29 124
29 127
29 129
30 0
30 1
30 3
30 4
30 5
30 6
30 10
30 11
30 12
30 13
30 15
30 16
30 18
30 19
30 24
30 25
30 28
30 29
30 31
30 32
30 38
30 39
30 40
30 42
30 43
30 45
30 48
30 49
30 52
30 53
30 58
30 59
30 66
30 67
30 68
30 69
30 71
30 72
30 74
30 75
30 76
30 78
30 79
30 80
30 83
30 84
30 88
30 89
30 90
30 92
30 93
30 94
30 96
30 98
30 101
30 103
30 104
30 105
30 112
30 114
30 115
30 120
30 123
30 124
30 125
30 129
31 0
31 2
31 3
31 4
31 5
31 9
31 11
31 12
31 15
31 16
31 23
31 24
31 26
31 28
31 30
31 32
31 33
31 34
31 35
31 38
31 39
31 40
31 41
31 42
31 44
31 45
31 46
31 47
31 49
31 50
31 53
31 55
31 58
31 59
31 61
31 62
31 63
31 64
31 65
31 66
31 67
31 68
31 69
31 71
31 73
31 74
31 75
31 77
31 78
31 81
31 82
31 83
31 84
31 85
31 86
31 89
31 91
31 94
31 98
31 99
31 102
31 104
31 105
31 106
31 107
31 109
31 112
31 114
31 116
31 119
31 122
31 123
31 125
32 0
32 2
32 3
32 4
32 5
32 11
32 12
32 15
32 20
32 21
32 22
32 24
32 26
32 27
32 28
32 30
32 31
32 33
32 34
32 36
32 37
32 38
32 40
32 41
32 42
32 47
32 49
32 50
32 53
32 55
32 56
32 57
32 58
32 59
32 60
32 61
32 65
32 66
32 68
32 69
32 71
32 73
32 75
32 78
32 83
32 84
32 86
32 88
32 91
32 94
32 98
32 102
32 105
32 106
32 116
32 123
32 124
32 125
32 126
32 127
33 0
33 3
33 4
33 5
33 9
33 11
33 12
33 15
33 17
33 23
33 24
33 26
33 28
33 31
33 32
33 34
33 35
33 38
33 39
33 40
33 41
33 44
33 47
33 49
33 50
33 55
33 58
33 59
33 61
33 62
33 63
33 64
33 65
33 66
33 68
33 69
33 71
33 73
33 74
33 75
33 77
33 78
33 81
33 82
33 83
33 85
33 86
33 87
33 91
33 94
33 99
33 102
33 104
33 105
33 106
33 107
33 109
33 110
33 112
33 114
33 116
33 119
33 121
33 122
33 123
33 125
33 128
34 0
34 3
34 5
34 7
34 9
34 11
34 12
34 15
34 23
34 24
34 31
34 32
34 33
34 35
34 38
34 39
34 40
34 41
34 44
34 46
34 49
34 50
34 55
34 58
34 61
34 62
34 63
34 64
34 65
34 66
34 68
34 69
34 73
34 74
34 75
34 77
34 78
34 80
34 81
34 82
34 83
34 85
34 86
34 87
34 97
34 99
34 102
34 104
34 105
34 106
34 107
34 109
34 110
34 112
34 114
34 116
34 119
34 121
34 122
34 123
34 128
35 0
35 5
35 7
35 9
35 11
35 23
35 24
35 31
35 33
35 34
35 39
35 40
35 41
35 44
35 46
35 61
35 62
35 63
35 64
35 66
35 68
35 70
35 74
35 77
35 78
35 80
35 82
35 83
35 85
35 86
35 87
35 95
35 97
35 99
35 100
35 102
35 104
35 107
35 108
35 109
35 110
35 111
35 112
35 114
35 117
35 119
35 122
35 123
36 2
36 3
36 4
36 20
36 21
36 22
36 26
36 27
36 28
36 29
36 32
36 37
36 42
36 49
36 55
36 56
36 57
36 59
36 60
36 69
36 71
36 73
36 75
36 76
36 88
36 92
36 94
36 98
36 124
36 125
36 126
36 127
37 2
37 4
37 20
37 21
37 22
37 26
37 27
37 28
37 32
37 36
37 55
37 56
37 57
37 59
37 60
37 69
37 71
37 73
37 88
37 94
37 98
37 124
37 125
37 126
37 127
38 0
38 2
38 3
38 4
38 5
38 11
38 12
38 15
38 17
38 21
38 22
38 23
38 24
38 26
38 28
38 30
38 31
38 32
38 33
38 34
38 40
38 41
38 42
38 47
38 49
38 50
38 53
38 55
38 57
38 58
38 59
38 60
38 61
38 62
38 63
38 65
38 66
38 68
38 69
38 71
38 73
38 75
38 78
38 81
38 83
38 84
38 86
38 91
38 94
38 98
38 102
38 105
38 106
38 109
38 112
38 114
38 116
38 119
38 123
38 125
38 128
39 0
39 4
39 5
39 11
39 12
39 13
39 14
39 15
39 16
39 18
39 19
39 23
39 24
39 30
39 31
39 33
39 34
39 35
39 40
39 41
39 42
39 43
39 44
39 45
39 46
39 49
39 51
39 52
39 53
39 54
39 58
39 62
39 63
39 64
39 66
39 67
39 68
39 69
39 74
39 75
39 77
39 78
39 79
39 80
39 83
39 84
39 85
39 87
39 89
39 95
39 96
39 97
39 99
39 100
39 101
39 104
39 105
39 107
39 108
39 111
39 112
39 114
39 117
39 119
39 120
39 122
39 123
39 129
40 0
40 3
40 4
40 5
40 7
40 9
40 11
40 12
40 13
40 15
40 16
40 18
40 19
40 23
40 24
40 30
40 31
40 32
40 33
40 34
40 35
40 38
40 39
40 41
40 42
40 43
40 44
40 45
40 46
40 49
40 52
40 53
40 55
40 58
40 59
40 61
40 62
40 63
40 64
40 65
40 66
40 67
40 68
40 69
40 73
40 74
40 75
40 77
40 78
40 80
40 83
40 84
40 85
40 86
40 87
40 89
40 94
40 97
40 99
40 101
40 102
40 104
40 105
40 107
40 108
40 109
40 112
40 114
40 119
40 120
40 122
40 123
40 125
41 0
41 3
41 4
41 5
41 7
41 9
41 11
41 12
41 15
41 16
41 23
41 24
41 31
41 32
41 33
41 34
41 35
41 38
41 39
41 40
41 44
41 46
41 49
41 50
41 55
41 58
41 61
41 62
41 63
41 64
41 65
41 66
41 68
41 69
41 73
41 74
41 75
41 77
41 78
41 80
41 81
41 82
41 83
41 85
41 86
41 87
41 97
41 99
41 102
41 104
41 105
41 106
41 107
41 109
41 110
41 112
41 114
41 116
41 119
41 121
41 122
41 123
41 125
41 128
42 0
42 1
42 3
42 4
42 5
42 6
42 10
42 11
42 12
42 13
42 15
42 16
42 18
42 19
42 20
42 24
42 25
42 28
42 29
42 30
42 31
42 32
42 36
42 38
42 39
42 40
42 43
42 45
42 48
42 49
42 53
42 56
42 58
42 59
42 60
42 66
42 67
42 68
42 69
42 71
42 72
42 74
42 75
42 76
42 78
42 79
42 84
42 88
42 89
42 90
42 92
42 93
42 94
42 96
42 98
42 101
42 103
42 104
42 105
42 113
42 114
42 115
42 120
42 123
42 124
42 125
42 129
43 0
43 1
43 6
43 10
43 11
43 12
43 13
43 14
43 15
43 16
43 18
43 19
43 24
43 25
43 30
43 39
43 40
43 42
43 45
43 46
43 51
43 52
43 53
43 54
43 58
43 64
43 66
43 67
43 68
43 74
43 78
43 79
43 80
43 84
43 89
43 90
43 93
43 95
43 96
43 97
43 99
43 100
43 101
43 103
43 104
43 105
43 107
43 108
43 114
43 115
43 117
43 120
43 123
43 129
44 0
44 5
44 7
44 9
44 11
44 23
44 24
44 31
44 33
44 34
44 35
44 39
44 40
44 41
44 46
44 61
44 62
44 63
44 64
44 68
44 74
44 77
44 78
44 81
44 82
44 83
44 85
44 86
44 87
44 97
44 99
44 102
44 104
44 107
44 109
44 110
44 112
44 119
44 122
44 123
45 0
45 1
45 5
45 11
45 12
45 13
45 14
45 15
45 16
45 18
45 19
45 24
45 30
45 31
45 39
45 40
45 42
45 43
45 46
45 49
45 51
45 52
45 53
45 54
45 58
45 62
45 63
45 64
45 66
45 67
45 68
45 74
45 75
45 78
45 79
45 80
45 84
45 85
45 89
45 90
45 95
45 96
45 97
45 99
45 100
45 101
45 104
45 105
45 107
45 108
45 111
45 112
45 114
45 115
45 117
45 119
45 120
45 123
45 129
46 0
46 5
46 7
46 9
46 11
46 12
46 13
46 14
46 15
46 16
46 18
46 19
46 23
46 24
46 31
46 34
46 35
46 39
46 40
46 41
46 43
46 44
46 45
46 51
46 52
46 53
46 54
46 58
46 61
46 62
46 63
46 64
46 66
46 68
46 70
46 74
46 77
46 78
46 80
46 85
46 87
46 89
46 95
46 97
46 99
46 100
46 104
46 105
46 107
46 108
46 111
46 112
46 114
46 117
46 118
46 119
46 120
46 122
46 123
47 2
47 3
47 4
47 5
47 8
47 17
47 21
47 22
47 26
47 27
47 28
47 31
47 32
47 33
47 38
47 49
47 50
47 55
47 57
47 61
47 65
47 69
47 71
47 73
47 75
47 81
47 83
47 86
47 91
47 94
47 102
47 106
47 116
47 121
47 125
47 128
48 1
48 6
48 10
48 25
48 29
48 30
48 42
48 53
48 67
48 72
48 76
48 79
48 84
48 88
48 89
48 90
48 92
48 93
48 96
48 101
48 103
48 113
48 115
48 124
48 129
49 0
49 2
49 3
49 4
49 5
49 11
49 12
49 15
49 16
49 20
49 21
49 23
49 24
49 26
49 28
49 29
49 30
49 31
49 32
49 33
49 34
49 36
49 38
49 39
49 40
49 41
49 42
49 45
49 47
49 50
49 53
49 55
49 57
49 58
49 59
49 60
49 61
49 62
49 63
49 64
49 65
49 66
49 67
49 68
49 69
49 71
49 73
49 74
49 75
49 76
49 78
49 83
49 84
49 86
49 88
49 89
49 94
49 98
49 99
49 101
49 102
49 103
49 104
49 105
49 106
49 112
49 114
49 119
49 123
49 124
49 125
49 129
50 0
50 2
50 3
50 4
50 5
50 8
50 11
50 17
50 22
50 23
50 24
50 26
50 28
50 31
50 32
50 33
50 34
50 38
50 41
50 47
50 49
50 55
50 57
50 58
50 59
50 61
50 65
50 69
50 71
50 73
50 75
50 78
50 81
50 82
50 83
50 86
50 91
50 94
50 102
50 105
50 106
50 109
50 116
50 119
50 121
50 125
50 128
51 13
51 14
51 18
51 19
51 39
51 43
51 45
51 46
51 52
51 54
51 64
51 70
51 74
51 80
51 85
51 95
51 97
51 99
51 100
51 104
51 107
51 108
51 111
51 114
51 117
51 118
51 120
51 122
52 1
52 12
52 13
52 14
52 16
52 18
52 19
52 30
52 39
52 40
52 43
52 45
52 46
52 51
52 53
52 54
52 63
52 64
52 66
52 67
52 68
52 70
52 74
52 79
52 80
52 85
52 89
52 90
52 95
52 96
52 97
52 99
52 100
52 101
52 104
52 107
52 108
52 111
52 114
52 115
52 117
52 118
52 120
52 123
53 0
53 1
53 3
53 4
53 5
53 6
53 10
53 11
53 12
53 13
53 15
53 16
53 18
53 19
53 24
53 25
53 28
53 29
53 30
53 31
53 32
53 38
53 39
53 40
53 42
53 43
53 45
53 46
53 48
53 49
53 52
53 58
53 59
53 63
53 64
53 66
53 67
53 68
53 69
53 71
53 72
53 74
53 75
53 76
53 78
53 79
53 80
53 83
53 84
53 88
53 89
53 90
53 92
53 93
53 94
53 96
53 98
53 99
53 101
53 103
53 104
53 105
53 107
53 112
53 114
53 115
53 120
53 123
53 124
53 129
54 13
54 14
54 16
54 18
54 19
54 39
54 43
54 45
54 46
54 51
54 52
54 64
54 70
54 74
54 80
54 85
54 95
54 96
54 97
54 99
54 100
54 104
54 107
54 108
54 111
54 114
54 117
54 118
54 120
55 0
55 2
55 3
55 4
55 5
55 11
55 12
55 15
55 17
55 20
55 21
55 22
55 24
55 26
55 27
55 28
55 31
55 32
55 33
55 34
55 36
55 37
55 38
55 40
55 41
55 47
55 49
55 50
55 57
55 58
55 59
55 60
55 61
55 65
55 66
55 68
55 69
55 71
55 73
55 75
55 78
55 81
55 83
55 86
55 91
55 94
55 98
55 102
55 105
55 106
55 116
55 125
55 126
56 2
56 4
56 20
56 21
56 26
56 27
56 28
56 29
56 32
56 36
56 37
56 42
56 59
56 60
56 69
56 71
56 76
56 88
56 92
56 93
56 94
56 98
56 103
56 124
56 125
56 126
56 127
57 2
57 3
57 4
57 17
57 20
57 21
57 22
57 26
57 27
57 28
57 32
57 36
57 37
57 38
57 47
57 49
57 50
57 55
57 59
57 60
57 65
57 69
57 71
57 73
57 75
57 83
57 91
57 94
57 98
57 106
57 116
57 125
57 126
57 127
58 0
58 2
58 3
58 4
58 5
58 11
58 12
58 15
58 16
58 18
58 23
58 24
58 26
58 28
58 30
58 31
58 32
58 33
58 34
58 38
58 39
58 40
58 41
58 42
58 43
58 45
58 46
58 49
58 50
58 53
58 55
58 59
58 60
58 61
58 62
58 63
58 64
58 65
58 66
58 67
58 68
58 69
58 71
58 73
58 74
58 75
58 76
58 78
58 80
58 83
58 84
58 85
58 86
58 88
58 89
58 94
58 98
58 99
58 101
58 102
58 104
58 105
58 106
58 107
58 112
58 114
58 119
58 123
58 124
58 125
58 129
59 0
59 2
59 3
59 4
59 5
59 11
59 12
59 15
59 20
59 21
59 22
59 24
59 25
59 26
59 27
59 28
59 29
59 30
59 31
59 32
59 33
59 36
59 37
59 38
59 40
59 42
59 49
59 50
59 53
59 55
59 56
59 57
59 58
59 60
59 65
59 66
59 67
59 68
59 69
59 71
59 73
59 75
59 76
59 78
59 83
59 84
59 88
59 89
59 92
59 93
59 94
59 98
59 103
59 105
59 106
59 114
59 124
59 125
59 126
59 127
59 129
60 2
60 3
60 4
60 20
60 21
60 22
60 26
60 27
60 28
60 29
60 32
60 36
60 37
60 38
60 42
60 49
60 55
60 56
60 57
60 58
60 59
60 65
60 69
60 71
60 73
60 75
60 76
60 88
60 92
60 94
60 98
60 106
60 124
60 125
60 126
60 127
61 0
61 3
61 5
61 7
61 8
61 9
61 11
61 12
61 15
61 17
61 23
61 24
61 31
61 32
61 33
61 34
61 35
61 38
61 40
61 41
61 44
61 46
61 47
61 49
61 50
61 55
61 58
61 62
61 63
61 64
61 65
61 66
61 68
61 73
61 75
61 77
61 78
61 81
61 82
61 83
61 85
61 86
61 87
61 91
61 99
61 102
61 104
61 105
61 106
61 107
61 109
61 110
61 112
61 116
61 119
61 121
61 122
61 123
61 128
62 0
62 3
62 5
62 7
62 9
62 11
62 12
62 15
62 16
62 23
62 24
62 31
62 33
62 34
62 35
62 38
62 39
62 40
62 41
62 44
62 45
62 46
62 49
62 58
62 61
62 63
62 64
62 65
62 66
62 68
62 74
62 75
62 77
62 78
62 80
62 81
62 82
62 83
62 85
62 86
62 87
62 97
62 99
62 102
62 104
62 105
62 107
62 109
62 110
62 112
62 114
62 119
62 122
62 123
63 0
63 3
63 5
63 7
63 9
63 11
63 12
63 15
63 16
63 18
63 19
63 23
63 24
63 31
63 33
63 34
63 35
63 38
63 39
63 40
63 41
63 44
63 45
63 46
63 49
63 52
63 53
63 58
63 61
63 62
63 64
63 65
63 66
63 68
63 74
63 75
63 77
63 78
63 80
63 82
63 83
63 85
63 86
63 87
63 89
63 95
63 97
63 99
63 100
63 102
63 104
63 105
63 107
63 108
63 109
63 110
63 112
63 114
63 119
63 122
63 123
64 0
64 5
64 7
64 9
64 11
64 12
64 13
64 14
64 15
64 16
64 18
64 19
64 23
64 24
64 31
64 33
64 34
64 35
64 39
64 40
64 41
64 43
64 44
64 45
64 46
64 49
64 51
64 52
64 53
64 54
64 58
64 61
64 62
64 63
64 66
64 67
64 68
64 70
64 74
64 75
64 77
64 78
64 80
64 82
64 83
64 85
64 86
64 87
64 89
64 95
64 97
64 99
64 100
64 104
64 105
64 107
64 108
64 109
64 111
64 112
64 114
64 117
64 119
64 120
64 122
64 123
65 0
65 2
65 3
65 4
65 5
65 11
65 12
65 15
65 17
65 21
65 22
65 23
65 24
65 26
65 27
65 28
65 31
65 32
65 33
65 34
65 38
65 40
65 41
65 47
65 49
65 50
65 55
65 57
65 58
65 59
65 60
65 61
65 62
65 63
65 66
65 68
65 69
65 71
65 73
65 75
65 78
65 81
65 83
65 86
65 91
65 94
65 98
65 102
65 105
65 106
65 109
65 112
65 116
65 119
65 121
65 123
65 125
65 128
66 0
66 3
66 4
66 5
66 11
66 12
66 13
66 15
66 16
66 18
66 19
66 23
66 24
66 28
66 30
66 31
66 32
66 33
66 34
66 35
66 38
66 39
66 40
66 41
66 42
66 43
66 45
66 46
66 49
66 52
66 53
66 55
66 58
66 59
66 61
66 62
66 63
66 64
66 65
66 67
66 68
66 69
66 71
66 73
66 74
66 75
66 76
66 78
66 79
66 80
66 83
66 84
66 85
66 86
66 89
66 94
66 96
66 98
66 99
66 101
66 102
66 103
66 104
66 105
66 106
66 107
66 112
66 114
66 119
66 120
66 123
66 124
66 125
66 129
67 0
67 1
67 4
67 5
67 6
67 10
67 11
67 12
67 13
67 15
67 16
67 18
67 19
67 24
67 25
67 29
67 30
67 31
67 39
67 40
67 42
67 43
67 45
67 48
67 49
67 52
67 53
67 58
67 59
67 64
67 66
67 68
67 69
67 72
67 74
67 75
67 76
67 78
67 79
67 80
67 84
67 88
67 89
67 90
67 92
67 93
67 96
67 98
67 101
67 103
67 104
67 105
67 107
67 112
67 113
67 114
67 115
67 120
67 123
67 124
67 129
68 0
68 3
68 4
68 5
68 11
68 12
68 13
68 15
68 16
68 18
68 19
68 23
68 24
68 30
68 31
68 32
68 33
68 34
68 35
68 38
68 39
68 40
68 41
68 42
68 43
68 44
68 45
68 46
68 49
68 52
68 53
68 55
68 58
68 59
68 61
68 62
68 63
68 64
68 65
68 66
68 67
68 69
68 71
68 73
68 74
68 75
68 77
68 78
68 80
68 83
68 84
68 85
68 86
68 87
68 89
68 94
68 96
68 97
68 98
68 99
68 101
68 102
68 104
68 105
68 107
68 108
68 112
68 114
68 119
68 120
68 122
68 123
68 125
68 129
69 0
69 2
69 3
69 4
69 5
69 11
69 12
69 15
69 16
69 20
69 21
69 22
69 24
69 26
69 28
69 29
69 30
69 31
69 32
69 33
69 34
69 36
69 37
69 38
69 39
69 40
69 41
69 42
69 47
69 49
69 50
69 53
69 55
69 56
69 57
69 58
69 59
69 60
69 65
69 66
69 67
69 68
69 71
69 73
69 75
69 76
69 78
69 83
69 84
69 86
69 88
69 89
69 91
69 92
69 94
69 98
69 102
69 103
69 105
69 106
69 112
69 114
69 123
69 124
69 125
69 127
69 129
70 7
70 14
70 35
70 46
70 51
70 52
70 54
70 64
70 74
70 77
70 80
70 85
70 87
70 95
70 97
70 99
70 100
70 104
70 107
70 108
70 111
70 117
70 118
70 122
71 0
71 2
71 3
71 4
71 5
71 11
71 12
71 15
71 20
71 21
71 22
71 24
71 26
71 27
71 28
71 29
71 30
71 31
71 32
71 33
71 36
71 37
71 38
71 42
71 47
71 49
71 50
71 53
71 55
71 56
71 57
71 58
71 59
71 60
71 65
71 66
71 68
71 69
71 73
71 75
71 76
71 78
71 83
71 84
71 88
71 91
71 92
71 94
71 98
71 105
71 106
71 124
71 125
71 126
71 127
72 1
72 6
72 10
72 25
72 29
72 30
72 42
72 48
72 53
72 67
72 76
72 79
72 84
72 89
72 90
72 92
72 93
72 96
72 101
72 103
72 113
72 115
72 124
72 129
73 0
73 2
73 3
73 4
73 5
73 11
73 12
73 15
73 17
73 20
73 21
73 22
73 23
73 24
73 26
73 27
73 28
73 31
73 32
73 33
73 34
73 36
73 37
73 38
73 40
73 41
73 47
73 49
73 50
73 55
73 57
73 58
73 59
73 60
73 61
73 65
73 66
73 68
73 69
73 71
73 75
73 78
73 81
73 83
73 86
73 91
73 94
73 98
73 102
73 105
73 106
73 116
73 125
73 128
74 0
74 5
74 7
74 11
74 12
74 13
74 14
74 15
74 16
74 18
74 19
74 23
74 24
74 30
74 31
74 33
74 34
74 35
74 39
74 40
74 41
74 42
74 43
74 44
74 45
74 46
74 49
74 51
74 52
74 53
74 54
74 58
74 62
74 63
74 64
74 66
74 67
74 68
74 70
74 75
74 77
74 78
74 80
74 84
74 85
74 87
74 89
74 95
74 96
74 97
74 99
74 100
74 101
74 104
74 105
74 107
74 108
74 111
74 112
74 114
74 117
74 119
74 120
74 122
74 123
75 0
75 2
75 3
75 4
75 5
75 11
75 12
75 15
75 16
75 20
75 21
75 23
75 24
75 26
75 28
75 30
75 31
75 32
75 33
75 34
75 36
75 38
75 39
75 40
75 41
75 42
75 45
75 47
75 49
75 50
75 53
75 55
75 57
75 58
75 59
75 60
75 61
75 62
75 63
75 64
75 65
75 66
75 67
75 68
75 69
75 71
75 73
75 74
75 76
75 78
75 83
75 84
75 86
75 88
75 89
75 91
75 94
75 98
75 99
75 102
75 104
75 105
75 106
75 107
75 112
75 114
75 116
75 119
75 123
75 124
75 125
75 129
76 0
76 1
76 2
76 4
76 6
76 10
76 12
76 15
76 20
76 21
76 24
76 25
76 28
76 29
76 30
76 36
76 42
76 48
76 49
76 53
76 56
76 58
76 59
76 60
76 66
76 67
76 69
76 71
76 72
76 75
76 79
76 84
76 88
76 89
76 90
76 92
76 93
76 94
76 98
76 101
76 103
76 105
76 113
76 115
76 124
76 127
76 129
77 5
77 7
77 9
77 11
77 23
77 31
77 33
77 34
77 35
77 39
77 40
77 41
77 44
77 46
77 61
77 62
77 63
77 64
77 68
77 70
77 74
77 78
77 80
77 82
77 85
77 86
77 87
77 95
77 97
77 99
77 100
77 102
77 104
77 107
77 108
77 109
77 110
77 111
77 112
77 114
77 117
77 119
77 122
77 123
78 0
78 3
78 4
78 5
78 9
78 11
78 12
78 15
78 16
78 18
78 19
78 23
78 24
78 28
78 30
78 31
78 32
78 33
78 34
78 35
78 38
78 39
78 40
78 41
78 42
78 43
78 44
78 45
78 46
78 49
78 50
78 53
78 55
78 58
78 59
78 61
78 62
78 63
78 64
78 65
78 66
78 67
78 68
78 69
78 71
78 73
78 74
78 75
78 77
78 80
78 83
78 84
78 85
78 86
78 87
78 89
78 94
78 98
78 99
78 101
78 102
78 104
78 105
78 106
78 107
78 109
78 112
78 114
78 119
78 122
78 123
78 125
79 1
79 6
79 10
79 12
79 13
79 15
79 16
79 18
79 19
79 25
79 29
79 30
79 39
79 42
79 43
79 45
79 48
79 52
79 53
79 66
79 67
79 72
79 76
79 80
79 84
79 89
79 90
79 92
79 93
79 96
79 101
79 103
79 113
79 114
79 115
79 120
79 129
80 0
80 11
80 12
80 13
80 14
80 15
80 16
80 18
80 19
80 24
80 30
80 34
80 35
80 39
80 40
80 41
80 43
80 45
80 46
80 51
80 52
80 53
80 54
80 58
80 62
80 63
80 64
80 66
80 67
80 68
80 70
80 74
80 77
80 78
80 79
80 84
80 85
80 87
80 89
80 95
80 96
80 97
80 99
80 100
80 101
80 104
80 105
80 107
80 108
80 111
80 112
80 114
80 117
80 118
80 119
80 120
80 122
80 123
81 3
81 5
81 8
81 9
81 17
81 23
81 31
81 33
81 34
81 38
81 41
81 44
81 47
81 50
81 55
81 61
81 62
81 65
81 73
81 82
81 83
81 86
81 91
81 102
81 106
81 109
81 110
81 116
81 119
81 121
81 128
82 5
82 7
82 8
82 9
82 11
82 17
82 23
82 31
82 33
82 34
82 35
82 41
82 44
82 50
82 61
82 62
82 63
82 64
82 77
82 81
82 83
82 85
82 86
82 87
82 99
82 102
82 109
82 110
82 112
82 116
82 119
82 121
82 122
82 123
82 128
83 0
83 2
83 3
83 4
83 5
83 9
83 11
83 12
83 15
83 17
83 22
83 23
83 24
83 26
83 28
83 30
83 31
83 32
83 33
83 34
83 35
83 38
83 39
83 40
83 41
83 44
83 47
83 49
83 50
83 53
83 55
83 57
83 58
83 59
83 61
83 62
83 63
83 64
83 65
83 66
83 68
83 69
83 71
83 73
83 75
83 78
83 81
83 82
83 86
83 91
83 94
83 98
83 99
83 102
83 104
83 105
83 106
83 107
83 109
83 112
83 114
83 116
83 119
83 121
83 123
83 125
83 128
84 0
84 1
84 4
84 5
84 6
84 10
84 11
84 12
84 13
84 15
84 16
84 18
84 19
84 24
84 25
84 28
84 29
84 30
84 31
84 32
84 38
84 39
84 40
84 42
84 43
84 45
84 48
84 49
84 53
84 58
84 59
84 66
84 67
84 68
84 69
84 71
84 72
84 74
84 75
84 76
84 78
84 79
84 80
84 88
84 89
84 90
84 92
84 93
84 94
84 96
84 98
84 101
84 103
84 104
84 105
84 113
84 114
84 115
84 120
84 123
84 124
84 129
85 0
85 5
85 7
85 9
85 11
85 12
85 14
85 15
85 16
85 18
85 19
85 23
85 24
85 31
85 33
85 34
85 35
85 39
85 40
85 41
85 44
85 45
85 46
85 51
85 52
85 54
85 58
85 61
85 62
85 63
85 64
85 66
85 68
85 70
85 74
85 77
85 78
85 80
85 82
85 86
85 87
85 95
85 97
85 99
85 100
85 104
85 105
85 107
85 108
85 109
85 111
85 112
85 114
85 117
85 118
85 119
85 122
85 123
86 0
86 3
86 4
86 5
86 7
86 8
86 9
86 11
86 12
86 15
86 17
86 23
86 24
86 31
86 32
86 33
86 34
86 35
86 38
86 40
86 41
86 44
86 47
86 49
86 50
86 55
86 58
86 61
86 62
86 63
86 64
86 65
86 66
86 68
86 69
86 73
86 75
86 77
86 78
86 81
86 82
86 83
86 85
86 87
86 91
86 94
86 99
86 102
86 104
86 105
86 106
86 107
86 109
86 110
86 112
86 116
86 119
86 121
86 122
86 123
86 125
86 128
87 5
87 7
87 9
87 11
87 23
87 33
87 34
87 35
87 39
87 40
87 41
87 44
87 46
87 61
87 62
87 63
87 64
87 68
87 70
87 74
87 77
87 78
87 80
87 82
87 85
87 86
87 95
87 97
87 99
87 100
87 104
87 107
87 108
87 109
87 110
87 111
87 112
87 117
87 119
87 122
87 123
88 2
88 4
88 12
88 15
88 20
88 21
88 25
88 26
88 28
88 29
88 30
88 32
88 36
88 37
88 42
88 48
88 49
88 53
88 56
88 58
88 59
88 60
88 67
88 69
88 71
88 75
88 76
88 84
88 92
88 93
88 94
88 98
88 103
88 124
88 125
88 126
88 127
88 129
89 0
89 1
89 4
89 5
89 6
89 10
89 11
89 12
89 13
89 15
89 16
89 18
89 19
89 24
89 25
89 29
89 30
89 31
89 39
89 40
89 42
89 43
89 45
89 46
89 48
89 49
89 52
89 53
89 58
89 59
89 63
89 64
89 66
89 67
89 68
89 69
89 72
89 74
89 75
89 76
89 78
89 79
89 80
89 84
89 90
89 92
89 93
89 96
89 98
89 99
89 101
89 103
89 104
89 105
89 107
89 108
89 112
89 113
89 114
89 115
89 120
89 123
89 124
89 129
90 1
90 6
90 10
90 13
90 16
90 18
90 19
90 25
90 30
90 42
90 43
90 45
90 48
90 52
90 53
90 67
90 72
90 76
90 79
90 84
90 89
90 93
90 96
90 101
90 103
90 113
90 114
90 115
90 120
90 129
91 2
91 3
91 5
91 8
91 17
91 21
91 22
91 26
91 27
91 28
91 31
91 32
91 33
91 38
91 47
91 50
91 55
91 57
91 61
91 65
91 69
91 71
91 73
91 75
91 81
91 83
91 86
91 94
91 102
91 106
91 116
91 121
91 125
91 128
92 4
92 6
92 20
92 25
92 28
92 29
92 30
92 36
92 42
92 48
92 53
92 56
92 59
92 60
92 67
92 69
92 71
92 72
92 76
92 79
92 84
92 88
92 89
92 93
92 98
92 101
92 103
92 113
92 124
92 127
92 129
93 1
93 4
93 6
93 10
93 12
93 15
93 16
93 25
93 29
93 30
93 42
93 43
93 48
93 53
93 56
93 59
93 67
93 72
93 76
93 79
93 84
93 88
93 89
93 90
93 92
93 96
93 98
93 101
93 103
93 113
93 115
93 124
93 129
94 0
94 2
94 3
94 4
94 5
94 11
94 12
94 15
94 20
94 21
94 22
94 24
94 26
94 27
94 28
94 29
94 30
94 31
94 32
94 33
94 36
94 37
94 38
94 40
94 42
94 47
94 49
94 50
94 53
94 55
94 56
94 57
94 58
94 59
94 60
94 65
94 66
94 68
94 69
94 71
94 73
94 75
94 76
94 78
94 83
94 84
94 86
94 88
94 91
94 98
94 102
94 105
94 106
94 116
94 124
94 125
94 126
94 127
95 13
95 14
95 16
95 18
95 19
95 35
95 39
95 43
95 45
95 46
95 51
95 52
95 54
95 63
95 64
95 70
95 74
95 77
95 80
95 85
95 87
95 96
95 97
95 99
95 100
95 104
95 107
95 108
95 111
95 112
95 114
95 117
95 118
95 120
95 122
95 123
96 1
96 6
96 10
96 12
96 13
96 14
96 15
96 16
96 18
96 19
96 25
96 30
96 39
96 42
96 43
96 45
96 48
96 52
96 53
96 54
96 66
96 67
96 68
96 72
96 74
96 79
96 80
96 84
96 89
96 90
96 93
96 95
96 100
96 101
96 103
96 104
96 108
96 113
96 114
96 115
96 120
96 129
97 7
97 13
97 14
97 16
97 18
97 19
97 34
97 35
97 39
97 40
97 41
97 43
97 44
97 45
97 46
97 51
97 52
97 54
97 62
97 63
97 64
97 68
97 70
97 74
97 77
97 80
97 85
97 87
97 95
97 99
97 100
97 104
97 107
97 108
97 111
97 112
97 114
97 117
97 118
97 119
97 120
97 122
97 123
98 0
98 2
98 3
98 4
98 5
98 11
98 12
98 15
98 20
98 21
98 24
98 25
98 26
98 27
98 28
98 29
98 30
98 31
98 32
98 36
98 37
98 38
98 42
98 49
98 53
98 55
98 56
98 57
98 58
98 59
98 60
98 65
98 66
98 67
98 68
98 69
98 71
98 73
98 75
98 76
98 78
98 83
98 84
98 88
98 89
98 92
98 93
98 94
98 101
98 103
98 105
98 106
98 124
98 125
98 126
98 127
98 129
99 0
99 5
99 7
99 9
99 11
99 12
99 13
99 14
99 15
99 16
99 18
99 19
99 23
99 24
99 31
99 33
99 34
99 35
99 39
99 40
99 41
99 43
99 44
99 45
99 46
99 49
99 51
99 52
99 53
99 54
99 58
99 61
99 62
99 63
99 64
99 66
99 68
99 70
99 74
99 75
99 77
99 78
99 80
99 82
99 83
99 85
99 86
99 87
99 89
99 95
99 97
99 100
99 102
99 104
99 105
99 107
99 108
99 109
99 111
99 112
99 114
99 117
99 119
99 122
99 123
100 13
100 14
100 16
100 18
100 19
100 35
100 39
100 43
100 45
100 46
100 51
100 52
100 54
100 63
100 64
100 70
100 74
100 77
100 80
100 85
100 87
100 95
100 96
100 97
100 99
100 104
100 107
100 108
100 111
100 114
100 117
100 118
100 120
100 122
100 123
101 0
101 1
101 6
101 10
101 12
101 13
101 15
101 16
101 18
101 19
101 24
101 25
101 29
101 30
101 39
101 40
101 42
101 43
101 45
101 48
101 49
101 52
101 53
101 58
101 66
101 67
101 68
101 72
101 74
101 76
101 78
101 79
101 80
101 84
101 89
101 90
101 92
101 93
101 96
101 98
101 103
101 104
101 105
101 113
101 114
101 115
101 120
101 124
101 129
102 0
102 3
102 4
102 5
102 8
102 9
102 11
102 12
102 15
102 17
102 22
102 23
102 24
102 26
102 31
102 32
102 33
102 34
102 35
102 38
102 40
102 41
102 44
102 47
102 49
102 50
102 55
102 58
102 61
102 62
102 63
102 65
102 66
102 68
102 69
102 73
102 75
102 77
102 78
102 81
102 82
102 83
102 86
102 91
102 94
102 99
102 105
102 106
102 109
102 110
102 112
102 116
102 119
102 121
102 123
102 125
102 128
103 1
103 4
103 6
103 10
103 12
103 15
103 16
103 20
103 25
103 28
103 29
103 30
103 42
103 43
103 48
103 49
103 53
103 56
103 59
103 66
103 67
103 69
103 72
103 76
103 79
103 84
103 88
103 89
103 90
103 92
103 93
103 96
103 98
103 101
103 113
103 115
103 120
103 124
103 129
104 0
104 5
104 7
104 9
104 11
104 12
104 13
104 14
104 15
104 16
104 18
104 19
104 23
104 24
104 30
104 31
104 33
104 34
104 35
104 39
104 40
104 41
104 42
104 43
104 44
104 45
104 46
104 49
104 51
104 52
104 53
104 54
104 58
104 61
104 62
104 63
104 64
104 66
104 67
104 68
104 70
104 74
104 75
104 77
104 78
104 80
104 83
104 84
104 85
104 86
104 87
104 89
104 95
104 96
104 97
104 99
104 100
104 101
104 105
104 107
104 108
104 111
104 112
104 114
104 117
104 119
104 120
104 122
104 123
105 0
105 2
105 3
105 4
105 5
105 11
105 12
105 15
105 16
105 18
105 19
105 23
105 24
105 26
105 28
105 30
105 31
105 32
105 33
105 34
105 38
105 39
105 40
105 41
105 42
105 43
105 45
105 46
105 49
105 50
105 53
105 55
105 58
105 59
105 61
105 62
105 63
105 64
105 65
105 66
105 67
105 68
105 69
105 71
105 73
105 74
105 75
105 76
105 78
105 80
105 83
105 84
105 85
105 86
105 89
105 94
105 98
105 99
105 101
105 102
105 104
105 106
105 107
105 109
105 112
105 114
105 119
105 123
105 124
105 125
105 129
106 0
106 2
106 3
106 4
106 5
106 8
106 11
106 15
106 17
106 21
106 22
106 23
106 24
106 26
106 27
106 28
106 31
106 32
106 33
106 34
106 38
106 41
106 47
106 49
106 50
106 55
106 57
106 58
106 59
106 60
106 61
106 65
106 66
106 69
106 71
106 73
106 75
106 78
106 81
106 83
106 86
106 91
106 94
106 98
106 102
106 105
106 109
106 116
106 121
106 125
106 128
107 0
107 5
107 7
107 9
107 11
107 12
107 13
107 14
107 15
107 16
107 18
107 19
107 23
107 24
107 31
107 33
107 34
107 35
107 39
107 40
107 41
107 43
107 44
107 45
107 46
107 51
107 52
107 53
107 54
107 58
107 61
107 62
107 63
107 64
107 66
107 67
107 68
107 70
107 74
107 75
107 77
107 78
107 80
107 83
107 85
107 86
107 87
107 89
107 95
107 97
107 99
107 100
107 104
107 105
107 108
107 109
107 111
107 112
107 114
107 117
107 118
107 119
107 120
107 122
107 123
108 13
108 14
108 16
108 18
108 19
108 35
108 39
108 40
108 43
108 45
108 46
108 51
108 52
108 54
108 63
108 64
108 68
108 70
108 74
108 77
108 80
108 85
108 87
108 89
108 95
108 96
108 97
108 99
108 100
108 104
108 107
108 111
108 112
108 114
108 117
108 118
108 120
108 122
108 123
109 0
109 3
109 5
109 7
109 8
109 9
109 11
109 17
109 23
109 24
109 31
109 33
109 34
109 35
109 38
109 40
109 41
109 44
109 50
109 61
109 62
109 63
109 64
109 65
109 77
109 78
109 81
109 82
109 83
109 85
109 86
109 87
109 99
109 102
109 105
109 106
109 107
109 110
109 112
109 116
109 119
109 121
109 122
109 123
109 128
110 7
110 8
110 9
110 17
110 23
110 33
110 34
110 35
110 41
110 44
110 61
110 62
110 63
110 77
110 81
110 82
110 86
110 87
110 102
110 109
110 112
110 116
110 119
110 121
110 122
110 128
111 7
111 14
111 18
111 19
111 35
111 39
111 45
111 46
111 51
111 52
111 54
111 64
111 70
111 74
111 77
111 80
111 85
111 87
111 95
111 97
111 99
111 100
111 104
111 107
111 108
111 117
111 118
111 122
112 0
112 3
112 4
112 5
112 7
112 9
112 11
112 12
112 15
112 16
112 18
112 19
112 23
112 24
112 30
112 31
112 33
112 34
112 35
112 38
112 39
112 40
112 41
112 44
112 45
112 46
112 49
112 53
112 58
112 61
112 62
112 63
112 64
112 65
112 66
112 67
112 68
112 69
112 74
112 75
112 77
112 78
112 80
112 82
112 83
112 85
112 86
112 87
112 89
112 95
112 97
112 99
112 102
112 104
112 105
112 107
112 108
112 109
112 110
112 114
112 119
112 122
112 123
113 1
113 6
113 10
113 25
113 29
113 42
113 48
113 67
113 72
113 76
113 79
113 84
113 89
113 90
113 92
113 93
113 96
113 101
113 103
113 115
113 129
114 0
114 1
114 4
114 5
114 11
114 12
114 13
114 14
114 15
114 16
114 18
114 19
114 23
114 24
114 30
114 31
114 33
114 34
114 35
114 38
114 39
114 40
114 41
114 42
114 43
114 45
114 46
114 49
114 51
114 52
114 53
114 54
114 58
114 59
114 62
114 63
114 64
114 66
114 67
114 68
114 69
114 74
114 75
114 77
114 78
114 79
114 80
114 83
114 84
114 85
114 89
114 90
114 95
114 96
114 97
114 99
114 100
114 101
114 104
114 105
114 107
114 108
114 112
114 115
114 119
114 120
114 122
114 123
114 129
115 1
115 6
115 10
115 13
115 16
115 18
115 19
115 25
115 30
115 42
115 43
115 45
115 48
115 52
115 53
115 67
115 72
115 76
115 79
115 84
115 89
115 90
115 93
115 96
115 101
115 103
115 113
115 114
115 120
115 129
116 3
116 5
116 8
116 11
116 17
116 22
116 23
116 26
116 31
116 32
116 33
116 34
116 38
116 41
116 47
116 50
116 55
116 57
116 61
116 65
116 73
116 75
116 81
116 82
116 83
116 86
116 91
116 94
116 102
116 106
116 109
116 110
116 121
116 125
116 128
117 13
117 14
117 18
117 19
117 35
117 39
117 43
117 45
117 46
117 51
117 52
117 54
117 64
117 70
117 74
117 77
117 80
117 85
117 87
117 95
117 97
117 99
117 100
117 104
117 107
117 108
117 111
117 118
117 120
117 122
118 14
118 46
118 51
118 52
118 54
118 70
118 80
118 85
118 95
118 97
118 100
118 107
118 108
118 111
118 117
118 122
119 0
119 3
119 5
119 7
119 9
119 11
119 12
119 15
119 16
119 23
119 24
119 31
119 33
119 34
119 35
119 38
119 39
119 40
119 41
119 44
119 45
119 46
119 49
119 50
119 58
119 61
119 62
119 63
119 64
119 65
119 66
119 68
119 74
119 75
119 77
119 78
119 80
119 81
119 82
119 83
119 85
119 86
119 87
119 97
119 99
119 102
119 104
119 105
119 107
119 109
119 110
119 112
119 114
119 122
119 123
120 1
120 6
120 10
120 12
120 13
120 14
120 15
120 16
120 18
120 19
120 25
120 30
120 39
120 40
120 42
120 43
120 45
120 46
120 51
120 52
120 53
120 54
120 64
120 66
120 67
120 68
120 74
120 79
120 80
120 84
120 89
120 90
120 95
120 96
120 97
120 100
120 101
120 103
120 104
120 107
120 108
120 114
120 115
120 117
120 129
121 8
121 9
121 17
121 23
121 33
121 34
121 41
121 47
121 50
121 61
121 65
121 81
121 82
121 83
121 86
121 91
121 102
121 106
121 109
121 110
121 116
121 128
122 5
122 7
122 9
122 11
122 14
122 23
122 31
122 33
122 34
122 35
122 39
122 40
122 41
122 44
122 46
122 51
122 61
122 62
122 63
122 64
122 68
122 70
122 74
122 77
122 78
122 80
122 82
122 85
122 86
122 87
122 95
122 97
122 99
122 100
122 104
122 107
122 108
122 109
122 110
122 111
122 112
122 114
122 117
122 118
122 119
122 123
123 0
123 3
123 4
123 5
123 7
123 9
123 11
123 12
123 13
123 15
123 16
123 18
123 19
123 23
123 24
123 30
123 31
123 32
123 33
123 34
123 35
123 38
123 39
123 40
123 41
123 42
123 43
123 44
123 45
123 46
123 49
123 52
123 53
123 58
123 61
123 62
123 63
123 64
123 65
123 66
123 67
123 68
123 69
123 74
123 75
123 77
123 78
123 80
123 82
123 83
123 84
123 85
123 86
123 87
123 89
123 95
123 97
123 99
123 100
123 102
123 104
123 105
123 107
123 108
123 109
123 112
123 114
123 119
123 122
124 0
124 2
124 4
124 6
124 12
124 15
124 20
124 21
124 24
124 25
124 26
124 28
124 29
124 30
124 32
124 36
124 37
124 42
124 48
124 49
124 53
124 56
124 58
124 59
124 60
124 66
124 67
124 69
124 71
124 72
124 75
124 76
124 84
124 88
124 89
124 92
124 93
124 94
124 98
124 101
124 103
124 105
124 125
124 126
124 127
124 129
125 0
125 2
125 3
125 4
125 5
125 11
125 12
125 15
125 17
125 20
125 21
125 22
125 24
125 26
125 27
125 28
125 30
125 31
125 32
125 33
125 36
125 37
125 38
125 40
125 41
125 42
125 47
125 49
125 50
125 55
125 56
125 57
125 58
125 59
125 60
125 65
125 66
125 68
125 69
125 71
125 73
125 75
125 78
125 83
125 86
125 88
125 91
125 94
125 98
125 102
125 105
125 106
125 116
125 124
125 126
125 127
126 2
126 4
126 20
126 21
126 22
126 26
126 27
126 28
126 32
126 36
126 37
126 55
126 56
126 57
126 59
126 60
126 71
126 88
126 94
126 98
126 124
126 125
126 127
127 2
127 4
127 20
127 21
127 26
127 27
127 28
127 29
127 32
127 36
127 37
127 56
127 57
127 59
127 60
127 69
127 71
127 76
127 88
127 92
127 94
127 98
127 124
127 125
127 126
128 8
128 17
128 23
128 33
128 34
128 38
128 41
128 47
128 50
128 61
128 65
128 73
128 81
128 82
128 83
128 86
128 91
128 102
128 106
128 109
128 110
128 116
128 121
129 0
129 1
129 4
129 6
129 10
129 12
129 13
129 15
129 16
129 18
129 19
129 24
129 25
129 28
129 29
129 30
129 39
129 42
129 43
129 45
129 48
129 49
129 53
129 58
129 59
129 66
129 67
129 68
129 69
129 72
129 75
129 76
129 79
129 84
129 88
129 89
129 90
129 92
129 93
129 96
129 98
129 101
129 103
129 105
129 113
129 114
129 115
129 120
129 124
