4
2 1
140
0 50.000000 50.000000 20 99999999 1
1 3.585845 2.449397 20 108 4
2 12.198435 14.257762 20 122 1
3 33.906667 38.594347 20 125 3
4 60.725913 22.126461 20 136 4
5 74.896500 69.721318 20 120 4
6 45.574353 63.535508 20 122 3
7 68.655955 15.366870 20 106 1
8 78.030754 61.362116 20 144 5
9 27.841416 82.763781 20 104 5
10 18.822473 78.033180 20 114 4
11 71.275557 73.537409 20 127 4
12 40.985062 21.672928 20 129 4
13 91.858007 61.132439 20 148 2
14 53.749574 29.076213 20 104 3
15 17.646981 86.900158 20 111 4
16 76.394632 77.348508 20 144 2
17 87.858379 97.819363 20 106 5
18 57.441207 88.935729 20 134 2
19 10.644019 0.717730 20 137 1
20 89.409971 67.539146 20 136 1
21 82.839591 95.747233 20 139 1
22 23.893262 19.833090 20 118 1
23 82.168346 20.115956 20 117 4
24 4.552994 61.554362 20 110 4
25 5.467161 88.799931 20 145 5
26 6.409648 75.410557 20 147 5
27 68.042337 36.271881 20 108 3
28 82.133259 29.089823 20 137 3
29 4.791541 6.945725 20 108 3
30 93.282297 95.358471 20 139 4
31 24.018677 74.125513 20 138 3
32 15.296560 47.038668 20 133 1
33 41.563724 51.072054 20 128 5
34 19.845117 58.916560 20 138 3
35 11.767707 14.349663 20 135 5
36 75.544255 19.386918 20 130 5
37 59.237261 30.026225 20 119 5
38 96.735484 56.538483 20 121 2
39 26.446206 43.220850 20 126 2
40 69.775627 12.321957 20 111 3
41 1.981241 75.654114 20 104 5
42 44.481653 36.842564 20 141 2
43 70.428663 78.296149 20 133 5
44 88.190435 47.415364 20 109 5
45 98.297604 39.330420 20 130 3
46 66.486117 88.386537 20 108 1
47 61.940680 91.179574 20 102 1
48 48.466328 28.370449 20 124 3
49 22.962938 92.971196 20 106 1
50 28.613840 18.856974 20 137 3
51 27.119662 9.472560 20 100 4
52 23.474268 97.473010 20 140 5
53 53.074999 8.715932 20 130 1
54 44.849646 33.787189 20 134 2
55 77.269190 12.166547 20 102 2
56 86.666400 32.469020 20 110 2
57 43.524508 67.417909 20 138 4
58 16.014843 4.973056 20 123 2
59 83.203825 53.311421 20 127 1
60 71.267674 28.015085 20 109 2
61 15.705159 38.451909 20 109 4
62 78.080136 18.315156 20 124 1
63 14.180982 36.568389 20 146 3
64 58.748344 14.785343 20 134 5
65 85.536824 76.957693 20 140 1
66 68.195185 62.174562 20 132 2
67 93.513945 81.525204 20 121 1
68 81.626756 96.025593 20 113 5
69 72.274815 54.972941 20 120 5
70 74.539661 22.772733 20 115 2
71 66.701169 0.566723 20 138 3
72 69.213587 8.340202 20 103 5
73 63.703433 5.136356 20 127 2
74 17.092282 38.637719 20 117 1
75 0.806895 31.594298 20 125 3
76 18.101161 79.422053 20 131 5
77 9.002060 73.911973 20 122 5
78 9.588356 89.983387 20 130 4
79 41.046617 9.792048 20 140 1
80 87.380518 68.357053 20 138 4
81 61.120685 7.339885 20 116 3
82 29.485369 10.748063 20 145 2
83 60.559118 3.907963 20 108 3
84 47.114730 4.668133 20 107 3
85 69.522485 7.358225 20 101 3
86 97.755088 63.120788 20 129 3
87 53.612853 90.501608 20 104 4
88 29.631604 34.339721 20 148 5
89 52.293220 31.137031 20 118 4
90 77.919252 61.096350 20 100 2
91 2.850783 28.847673 20 147 4
92 97.800918 98.657452 20 138 3
93 52.626441 37.489950 20 132 3
94 54.062351 72.726340 20 101 4
95 76.320427 92.568800 20 129 2
96 41.199044 37.632610 20 139 4
97 96.099125 83.998599 20 108 2
98 45.631763 97.845813 20 101 5
99 58.307101 21.965490 20 102 2
100 73.561621 16.070870 20 142 4
101 9.741337 59.893540 20 113 2
102 56.753407 69.593699 20 119 3
103 2.232402 73.858700 20 141 3
104 32.194640 91.854712 20 112 4
105 1.613874 4.747955 20 140 2
106 23.690467 10.351288 20 124 5
107 43.635618 0.100554 20 136 3
108 17.250389 67.932783 20 145 4
109 6.151877 28.650453 20 111 1
110 20.524664 49.545560 20 117 5
111 77.663186 40.047974 20 105 1
112 17.590425 57.289748 20 127 4
113 81.601100 78.497290 20 147 5
114 29.368153 6.592054 20 105 3
115 96.471301 56.593529 20 132 5
116 90.292548 90.023882 20 108 3
117 52.183782 66.575261 20 100 3
118 10.872127 53.919834 20 139 1
119 70.416725 65.453812 20 122 1
120 85.827221 62.676960 20 113 5
121 23.376392 88.967184 20 148 1
122 65.332066 41.804788 20 140 4
123 84.329660 62.693928 20 116 5
124 47.328073 35.652778 20 124 4
125 79.750627 80.320662 20 114 3
126 11.692115 74.510401 20 107 4
127 57.764901 53.850770 20 127 5
128 9.964246 70.619422 20 108 4
129 14.749594 2.560134 20 149 4
130 22.117763 23.533082 20 143 5
131 71.370878 52.583889 20 109 1
132 92.158028 77.909703 20 144 5
133 94.812480 2.622545 20 114 4
134 63.856188 67.848940 20 128 4
135 25.211434 44.908566 20 115 3
136 67.863975 36.284982 20 144 5
137 59.297642 99.897207 20 130 5
138 8.588181 60.655719 20 142 2
139 28.325302 76.582554 20 108 5
6420
0 3
0 4
0 5
0 6
0 7
0 8
0 9
0 11
0 12
0 14
0 16
0 18
0 22
0 27
0 28
0 31
0 32
0 33
0 34
0 36
0 37
0 39
0 42
0 43
0 44
0 48
0 50
0 54
0 57
0 59
0 60
0 61
0 63
0 64
0 66
0 69
0 70
0 74
0 88
0 89
0 90
0 93
0 94
0 96
0 99
0 102
0 108
0 110
0 111
0 112
0 117
0 118
0 119
0 120
0 122
0 123
0 124
0 127
0 130
0 131
0 134
0 135
0 136
0 139
1 2
1 19
1 22
1 29
1 35
1 50
1 51
1 58
1 61
1 63
1 74
1 75
1 79
1 82
1 91
1 105
1 106
1 109
1 114
1 129
1 130
2 1
2 3
2 12
2 19
2 22
2 29
2 32
2 35
2 39
2 42
2 48
2 50
2 51
2 54
2 58
2 61
2 63
2 74
2 75
2 79
2 82
2 84
2 88
2 91
2 96
2 105
2 106
2 107
2 109
2 110
2 114
2 118
2 129
2 130
2 135
3 0
3 2
3 4
3 6
3 12
3 14
3 22
3 24
3 27
3 31
3 32
3 33
3 34
3 35
3 37
3 39
3 42
3 48
3 50
3 51
3 53
3 54
3 57
3 58
3 60
3 61
3 63
3 64
3 74
3 75
3 79
3 82
3 84
3 88
3 89
3 91
3 93
3 94
3 96
3 99
3 101
3 102
3 106
3 107
3 108
3 109
3 110
3 112
3 114
3 117
3 118
3 122
3 124
3 127
3 128
3 130
3 131
3 135
3 136
3 138
3 139
4 0
4 3
4 7
4 12
4 14
4 22
4 23
4 27
4 28
4 33
4 36
4 37
4 40
4 42
4 44
4 48
4 50
4 51
4 53
4 54
4 55
4 56
4 59
4 60
4 62
4 64
4 69
4 70
4 71
4 72
4 73
4 79
4 81
4 82
4 83
4 84
4 85
4 88
4 89
4 93
4 96
4 99
4 100
4 106
4 107
4 111
4 114
4 122
4 124
4 127
4 130
4 131
4 133
4 136
5 0
5 6
5 8
5 11
5 13
5 16
5 17
5 18
5 20
5 21
5 27
5 30
5 33
5 38
5 43
5 44
5 45
5 46
5 47
5 56
5 57
5 59
5 65
5 66
5 67
5 68
5 69
5 80
5 86
5 87
5 90
5 92
5 93
5 94
5 95
5 97
5 102
5 111
5 113
5 115
5 116
5 117
5 119
5 120
5 122
5 123
5 125
5 127
5 131
5 132
5 134
5 136
5 137
6 0
6 3
6 5
6 8
6 9
6 10
6 11
6 14
6 15
6 16
6 18
6 27
6 31
6 32
6 33
6 34
6 37
6 39
6 42
6 43
6 46
6 47
6 48
6 49
6 54
6 57
6 59
6 61
6 66
6 69
6 74
6 76
6 77
6 87
6 88
6 89
6 90
6 93
6 94
6 96
6 98
6 101
6 102
6 104
6 108
6 110
6 111
6 112
6 113
6 117
6 118
6 119
6 121
6 122
6 123
6 124
6 125
6 126
6 127
6 128
6 131
6 134
6 135
6 136
6 137
6 138
6 139
7 0
7 4
7 12
7 14
7 23
7 27
7 28
7 36
7 37
7 40
7 42
7 44
7 45
7 48
7 53
7 54
7 55
7 56
7 60
7 62
7 64
7 69
7 70
7 71
7 72
7 73
7 79
7 81
7 82
7 83
7 84
7 85
7 89
7 93
7 96
7 99
7 100
7 107
7 111
7 122
7 124
7 127
7 131
7 133
7 136
8 0
8 5
8 6
8 11
8 13
8 16
8 17
8 18
8 20
8 21
8 27
8 28
8 30
8 33
8 37
8 38
8 43
8 44
8 45
8 46
8 47
8 56
8 57
8 59
8 60
8 65
8 66
8 67
8 68
8 69
8 70
8 80
8 86
8 87
8 89
8 90
8 93
8 94
8 95
8 97
8 102
8 111
8 113
8 115
8 116
8 117
8 119
8 120
8 122
8 123
8 125
8 127
8 131
8 132
8 134
8 136
9 0
9 6
9 10
9 15
9 18
9 24
9 25
9 26
9 31
9 32
9 33
9 34
9 39
9 41
9 46
9 47
9 49
9 52
9 57
9 76
9 77
9 78
9 87
9 94
9 98
9 101
9 102
9 103
9 104
9 108
9 110
9 112
9 117
9 118
9 121
9 126
9 128
9 134
9 135
9 137
9 138
9 139
10 6
10 9
10 15
10 24
10 25
10 26
10 31
10 32
10 33
10 34
10 39
10 41
10 49
10 52
10 57
10 61
10 74
10 76
10 77
10 78
10 87
10 94
10 98
10 101
10 102
10 103
10 104
10 108
10 110
10 112
10 117
10 118
10 121
10 126
10 128
10 135
10 138
10 139
11 0
11 5
11 6
11 8
11 13
11 16
11 17
11 18
11 20
11 21
11 27
11 30
11 33
11 38
11 43
11 44
11 46
11 47
11 57
11 59
11 65
11 66
11 67
11 68
11 69
11 80
11 86
11 87
11 90
11 92
11 94
11 95
11 97
11 98
11 102
11 111
11 113
11 115
11 116
11 117
11 119
11 120
11 122
11 123
11 125
11 127
11 131
11 132
11 134
11 136
11 137
12 0
12 2
12 3
12 4
12 7
12 14
12 19
12 22
12 27
12 29
12 32
12 33
12 35
12 36
12 37
12 39
12 40
12 42
12 48
12 50
12 51
12 53
12 54
12 55
12 58
12 60
12 61
12 62
12 63
12 64
12 70
12 71
12 72
12 73
12 74
12 79
12 81
12 82
12 83
12 84
12 85
12 88
12 89
12 91
12 93
12 96
12 99
12 100
12 106
12 107
12 109
12 110
12 114
12 122
12 124
12 127
12 129
12 130
12 135
12 136
13 5
13 8
13 11
13 16
13 17
13 20
13 21
13 27
13 28
13 30
13 38
13 43
13 44
13 45
13 46
13 56
13 59
13 60
13 65
13 66
13 67
13 68
13 69
13 80
13 86
13 90
13 92
13 94
13 95
13 97
13 102
13 111
13 113
13 115
13 116
13 119
13 120
13 122
13 123
13 125
13 127
13 131
13 132
13 134
13 136
14 0
14 3
14 4
14 6
14 7
14 12
14 22
14 23
14 27
14 28
14 33
14 36
14 37
14 39
14 40
14 42
14 44
14 48
14 50
14 51
14 53
14 54
14 55
14 56
14 57
14 59
14 60
14 61
14 62
14 64
14 66
14 69
14 70
14 71
14 72
14 73
14 74
14 79
14 81
14 82
14 83
14 84
14 85
14 88
14 89
14 93
14 96
14 99
14 100
14 106
14 107
14 110
14 111
14 114
14 117
14 122
14 124
14 127
14 130
14 131
14 135
14 136
15 6
15 9
15 10
15 18
15 24
15 25
15 26
15 31
15 32
15 34
15 41
15 49
15 52
15 57
15 76
15 77
15 78
15 87
15 94
15 98
15 101
15 103
15 104
15 108
15 110
15 112
15 118
15 121
15 126
15 128
15 138
15 139
16 0
16 5
16 6
16 8
16 11
16 13
16 17
16 18
16 20
16 21
16 30
16 38
16 43
16 44
16 46
16 47
16 57
16 59
16 65
16 66
16 67
16 68
16 69
16 80
16 86
16 87
16 90
16 92
16 94
16 95
16 97
16 98
16 102
16 111
16 113
16 115
16 116
16 117
16 119
16 120
16 122
16 123
16 125
16 127
16 131
16 132
16 134
16 137
17 5
17 8
17 11
17 13
17 16
17 18
17 20
17 21
17 30
17 43
17 46
17 47
17 65
17 67
17 68
17 80
17 86
17 87
17 90
17 92
17 95
17 97
17 113
17 116
17 119
17 120
17 123
17 125
17 132
17 134
17 137
18 0
18 5
18 6
18 8
18 9
18 11
18 15
18 16
18 17
18 20
18 21
18 30
18 31
18 43
18 46
18 47
18 49
18 52
18 57
18 65
18 66
18 67
18 68
18 69
18 80
18 87
18 90
18 94
18 95
18 97
18 98
18 102
18 104
18 113
18 116
18 117
18 119
18 120
18 121
18 123
18 125
18 127
18 131
18 132
18 134
18 137
18 139
19 1
19 2
19 12
19 22
19 29
19 35
19 50
19 51
19 58
19 61
19 63
19 74
19 75
19 79
19 82
19 84
19 88
19 91
19 105
19 106
19 107
19 109
19 114
19 129
19 130
20 5
20 8
20 11
20 13
20 16
20 17
20 18
20 21
20 27
20 28
20 30
20 38
20 43
20 44
20 45
20 46
20 47
20 56
20 59
20 65
20 66
20 67
20 68
20 69
20 80
20 86
20 90
20 92
20 94
20 95
20 97
20 102
20 111
20 113
20 115
20 116
20 117
20 119
20 120
20 122
20 123
20 125
20 127
20 131
20 132
20 134
20 136
21 5
21 8
21 11
21 13
21 16
21 17
21 18
21 20
21 30
21 43
21 46
21 47
21 65
21 66
21 67
21 68
21 80
21 86
21 87
21 90
21 92
21 94
21 95
21 97
21 98
21 102
21 113
21 116
21 119
21 120
21 123
21 125
21 132
21 134
21 137
22 0
22 1
22 2
22 3
22 4
22 12
22 14
22 19
22 29
22 32
22 33
22 34
22 35
22 37
22 39
22 42
22 48
22 50
22 51
22 53
22 54
22 58
22 61
22 63
22 64
22 74
22 75
22 79
22 81
22 82
22 83
22 84
22 88
22 89
22 91
22 93
22 96
22 99
22 105
22 106
22 107
22 109
22 110
22 112
22 114
22 118
22 124
22 129
22 130
22 135
23 4
23 7
23 14
23 27
23 28
23 36
23 37
23 38
23 40
23 44
23 45
23 48
23 53
23 54
23 55
23 56
23 59
23 60
23 62
23 64
23 69
23 70
23 71
23 72
23 73
23 81
23 83
23 84
23 85
23 89
23 93
23 99
23 100
23 111
23 115
23 122
23 124
23 131
23 133
23 136
24 3
24 9
24 10
24 15
24 25
24 26
24 31
24 32
24 33
24 34
24 39
24 41
24 49
24 57
24 61
24 63
24 74
24 75
24 76
24 77
24 78
24 88
24 91
24 101
24 103
24 108
24 109
24 110
24 112
24 118
24 121
24 126
24 128
24 135
24 138
24 139
25 9
25 10
25 15
25 24
25 26
25 31
25 34
25 41
25 49
25 52
25 76
25 77
25 78
25 101
25 103
25 104
25 108
25 112
25 118
25 121
25 126
25 128
25 138
25 139
26 9
26 10
26 15
26 24
26 25
26 31
26 32
26 34
26 39
26 41
26 49
26 52
26 57
26 61
26 63
26 74
26 76
26 77
26 78
26 101
26 103
26 104
26 108
26 110
26 112
26 118
26 121
26 126
26 128
26 135
26 138
26 139
27 0
27 3
27 4
27 5
27 6
27 7
27 8
27 11
27 12
27 13
27 14
27 20
27 23
27 28
27 33
27 36
27 37
27 38
27 40
27 42
27 44
27 45
27 48
27 53
27 54
27 55
27 56
27 57
27 59
27 60
27 62
27 64
27 66
27 69
27 70
27 71
27 72
27 73
27 79
27 80
27 81
27 83
27 84
27 85
27 88
27 89
27 90
27 93
27 94
27 96
27 99
27 100
27 102
27 111
27 115
27 117
27 119
27 120
27 122
27 123
27 124
27 127
27 131
27 134
27 136
28 0
28 4
28 7
28 8
28 13
28 14
28 20
28 23
28 27
28 36
28 37
28 38
28 40
28 42
28 44
28 45
28 48
28 53
28 54
28 55
28 56
28 59
28 60
28 62
28 64
28 66
28 69
28 70
28 71
28 72
28 73
28 80
28 81
28 83
28 85
28 86
28 89
28 90
28 93
28 99
28 100
28 111
28 115
28 119
28 120
28 122
28 123
28 124
28 127
28 131
28 133
28 136
29 1
29 2
29 12
29 19
29 22
29 35
29 50
29 51
29 58
29 61
29 63
29 74
29 75
29 79
29 82
29 88
29 91
29 105
29 106
29 107
29 109
29 114
29 129
29 130
30 5
30 8
30 11
30 13
30 16
30 17
30 18
30 20
30 21
30 38
30 43
30 46
30 47
30 65
30 67
30 68
30 80
30 86
30 87
30 90
30 92
30 95
30 97
30 113
30 115
30 116
30 119
30 120
30 123
30 125
30 132
30 137
31 0
31 3
31 6
31 9
31 10
31 15
31 18
31 24
31 25
31 26
31 32
31 33
31 34
31 39
31 41
31 49
31 52
31 57
31 61
31 63
31 74
31 76
31 77
31 78
31 87
31 94
31 98
31 101
31 102
31 103
31 104
31 108
31 110
31 112
31 117
31 118
31 121
31 126
31 127
31 128
31 135
31 138
31 139
32 0
32 2
32 3
32 6
32 9
32 10
32 12
32 15
32 22
32 24
32 26
32 31
32 33
32 34
32 35
32 39
32 41
32 42
32 48
32 50
32 51
32 54
32 57
32 61
32 63
32 74
32 75
32 76
32 77
32 82
32 88
32 91
32 93
32 96
32 101
32 103
32 106
32 108
32 109
32 110
32 112
32 118
32 124
32 126
32 128
32 130
32 135
32 138
32 139
33 0
33 3
33 4
33 5
33 6
33 8
33 9
33 10
33 11
33 12
33 14
33 22
33 24
33 27
33 31
33 32
33 34
33 37
33 39
33 42
33 43
33 48
33 50
33 54
33 57
33 60
33 61
33 63
33 66
33 69
33 74
33 76
33 77
33 88
33 89
33 90
33 93
33 94
33 96
33 99
33 101
33 102
33 108
33 110
33 111
33 112
33 117
33 118
33 119
33 122
33 124
33 126
33 127
33 128
33 130
33 131
33 134
33 135
33 136
33 138
33 139
34 0
34 3
34 6
34 9
34 10
34 15
34 22
34 24
34 25
34 26
34 31
34 32
34 33
34 39
34 41
34 42
34 49
34 52
34 54
34 57
34 61
34 63
34 74
34 75
34 76
34 77
34 78
34 88
34 91
34 93
34 94
34 96
34 101
34 102
34 103
34 104
34 108
34 109
34 110
34 112
34 117
34 118
34 121
34 124
34 126
34 127
34 128
34 130
34 135
34 138
34 139
35 1
35 2
35 3
35 12
35 19
35 22
35 29
35 32
35 39
35 42
35 48
35 50
35 51
35 54
35 58
35 61
35 63
35 74
35 75
35 79
35 82
35 84
35 88
35 91
35 96
35 105
35 106
35 107
35 109
35 110
35 114
35 118
35 129
35 130
35 135
36 0
36 4
36 7
36 12
36 14
36 23
36 27
36 28
36 37
36 40
36 42
36 44
36 45
36 48
36 53
36 54
36 55
36 56
36 59
36 60
36 62
36 64
36 69
36 70
36 71
36 72
36 73
36 79
36 81
36 83
36 84
36 85
36 89
36 93
36 96
36 99
36 100
36 107
36 111
36 122
36 124
36 127
36 131
36 133
36 136
37 0
37 3
37 4
37 6
37 7
37 8
37 12
37 14
37 22
37 23
37 27
37 28
37 33
37 36
37 39
37 40
37 42
37 44
37 48
37 50
37 51
37 53
37 54
37 55
37 56
37 59
37 60
37 62
37 64
37 66
37 69
37 70
37 71
37 72
37 73
37 79
37 81
37 82
37 83
37 84
37 85
37 88
37 89
37 90
37 93
37 96
37 99
37 100
37 102
37 107
37 111
37 114
37 117
37 119
37 122
37 124
37 127
37 130
37 131
37 134
37 135
37 136
38 5
38 8
38 11
38 13
38 16
38 20
38 23
38 27
38 28
38 30
38 43
38 44
38 45
38 56
38 59
38 60
38 65
38 66
38 67
38 69
38 80
38 86
38 90
38 97
38 111
38 113
38 115
38 116
38 119
38 120
38 122
38 123
38 125
38 127
38 131
38 132
38 134
38 136
39 0
39 2
39 3
39 6
39 9
39 10
39 12
39 14
39 22
39 24
39 26
39 31
39 32
39 33
39 34
39 35
39 37
39 42
39 48
39 50
39 51
39 54
39 57
39 58
39 61
39 63
39 74
39 75
39 76
39 77
39 79
39 82
39 88
39 89
39 91
39 93
39 96
39 99
39 101
39 103
39 106
39 108
39 109
39 110
39 112
39 114
39 117
39 118
39 122
39 124
39 126
39 127
39 128
39 130
39 135
39 138
39 139
40 4
40 7
40 12
40 14
40 23
40 27
40 28
40 36
40 37
40 42
40 44
40 45
40 48
40 53
40 54
40 55
40 56
40 60
40 62
40 64
40 70
40 71
40 72
40 73
40 79
40 81
40 83
40 84
40 85
40 89
40 93
40 96
40 99
40 100
40 107
40 111
40 122
40 124
40 133
40 136
41 9
41 10
41 15
41 24
41 25
41 26
41 31
41 32
41 34
41 49
41 52
41 61
41 74
41 76
41 77
41 78
41 101
41 103
41 104
41 108
41 110
41 112
41 118
41 121
41 126
41 128
41 135
41 138
41 139
42 0
42 2
42 3
42 4
42 6
42 7
42 12
42 14
42 22
42 27
42 28
42 32
42 33
42 34
42 35
42 36
42 37
42 39
42 40
42 48
42 50
42 51
42 53
42 54
42 57
42 60
42 61
42 62
42 63
42 64
42 66
42 69
42 70
42 72
42 73
42 74
42 79
42 81
42 82
42 83
42 84
42 85
42 88
42 89
42 93
42 94
42 96
42 99
42 100
42 102
42 106
42 107
42 109
42 110
42 111
42 112
42 114
42 117
42 118
42 119
42 122
42 124
42 127
42 130
42 131
42 134
42 135
42 136
43 0
43 5
43 6
43 8
43 11
43 13
43 16
43 17
43 18
43 20
43 21
43 30
43 33
43 38
43 44
43 46
43 47
43 57
43 59
43 65
43 66
43 67
43 68
43 69
43 80
43 86
43 87
43 90
43 92
43 94
43 95
43 97
43 98
43 102
43 111
43 113
43 115
43 116
43 117
43 119
43 120
43 122
43 123
43 125
43 127
43 131
43 132
43 134
43 137
44 0
44 4
44 5
44 7
44 8
44 11
44 13
44 14
44 16
44 20
44 23
44 27
44 28
44 36
44 37
44 38
44 40
44 43
44 45
44 55
44 56
44 59
44 60
44 62
44 65
44 66
44 67
44 69
44 70
44 80
44 86
44 89
44 90
44 93
44 97
44 99
44 100
44 102
44 111
44 113
44 115
44 119
44 120
44 122
44 123
44 125
44 127
44 131
44 132
44 134
44 136
45 5
45 7
45 8
45 13
45 20
45 23
45 27
45 28
45 36
45 38
45 40
45 44
45 55
45 56
45 59
45 60
45 62
45 65
45 66
45 69
45 70
45 80
45 86
45 90
45 100
45 111
45 115
45 119
45 120
45 122
45 123
45 131
45 132
45 133
45 136
46 5
46 6
46 8
46 9
46 11
46 13
46 16
46 17
46 18
46 20
46 21
46 30
46 43
46 47
46 57
46 59
46 65
46 66
46 67
46 68
46 69
46 80
46 87
46 90
46 92
46 94
46 95
46 97
46 98
46 102
46 104
46 113
46 116
46 117
46 119
46 120
46 123
46 125
46 127
46 131
46 132
46 134
46 137
46 139
47 5
47 6
47 8
47 9
47 11
47 16
47 17
47 18
47 20
47 21
47 30
47 43
47 46
47 49
47 52
47 57
47 65
47 66
47 67
47 68
47 69
47 80
47 87
47 90
47 92
47 94
47 95
47 97
47 98
47 102
47 104
47 113
47 116
47 117
47 119
47 120
47 121
47 123
47 125
47 127
47 131
47 132
47 134
47 137
47 139
48 0
48 2
48 3
48 4
48 6
48 7
48 12
48 14
48 22
48 23
48 27
48 28
48 32
48 33
48 35
48 36
48 37
48 39
48 40
48 42
48 50
48 51
48 53
48 54
48 55
48 56
48 57
48 60
48 61
48 62
48 63
48 64
48 66
48 69
48 70
48 71
48 72
48 73
48 74
48 79
48 81
48 82
48 83
48 84
48 85
48 88
48 89
48 93
48 96
48 99
48 100
48 106
48 107
48 110
48 111
48 114
48 117
48 122
48 124
48 127
48 130
48 131
48 135
48 136
49 6
49 9
49 10
49 15
49 18
49 24
49 25
49 26
49 31
49 34
49 41
49 47
49 52
49 57
49 76
49 77
49 78
49 87
49 94
49 98
49 101
49 103
49 104
49 108
49 112
49 117
49 121
49 126
49 128
49 137
49 138
49 139
50 0
50 1
50 2
50 3
50 4
50 12
50 14
50 19
50 22
50 29
50 32
50 33
50 35
50 37
50 39
50 42
50 48
50 51
50 53
50 54
50 58
50 61
50 63
50 64
50 73
50 74
50 75
50 79
50 81
50 82
50 83
50 84
50 88
50 89
50 91
50 93
50 96
50 99
50 105
50 106
50 107
50 109
50 110
50 112
50 114
50 118
50 124
50 129
50 130
50 135
51 1
51 2
51 3
51 4
51 12
51 14
51 19
51 22
51 29
51 32
51 35
51 37
51 39
51 42
51 48
51 50
51 53
51 54
51 58
51 61
51 63
51 64
51 73
51 74
51 75
51 79
51 81
51 82
51 83
51 84
51 88
51 89
51 91
51 93
51 96
51 99
51 105
51 106
51 107
51 109
51 114
51 124
51 129
51 130
51 135
52 9
52 10
52 15
52 18
52 25
52 26
52 31
52 34
52 41
52 47
52 49
52 57
52 76
52 77
52 78
52 87
52 94
52 98
52 103
52 104
52 108
52 121
52 126
52 128
52 137
52 138
52 139
53 3
53 4
53 7
53 12
53 14
53 22
53 23
53 27
53 28
53 36
53 37
53 40
53 42
53 48
53 50
53 51
53 54
53 55
53 58
53 60
53 62
53 64
53 70
53 71
53 72
53 73
53 79
53 81
53 82
53 83
53 84
53 85
53 88
53 89
53 93
53 96
53 99
53 100
53 106
53 107
53 111
53 114
53 122
53 124
53 129
53 130
53 136
54 0
54 2
54 3
54 4
54 6
54 7
54 12
54 14
54 22
54 23
54 27
54 28
54 32
54 33
54 34
54 35
54 36
54 37
54 39
54 40
54 42
54 48
54 50
54 51
54 53
54 55
54 57
54 60
54 61
54 62
54 63
54 64
54 66
54 69
54 70
54 71
54 72
54 73
54 74
54 79
54 81
54 82
54 83
54 84
54 85
54 88
54 89
54 93
54 96
54 99
54 100
54 102
54 106
54 107
54 109
54 110
54 111
54 112
54 114
54 117
54 118
54 122
54 124
54 127
54 130
54 131
54 134
54 135
54 136
55 4
55 7
55 12
55 14
55 23
55 27
55 28
55 36
55 37
55 40
55 44
55 45
55 48
55 53
55 54
55 56
55 60
55 62
55 64
55 70
55 71
55 72
55 73
55 79
55 81
55 83
55 84
55 85
55 89
55 93
55 99
55 100
55 107
55 111
55 122
55 124
55 133
55 136
56 4
56 5
56 7
56 8
56 13
56 14
56 20
56 23
56 27
56 28
56 36
56 37
56 38
56 40
56 44
56 45
56 48
56 55
56 59
56 60
56 62
56 64
56 66
56 69
56 70
56 71
56 72
56 73
56 80
56 81
56 83
56 85
56 86
56 89
56 90
56 93
56 99
56 100
56 111
56 115
56 119
56 120
56 122
56 123
56 124
56 127
56 131
56 133
56 136
57 0
57 3
57 5
57 6
57 8
57 9
57 10
57 11
57 14
57 15
57 16
57 18
57 24
57 26
57 27
57 31
57 32
57 33
57 34
57 39
57 42
57 43
57 46
57 47
57 48
57 49
57 52
57 54
57 66
57 69
57 74
57 76
57 77
57 87
57 88
57 89
57 90
57 93
57 94
57 96
57 98
57 101
57 102
57 104
57 108
57 110
57 112
57 113
57 117
57 118
57 119
57 121
57 122
57 124
57 125
57 126
57 127
57 128
57 131
57 134
57 135
57 136
57 137
57 138
57 139
58 1
58 2
58 3
58 12
58 19
58 22
58 29
58 35
58 39
58 50
58 51
58 53
58 61
58 63
58 74
58 75
58 79
58 82
58 84
58 88
58 91
58 105
58 106
58 107
58 109
58 114
58 129
58 130
59 0
59 4
59 5
59 6
59 8
59 11
59 13
59 14
59 16
59 20
59 23
59 27
59 28
59 36
59 37
59 38
59 43
59 44
59 45
59 46
59 56
59 60
59 62
59 65
59 66
59 67
59 69
59 70
59 80
59 86
59 89
59 90
59 93
59 94
59 95
59 97
59 100
59 102
59 111
59 113
59 115
59 116
59 117
59 119
59 120
59 122
59 123
59 124
59 125
59 127
59 131
59 132
59 134
59 136
60 0
60 3
60 4
60 7
60 8
60 12
60 13
60 14
60 23
60 27
60 28
60 33
60 36
60 37
60 38
60 40
60 42
60 44
60 45
60 48
60 53
60 54
60 55
60 56
60 59
60 62
60 64
60 66
60 69
60 70
60 71
60 72
60 73
60 79
60 81
60 83
60 84
60 85
60 89
60 90
60 93
60 96
60 99
60 100
60 107
60 111
60 115
60 119
60 120
60 122
60 123
60 124
60 127
60 131
60 133
60 136
61 0
61 1
61 2
61 3
61 6
61 10
61 12
61 14
61 19
61 22
61 24
61 26
61 29
61 31
61 32
61 33
61 34
61 35
61 39
61 41
61 42
61 48
61 50
61 51
61 54
61 58
61 63
61 74
61 75
61 77
61 79
61 82
61 88
61 89
61 91
61 93
61 96
61 101
61 103
61 105
61 106
61 108
61 109
61 110
61 112
61 114
61 118
61 124
61 126
61 128
61 129
61 130
61 135
61 138
62 4
62 7
62 12
62 14
62 23
62 27
62 28
62 36
62 37
62 40
62 42
62 44
62 45
62 48
62 53
62 54
62 55
62 56
62 59
62 60
62 64
62 69
62 70
62 71
62 72
62 73
62 79
62 81
62 83
62 84
62 85
62 89
62 93
62 99
62 100
62 107
62 111
62 122
62 124
62 131
62 133
62 136
63 0
63 1
63 2
63 3
63 12
63 19
63 22
63 24
63 26
63 29
63 31
63 32
63 33
63 34
63 35
63 39
63 42
63 48
63 50
63 51
63 54
63 58
63 61
63 74
63 75
63 77
63 79
63 82
63 88
63 89
63 91
63 93
63 96
63 101
63 103
63 105
63 106
63 108
63 109
63 110
63 112
63 114
63 118
63 124
63 126
63 128
63 129
63 130
63 135
63 138
64 0
64 3
64 4
64 7
64 12
64 14
64 22
64 23
64 27
64 28
64 36
64 37
64 40
64 42
64 48
64 50
64 51
64 53
64 54
64 55
64 56
64 60
64 62
64 70
64 71
64 72
64 73
64 79
64 81
64 82
64 83
64 84
64 85
64 88
64 89
64 93
64 96
64 99
64 100
64 106
64 107
64 111
64 114
64 122
64 124
64 127
64 130
64 131
64 133
64 136
65 5
65 8
65 11
65 13
65 16
65 17
65 18
65 20
65 21
65 30
65 38
65 43
65 44
65 45
65 46
65 47
65 59
65 66
65 67
65 68
65 69
65 80
65 86
65 87
65 90
65 92
65 94
65 95
65 97
65 102
65 111
65 113
65 115
65 116
65 117
65 119
65 120
65 123
65 125
65 127
65 131
65 132
65 134
65 137
66 0
66 5
66 6
66 8
66 11
66 13
66 14
66 16
66 18
66 20
66 21
66 27
66 28
66 33
66 37
66 38
66 42
66 43
66 44
66 45
66 46
66 47
66 48
66 54
66 56
66 57
66 59
66 60
66 65
66 67
66 68
66 69
66 70
66 80
66 86
66 87
66 89
66 90
66 93
66 94
66 95
66 96
66 97
66 102
66 111
66 113
66 115
66 116
66 117
66 119
66 120
66 122
66 123
66 124
66 125
66 127
66 131
66 132
66 134
66 136
66 137
67 5
67 8
67 11
67 13
67 16
67 17
67 18
67 20
67 21
67 30
67 38
67 43
67 44
67 46
67 47
67 59
67 65
67 66
67 68
67 69
67 80
67 86
67 90
67 92
67 95
67 97
67 102
67 113
67 115
67 116
67 119
67 120
67 123
67 125
67 131
67 132
67 134
67 137
68 5
68 8
68 11
68 13
68 16
68 17
68 18
68 20
68 21
68 30
68 43
68 46
68 47
68 65
68 66
68 67
68 80
68 86
68 87
68 90
68 92
68 94
68 95
68 97
68 98
68 102
68 113
68 116
68 119
68 120
68 123
68 125
68 132
68 134
68 137
69 0
69 4
69 5
69 6
69 7
69 8
69 11
69 13
69 14
69 16
69 18
69 20
69 23
69 27
69 28
69 33
69 36
69 37
69 38
69 42
69 43
69 44
69 45
69 46
69 47
69 48
69 54
69 56
69 57
69 59
69 60
69 62
69 65
69 66
69 67
69 70
69 80
69 86
69 89
69 90
69 93
69 94
69 95
69 96
69 97
69 99
69 100
69 102
69 111
69 113
69 115
69 116
69 117
69 119
69 120
69 122
69 123
69 124
69 125
69 127
69 131
69 132
69 134
69 136
70 0
70 4
70 7
70 8
70 12
70 14
70 23
70 27
70 28
70 36
70 37
70 40
70 42
70 44
70 45
70 48
70 53
70 54
70 55
70 56
70 59
70 60
70 62
70 64
70 66
70 69
70 71
70 72
70 73
70 79
70 81
70 83
70 84
70 85
70 89
70 90
70 93
70 96
70 99
70 100
70 107
70 111
70 122
70 124
70 127
70 131
70 133
70 136
71 4
71 7
71 12
71 14
71 23
71 27
71 28
71 36
71 37
71 40
71 48
71 53
71 54
71 55
71 56
71 60
71 62
71 64
71 70
71 72
71 73
71 79
71 81
71 82
71 83
71 84
71 85
71 89
71 93
71 99
71 100
71 107
71 114
71 133
71 136
72 4
72 7
72 12
72 14
72 23
72 27
72 28
72 36
72 37
72 40
72 42
72 48
72 53
72 54
72 55
72 56
72 60
72 62
72 64
72 70
72 71
72 73
72 79
72 81
72 82
72 83
72 84
72 85
72 89
72 93
72 99
72 100
72 107
72 111
72 114
72 122
72 124
72 133
72 136
73 4
73 7
73 12
73 14
73 23
73 27
73 28
73 36
73 37
73 40
73 42
73 48
73 50
73 51
73 53
73 54
73 55
73 56
73 60
73 62
73 64
73 70
73 71
73 72
73 79
73 81
73 82
73 83
73 84
73 85
73 89
73 93
73 96
73 99
73 100
73 107
73 111
73 114
73 122
73 124
73 133
73 136
74 0
74 1
74 2
74 3
74 6
74 10
74 12
74 14
74 19
74 22
74 24
74 26
74 29
74 31
74 32
74 33
74 34
74 35
74 39
74 41
74 42
74 48
74 50
74 51
74 54
74 57
74 58
74 61
74 63
74 75
74 77
74 79
74 82
74 88
74 89
74 91
74 93
74 96
74 101
74 103
74 105
74 106
74 108
74 109
74 110
74 112
74 114
74 118
74 124
74 126
74 128
74 129
74 130
74 135
74 138
74 139
75 1
75 2
75 3
75 19
75 22
75 24
75 29
75 32
75 34
75 35
75 39
75 50
75 51
75 58
75 61
75 63
75 74
75 82
75 88
75 91
75 101
75 105
75 106
75 108
75 109
75 110
75 112
75 114
75 118
75 129
75 130
75 135
75 138
76 6
76 9
76 10
76 15
76 24
76 25
76 26
76 31
76 32
76 33
76 34
76 39
76 41
76 49
76 52
76 57
76 77
76 78
76 87
76 94
76 98
76 101
76 102
76 103
76 104
76 108
76 110
76 112
76 117
76 118
76 121
76 126
76 128
76 135
76 138
76 139
77 6
77 9
77 10
77 15
77 24
77 25
77 26
77 31
77 32
77 33
77 34
77 39
77 41
77 49
77 52
77 57
77 61
77 63
77 74
77 76
77 78
77 101
77 103
77 104
77 108
77 110
77 112
77 118
77 121
77 126
77 128
77 135
77 138
77 139
78 9
78 10
78 15
78 24
78 25
78 26
78 31
78 34
78 41
78 49
78 52
78 76
78 77
78 98
78 101
78 103
78 104
78 108
78 112
78 118
78 121
78 126
78 128
78 138
78 139
79 1
79 2
79 3
79 4
79 7
79 12
79 14
79 19
79 22
79 27
79 29
79 35
79 36
79 37
79 39
79 40
79 42
79 48
79 50
79 51
79 53
79 54
79 55
79 58
79 60
79 61
79 62
79 63
79 64
79 70
79 71
79 72
79 73
79 74
79 81
79 82
79 83
79 84
79 85
79 88
79 89
79 93
79 96
79 99
79 100
79 105
79 106
79 107
79 109
79 114
79 124
79 129
79 130
79 135
79 136
80 5
80 8
80 11
80 13
80 16
80 17
80 18
80 20
80 21
80 27
80 28
80 30
80 38
80 43
80 44
80 45
80 46
80 47
80 56
80 59
80 65
80 66
80 67
80 68
80 69
80 86
80 90
80 92
80 94
80 95
80 97
80 102
80 111
80 113
80 115
80 116
80 117
80 119
80 120
80 122
80 123
80 125
80 127
80 131
80 132
80 134
80 136
81 4
81 7
81 12
81 14
81 22
81 23
81 27
81 28
81 36
81 37
81 40
81 42
81 48
81 50
81 51
81 53
81 54
81 55
81 56
81 60
81 62
81 64
81 70
81 71
81 72
81 73
81 79
81 82
81 83
81 84
81 85
81 89
81 93
81 96
81 99
81 100
81 106
81 107
81 111
81 114
81 122
81 124
81 133
81 136
82 1
82 2
82 3
82 4
82 7
82 12
82 14
82 19
82 22
82 29
82 32
82 35
82 37
82 39
82 42
82 48
82 50
82 51
82 53
82 54
82 58
82 61
82 63
82 64
82 71
82 72
82 73
82 74
82 75
82 79
82 81
82 83
82 84
82 88
82 89
82 91
82 93
82 96
82 99
82 105
82 106
82 107
82 109
82 110
82 114
82 124
82 129
82 130
82 135
83 4
83 7
83 12
83 14
83 22
83 23
83 27
83 28
83 36
83 37
83 40
83 42
83 48
83 50
83 51
83 53
83 54
83 55
83 56
83 60
83 62
83 64
83 70
83 71
83 72
83 73
83 79
83 81
83 82
83 84
83 85
83 89
83 93
83 96
83 99
83 100
83 106
83 107
83 111
83 114
83 122
83 124
83 133
83 136
84 2
84 3
84 4
84 7
84 12
84 14
84 19
84 22
84 23
84 27
84 35
84 36
84 37
84 40
84 42
84 48
84 50
84 51
84 53
84 54
84 55
84 58
84 60
84 62
84 64
84 70
84 71
84 72
84 73
84 79
84 81
84 82
84 83
84 85
84 88
84 89
84 93
84 96
84 99
84 100
84 106
84 107
84 114
84 124
84 129
84 130
84 136
85 4
85 7
85 12
85 14
85 23
85 27
85 28
85 36
85 37
85 40
85 42
85 48
85 53
85 54
85 55
85 56
85 60
85 62
85 64
85 70
85 71
85 72
85 73
85 79
85 81
85 83
85 84
85 89
85 93
85 99
85 100
85 107
85 111
85 122
85 124
85 133
85 136
86 5
86 8
86 11
86 13
86 16
86 17
86 20
86 21
86 28
86 30
86 38
86 43
86 44
86 45
86 56
86 59
86 65
86 66
86 67
86 68
86 69
86 80
86 90
86 92
86 95
86 97
86 111
86 113
86 115
86 116
86 119
86 120
86 122
86 123
86 125
86 131
86 132
86 134
87 5
87 6
87 8
87 9
87 10
87 11
87 15
87 16
87 17
87 18
87 21
87 30
87 31
87 43
87 46
87 47
87 49
87 52
87 57
87 65
87 66
87 68
87 76
87 90
87 94
87 95
87 98
87 102
87 104
87 113
87 116
87 117
87 119
87 121
87 125
87 127
87 134
87 137
87 139
88 0
88 2
88 3
88 4
88 6
88 12
88 14
88 19
88 22
88 24
88 27
88 29
88 32
88 33
88 34
88 35
88 37
88 39
88 42
88 48
88 50
88 51
88 53
88 54
88 57
88 58
88 61
88 63
88 64
88 74
88 75
88 79
88 82
88 84
88 89
88 91
88 93
88 96
88 99
88 101
88 106
88 107
88 108
88 109
88 110
88 112
88 114
88 117
88 118
88 122
88 124
88 127
88 129
88 130
88 135
88 136
88 138
89 0
89 3
89 4
89 6
89 7
89 8
89 12
89 14
89 22
89 23
89 27
89 28
89 33
89 36
89 37
89 39
89 40
89 42
89 44
89 48
89 50
89 51
89 53
89 54
89 55
89 56
89 57
89 59
89 60
89 61
89 62
89 63
89 64
89 66
89 69
89 70
89 71
89 72
89 73
89 74
89 79
89 81
89 82
89 83
89 84
89 85
89 88
89 90
89 93
89 96
89 99
89 100
89 102
89 106
89 107
89 110
89 111
89 114
89 117
89 119
89 122
89 124
89 127
89 130
89 131
89 134
89 135
89 136
90 0
90 5
90 6
90 8
90 11
90 13
90 16
90 17
90 18
90 20
90 21
90 27
90 28
90 30
90 33
90 37
90 38
90 43
90 44
90 45
90 46
90 47
90 56
90 57
90 59
90 60
90 65
90 66
90 67
90 68
90 69
90 70
90 80
90 86
90 87
90 89
90 93
90 94
90 95
90 97
90 102
90 111
90 113
90 115
90 116
90 117
90 119
90 120
90 122
90 123
90 124
90 125
90 127
90 131
90 132
90 134
90 136
91 1
91 2
91 3
91 12
91 19
91 22
91 24
91 29
91 32
91 34
91 35
91 39
91 50
91 51
91 58
91 61
91 63
91 74
91 75
91 82
91 88
91 96
91 101
91 105
91 106
91 109
91 110
91 112
91 114
91 118
91 129
91 130
91 135
91 138
92 5
92 11
92 13
92 16
92 17
92 20
92 21
92 30
92 43
92 46
92 47
92 65
92 67
92 68
92 80
92 86
92 95
92 97
92 113
92 116
92 120
92 123
92 125
92 132
92 137
93 0
93 3
93 4
93 5
93 6
93 7
93 8
93 12
93 14
93 22
93 23
93 27
93 28
93 32
93 33
93 34
93 36
93 37
93 39
93 40
93 42
93 44
93 48
93 50
93 51
93 53
93 54
93 55
93 56
93 57
93 59
93 60
93 61
93 62
93 63
93 64
93 66
93 69
93 70
93 71
93 72
93 73
93 74
93 79
93 81
93 82
93 83
93 84
93 85
93 88
93 89
93 90
93 94
93 96
93 99
93 100
93 102
93 106
93 107
93 110
93 111
93 114
93 117
93 119
93 122
93 124
93 127
93 130
93 131
93 134
93 135
93 136
94 0
94 3
94 5
94 6
94 8
94 9
94 10
94 11
94 13
94 15
94 16
94 18
94 20
94 21
94 27
94 31
94 33
94 34
94 42
94 43
94 46
94 47
94 49
94 52
94 57
94 59
94 65
94 66
94 68
94 69
94 76
94 80
94 87
94 90
94 93
94 95
94 96
94 98
94 102
94 104
94 108
94 112
94 113
94 117
94 119
94 120
94 121
94 122
94 123
94 124
94 125
94 127
94 131
94 132
94 134
94 136
94 137
94 139
95 5
95 8
95 11
95 13
95 16
95 17
95 18
95 20
95 21
95 30
95 43
95 46
95 47
95 59
95 65
95 66
95 67
95 68
95 69
95 80
95 86
95 87
95 90
95 92
95 94
95 97
95 98
95 102
95 113
95 116
95 117
95 119
95 120
95 123
95 125
95 132
95 134
95 137
96 0
96 2
96 3
96 4
96 6
96 7
96 12
96 14
96 22
96 27
96 32
96 33
96 34
96 35
96 36
96 37
96 39
96 40
96 42
96 48
96 50
96 51
96 53
96 54
96 57
96 60
96 61
96 63
96 64
96 66
96 69
96 70
96 73
96 74
96 79
96 81
96 82
96 83
96 84
96 88
96 89
96 91
96 93
96 94
96 99
96 100
96 101
96 102
96 106
96 107
96 108
96 109
96 110
96 111
96 112
96 114
96 117
96 118
96 122
96 124
96 127
96 130
96 131
96 134
96 135
96 136
96 138
97 5
97 8
97 11
97 13
97 16
97 17
97 18
97 20
97 21
97 30
97 38
97 43
97 44
97 46
97 47
97 59
97 65
97 66
97 67
97 68
97 69
97 80
97 86
97 90
97 92
97 95
97 113
97 115
97 116
97 119
97 120
97 123
97 125
97 131
97 132
97 134
98 6
98 9
98 10
98 11
98 15
98 16
98 18
98 21
98 31
98 43
98 46
98 47
98 49
98 52
98 57
98 68
98 76
98 78
98 87
98 94
98 95
98 102
98 104
98 117
98 121
98 125
98 134
98 137
98 139
99 0
99 3
99 4
99 7
99 12
99 14
99 22
99 23
99 27
99 28
99 33
99 36
99 37
99 39
99 40
99 42
99 44
99 48
99 50
99 51
99 53
99 54
99 55
99 56
99 60
99 62
99 64
99 69
99 70
99 71
99 72
99 73
99 79
99 81
99 82
99 83
99 84
99 85
99 88
99 89
99 93
99 96
99 100
99 106
99 107
99 111
99 114
99 122
99 124
99 127
99 130
99 131
99 136
100 4
100 7
100 12
100 14
100 23
100 27
100 28
100 36
100 37
100 40
100 42
100 44
100 45
100 48
100 53
100 54
100 55
100 56
100 59
100 60
100 62
100 64
100 69
100 70
100 71
100 72
100 73
100 79
100 81
100 83
100 84
100 85
100 89
100 93
100 96
100 99
100 107
100 111
100 122
100 124
100 131
100 133
100 136
101 3
101 6
101 9
101 10
101 15
101 24
101 25
101 26
101 31
101 32
101 33
101 34
101 39
101 41
101 49
101 57
101 61
101 63
101 74
101 75
101 76
101 77
101 78
101 88
101 91
101 96
101 103
101 104
101 108
101 109
101 110
101 112
101 118
101 121
101 126
101 128
101 130
101 135
101 138
101 139
102 0
102 3
102 5
102 6
102 8
102 9
102 10
102 11
102 13
102 16
102 18
102 20
102 21
102 27
102 31
102 33
102 34
102 37
102 42
102 43
102 44
102 46
102 47
102 54
102 57
102 59
102 65
102 66
102 67
102 68
102 69
102 76
102 80
102 87
102 89
102 90
102 93
102 94
102 95
102 96
102 98
102 104
102 108
102 111
102 113
102 116
102 117
102 119
102 120
102 121
102 122
102 123
102 124
102 125
102 127
102 131
102 132
102 134
102 136
102 137
102 139
103 9
103 10
103 15
103 24
103 25
103 26
103 31
103 32
103 34
103 39
103 41
103 49
103 52
103 61
103 63
103 74
103 76
103 77
103 78
103 101
103 104
103 108
103 110
103 112
103 118
103 121
103 126
103 128
103 135
103 138
103 139
104 6
104 9
104 10
104 15
104 18
104 25
104 26
104 31
104 34
104 41
104 46
104 47
104 49
104 52
104 57
104 76
104 77
104 78
104 87
104 94
104 98
104 101
104 102
104 103
104 108
104 112
104 117
104 121
104 126
104 128
104 134
104 137
104 138
104 139
105 1
105 2
105 19
105 22
105 29
105 35
105 50
105 51
105 58
105 61
105 63
105 74
105 75
105 79
105 82
105 91
105 106
105 109
105 114
105 129
105 130
106 1
106 2
106 3
106 4
106 12
106 14
106 19
106 22
106 29
106 32
106 35
106 39
106 42
106 48
106 50
106 51
106 53
106 54
106 58
106 61
106 63
106 64
106 74
106 75
106 79
106 81
106 82
106 83
106 84
106 88
106 89
106 91
106 93
106 96
106 99
106 105
106 107
106 109
106 110
106 114
106 124
106 129
106 130
106 135
107 2
107 3
107 4
107 7
107 12
107 14
107 19
107 22
107 29
107 35
107 36
107 37
107 40
107 42
107 48
107 50
107 51
107 53
107 54
107 55
107 58
107 60
107 62
107 64
107 70
107 71
107 72
107 73
107 79
107 81
107 82
107 83
107 84
107 85
107 88
107 89
107 93
107 96
107 99
107 100
107 106
107 114
107 124
107 129
107 130
108 0
108 3
108 6
108 9
108 10
108 15
108 24
108 25
108 26
108 31
108 32
108 33
108 34
108 39
108 41
108 49
108 52
108 57
108 61
108 63
108 74
108 75
108 76
108 77
108 78
108 88
108 94
108 96
108 101
108 102
108 103
108 104
108 110
108 112
108 117
108 118
108 121
108 126
108 128
108 135
108 138
108 139
109 1
109 2
109 3
109 12
109 19
109 22
109 24
109 29
109 32
109 34
109 35
109 39
109 42
109 50
109 51
109 54
109 58
109 61
109 63
109 74
109 75
109 79
109 82
109 88
109 91
109 96
109 101
109 105
109 106
109 110
109 112
109 114
109 118
109 129
109 130
109 135
109 138
110 0
110 2
110 3
110 6
110 9
110 10
110 12
110 14
110 15
110 22
110 24
110 26
110 31
110 32
110 33
110 34
110 35
110 39
110 41
110 42
110 48
110 50
110 54
110 57
110 61
110 63
110 74
110 75
110 76
110 77
110 82
110 88
110 89
110 91
110 93
110 96
110 101
110 103
110 106
110 108
110 109
110 112
110 117
110 118
110 121
110 124
110 126
110 127
110 128
110 130
110 135
110 138
110 139
111 0
111 4
111 5
111 6
111 7
111 8
111 11
111 13
111 14
111 16
111 20
111 23
111 27
111 28
111 33
111 36
111 37
111 38
111 40
111 42
111 43
111 44
111 45
111 48
111 53
111 54
111 55
111 56
111 59
111 60
111 62
111 64
111 65
111 66
111 69
111 70
111 72
111 73
111 80
111 81
111 83
111 85
111 86
111 89
111 90
111 93
111 96
111 99
111 100
111 102
111 113
111 115
111 117
111 119
111 120
111 122
111 123
111 124
111 127
111 131
111 134
111 136
112 0
112 3
112 6
112 9
112 10
112 15
112 22
112 24
112 25
112 26
112 31
112 32
112 33
112 34
112 39
112 41
112 42
112 49
112 50
112 54
112 57
112 61
112 63
112 74
112 75
112 76
112 77
112 78
112 88
112 91
112 94
112 96
112 101
112 103
112 104
112 108
112 109
112 110
112 117
112 118
112 121
112 124
112 126
112 128
112 130
112 135
112 138
112 139
113 5
113 6
113 8
113 11
113 13
113 16
113 17
113 18
113 20
113 21
113 30
113 38
113 43
113 44
113 46
113 47
113 57
113 59
113 65
113 66
113 67
113 68
113 69
113 80
113 86
113 87
113 90
113 92
113 94
113 95
113 97
113 102
113 111
113 115
113 116
113 117
113 119
113 120
113 123
113 125
113 127
113 131
113 132
113 134
113 137
114 1
114 2
114 3
114 4
114 12
114 14
114 19
114 22
114 29
114 35
114 37
114 39
114 42
114 48
114 50
114 51
114 53
114 54
114 58
114 61
114 63
114 64
114 71
114 72
114 73
114 74
114 75
114 79
114 81
114 82
114 83
114 84
114 88
114 89
114 91
114 93
114 96
114 99
114 105
114 106
114 107
114 109
114 124
114 129
114 130
114 135
115 5
115 8
115 11
115 13
115 16
115 20
115 23
115 27
115 28
115 30
115 38
115 43
115 44
115 45
115 56
115 59
115 60
115 65
115 66
115 67
115 69
115 80
115 86
115 90
115 97
115 111
115 113
115 116
115 119
115 120
115 122
115 123
115 125
115 127
115 131
115 132
115 134
115 136
116 5
116 8
116 11
116 13
116 16
116 17
116 18
116 20
116 21
116 30
116 38
116 43
116 46
116 47
116 59
116 65
116 66
116 67
116 68
116 69
116 80
116 86
116 87
116 90
116 92
116 95
116 97
116 102
116 113
116 115
116 119
116 120
116 123
116 125
116 132
116 134
116 137
117 0
117 3
117 5
117 6
117 8
117 9
117 10
117 11
117 14
117 16
117 18
117 20
117 27
117 31
117 33
117 34
117 37
117 39
117 42
117 43
117 46
117 47
117 48
117 49
117 54
117 57
117 59
117 65
117 66
117 69
117 76
117 80
117 87
117 88
117 89
117 90
117 93
117 94
117 95
117 96
117 98
117 102
117 104
117 108
117 110
117 111
117 112
117 113
117 119
117 120
117 121
117 122
117 123
117 124
117 125
117 127
117 131
117 134
117 135
117 136
117 137
117 139
118 0
118 2
118 3
118 6
118 9
118 10
118 15
118 22
118 24
118 25
118 26
118 31
118 32
118 33
118 34
118 35
118 39
118 41
118 42
118 50
118 54
118 57
118 61
118 63
118 74
118 75
118 76
118 77
118 78
118 88
118 91
118 96
118 101
118 103
118 108
118 109
118 110
118 112
118 121
118 126
118 128
118 130
118 135
118 138
118 139
119 0
119 5
119 6
119 8
119 11
119 13
119 16
119 17
119 18
119 20
119 21
119 27
119 28
119 30
119 33
119 37
119 38
119 42
119 43
119 44
119 45
119 46
119 47
119 56
119 57
119 59
119 60
119 65
119 66
119 67
119 68
119 69
119 80
119 86
119 87
119 89
119 90
119 93
119 94
119 95
119 97
119 102
119 111
119 113
119 115
119 116
119 117
119 120
119 122
119 123
119 124
119 125
119 127
119 131
119 132
119 134
119 136
119 137
120 0
120 5
120 8
120 11
120 13
120 16
120 17
120 18
120 20
120 21
120 27
120 28
120 30
120 38
120 43
120 44
120 45
120 46
120 47
120 56
120 59
120 60
120 65
120 66
120 67
120 68
120 69
120 80
120 86
120 90
120 92
120 94
120 95
120 97
120 102
120 111
120 113
120 115
120 116
120 117
120 119
120 122
120 123
120 125
120 127
120 131
120 132
120 134
120 136
121 6
121 9
121 10
121 15
121 18
121 24
121 25
121 26
121 31
121 34
121 41
121 47
121 49
121 52
121 57
121 76
121 77
121 78
121 87
121 94
121 98
121 101
121 102
121 103
121 104
121 108
121 110
121 112
121 117
121 118
121 126
121 128
121 137
121 138
121 139
122 0
122 3
122 4
122 5
122 6
122 7
122 8
122 11
122 12
122 13
122 14
122 16
122 20
122 23
122 27
122 28
122 33
122 36
122 37
122 38
122 39
122 40
122 42
122 43
122 44
122 45
122 48
122 53
122 54
122 55
122 56
122 57
122 59
122 60
122 62
122 64
122 66
122 69
122 70
122 72
122 73
122 80
122 81
122 83
122 85
122 86
122 88
122 89
122 90
122 93
122 94
122 96
122 99
122 100
122 102
122 111
122 115
122 117
122 119
122 120
122 123
122 124
122 127
122 131
122 134
122 136
123 0
123 5
123 6
123 8
123 11
123 13
123 16
123 17
123 18
123 20
123 21
123 27
123 28
123 30
123 38
123 43
123 44
123 45
123 46
123 47
123 56
123 59
123 60
123 65
123 66
123 67
123 68
123 69
123 80
123 86
123 90
123 92
123 94
123 95
123 97
123 102
123 111
123 113
123 115
123 116
123 117
123 119
123 120
123 122
123 125
123 127
123 131
123 132
123 134
123 136
124 0
124 3
124 4
124 6
124 7
124 12
124 14
124 22
124 23
124 27
124 28
124 32
124 33
124 34
124 36
124 37
124 39
124 40
124 42
124 48
124 50
124 51
124 53
124 54
124 55
124 56
124 57
124 59
124 60
124 61
124 62
124 63
124 64
124 66
124 69
124 70
124 72
124 73
124 74
124 79
124 81
124 82
124 83
124 84
124 85
124 88
124 89
124 90
124 93
124 94
124 96
124 99
124 100
124 102
124 106
124 107
124 110
124 111
124 112
124 114
124 117
124 119
124 122
124 127
124 130
124 131
124 134
124 135
124 136
125 5
125 6
125 8
125 11
125 13
125 16
125 17
125 18
125 20
125 21
125 30
125 38
125 43
125 44
125 46
125 47
125 57
125 59
125 65
125 66
125 67
125 68
125 69
125 80
125 86
125 87
125 90
125 92
125 94
125 95
125 97
125 98
125 102
125 113
125 115
125 116
125 117
125 119
125 120
125 123
125 127
125 131
125 132
125 134
125 137
126 6
126 9
126 10
126 15
126 24
126 25
126 26
126 31
126 32
126 33
126 34
126 39
126 41
126 49
126 52
126 57
126 61
126 63
126 74
126 76
126 77
126 78
126 101
126 103
126 104
126 108
126 110
126 112
126 118
126 121
126 128
126 135
126 138
126 139
127 0
127 3
127 4
127 5
127 6
127 7
127 8
127 11
127 12
127 13
127 14
127 16
127 18
127 20
127 27
127 28
127 31
127 33
127 34
127 36
127 37
127 38
127 39
127 42
127 43
127 44
127 46
127 47
127 48
127 54
127 56
127 57
127 59
127 60
127 64
127 65
127 66
127 69
127 70
127 80
127 87
127 88
127 89
127 90
127 93
127 94
127 96
127 99
127 102
127 110
127 111
127 113
127 115
127 117
127 119
127 120
127 122
127 123
127 124
127 125
127 131
127 134
127 135
127 136
127 139
128 3
128 6
128 9
128 10
128 15
128 24
128 25
128 26
128 31
128 32
128 33
128 34
128 39
128 41
128 49
128 52
128 57
128 61
128 63
128 74
128 76
128 77
128 78
128 101
128 103
128 104
128 108
128 110
128 112
128 118
128 121
128 126
128 135
128 138
128 139
129 1
129 2
129 12
129 19
129 22
129 29
129 35
129 50
129 51
129 53
129 58
129 61
129 63
129 74
129 75
129 79
129 82
129 84
129 88
129 91
129 105
129 106
129 107
129 109
129 114
129 130
130 0
130 1
130 2
130 3
130 4
130 12
130 14
130 19
130 22
130 29
130 32
130 33
130 34
130 35
130 37
130 39
130 42
130 48
130 50
130 51
130 53
130 54
130 58
130 61
130 63
130 64
130 74
130 75
130 79
130 82
130 84
130 88
130 89
130 91
130 93
130 96
130 99
130 101
130 105
130 106
130 107
130 109
130 110
130 112
130 114
130 118
130 124
130 129
130 135
130 138
131 0
131 3
131 4
131 5
131 6
131 7
131 8
131 11
131 13
131 14
131 16
131 18
131 20
131 23
131 27
131 28
131 33
131 36
131 37
131 38
131 42
131 43
131 44
131 45
131 46
131 47
131 48
131 54
131 56
131 57
131 59
131 60
131 62
131 64
131 65
131 66
131 67
131 69
131 70
131 80
131 86
131 89
131 90
131 93
131 94
131 96
131 97
131 99
131 100
131 102
131 111
131 113
131 115
131 117
131 119
131 120
131 122
131 123
131 124
131 125
131 127
131 132
131 134
131 136
132 5
132 8
132 11
132 13
132 16
132 17
132 18
132 20
132 21
132 30
132 38
132 43
132 44
132 45
132 46
132 47
132 59
132 65
132 66
132 67
132 68
132 69
132 80
132 86
132 90
132 92
132 94
132 95
132 97
132 102
132 113
132 115
132 116
132 119
132 120
132 123
132 125
132 131
132 134
132 137
133 4
133 7
133 23
133 28
133 36
133 40
133 45
133 55
133 56
133 60
133 62
133 64
133 70
133 71
133 72
133 73
133 81
133 83
133 85
133 100
134 0
134 5
134 6
134 8
134 9
134 11
134 13
134 16
134 17
134 18
134 20
134 21
134 27
134 33
134 37
134 38
134 42
134 43
134 44
134 46
134 47
134 54
134 57
134 59
134 65
134 66
134 67
134 68
134 69
134 80
134 86
134 87
134 89
134 90
134 93
134 94
134 95
134 96
134 97
134 98
134 102
134 104
134 111
134 113
134 115
134 116
134 117
134 119
134 120
134 122
134 123
134 124
134 125
134 127
134 131
134 132
134 136
134 137
134 139
135 0
135 2
135 3
135 6
135 9
135 10
135 12
135 14
135 22
135 24
135 26
135 31
135 32
135 33
135 34
135 35
135 37
135 39
135 41
135 42
135 48
135 50
135 51
135 54
135 57
135 61
135 63
135 74
135 75
135 76
135 77
135 79
135 82
135 88
135 89
135 91
135 93
135 96
135 101
135 103
135 106
135 108
135 109
135 110
135 112
135 114
135 117
135 118
135 124
135 126
135 127
135 128
135 130
135 138
135 139
136 0
136 3
136 4
136 5
136 6
136 7
136 8
136 11
136 12
136 13
136 14
136 20
136 23
136 27
136 28
136 33
136 36
136 37
136 38
136 40
136 42
136 44
136 45
136 48
136 53
136 54
136 55
136 56
136 57
136 59
136 60
136 62
136 64
136 66
136 69
136 70
136 71
136 72
136 73
136 79
136 80
136 81
136 83
136 84
136 85
136 88
136 89
136 90
136 93
136 94
136 96
136 99
136 100
136 102
136 111
136 115
136 117
136 119
136 120
136 122
136 123
136 124
136 127
136 131
136 134
137 5
137 6
137 9
137 11
137 16
137 17
137 18
137 21
137 30
137 43
137 46
137 47
137 49
137 52
137 57
137 65
137 66
137 67
137 68
137 87
137 92
137 94
137 95
137 98
137 102
137 104
137 113
137 116
137 117
137 119
137 121
137 125
137 132
137 134
137 139
138 3
138 6
138 9
138 10
138 15
138 24
138 25
138 26
138 31
138 32
138 33
138 34
138 39
138 41
138 49
138 52
138 57
138 61
138 63
138 74
138 75
138 76
138 77
138 78
138 88
138 91
138 96
138 101
138 103
138 104
138 108
138 109
138 110
138 112
138 118
138 121
138 126
138 128
138 130
138 135
138 139
139 0
139 3
139 6
139 9
139 10
139 15
139 18
139 24
139 25
139 26
139 31
139 32
139 33
139 34
139 39
139 41
139 46
139 47
139 49
139 52
139 57
139 74
139 76
139 77
139 78
139 87
139 94
139 98
139 101
139 102
139 103
139 104
139 108
139 110
139 112
139 117
139 118
139 121
139 126
139 127
139 128
139 134
139 135
139 137
139 138
