4
2 1
150
0 50.000000 50.000000 20 99999999 4
1 65.707725 55.694661 20 123 2
2 21.294978 15.158445 20 100 4
3 29.836406 3.200762 20 121 5
4 6.374782 94.981353 20 103 4
5 22.841985 92.119484 20 113 2
6 82.703197 65.890302 20 117 3
7 74.869926 14.615031 20 108 1
8 41.076880 33.568144 20 112 2
9 27.753136 21.214232 20 115 5
10 1.339671 23.482280 20 116 5
11 9.552396 52.811448 20 118 1
12 85.435498 17.668162 20 123 1
13 29.956140 44.677980 20 142 4
14 90.337645 9.668355 20 125 4
15 94.602114 17.583439 20 132 5
16 1.130342 19.243244 20 100 1
17 57.653095 84.376375 20 121 2
18 6.163973 88.258143 20 108 3
19 23.442786 39.378178 20 110 3
20 76.522885 48.218634 20 131 1
21 9.533635 26.221689 20 132 1
22 14.730276 84.900708 20 139 5
23 70.735075 20.243285 20 144 5
24 83.625976 55.332193 20 113 4
25 81.399500 29.808231 20 132 1
26 56.668442 38.785045 20 114 4
27 24.791077 69.886437 20 105 1
28 23.261818 16.366140 20 119 3
29 29.551477 14.954216 20 146 3
30 58.492791 31.343941 20 100 4
31 75.109600 77.841002 20 127 5
32 28.954790 90.599717 20 128 4
33 35.461363 26.914178 20 127 3
34 38.213982 19.667542 20 111 5
35 73.939416 6.492537 20 102 5
36 89.048516 44.861214 20 119 1
37 97.974873 76.817587 20 119 5
38 16.559313 94.306825 20 112 4
39 75.537701 55.099192 20 105 5
40 28.261991 55.661660 20 145 5
41 5.043111 57.358239 20 118 4
42 6.121822 40.817224 20 117 3
43 65.564072 17.116589 20 114 4
44 6.389790 65.971427 20 131 4
45 35.731158 76.292949 20 117 1
46 68.253271 92.635864 20 132 2
47 94.694987 87.576240 20 123 2
48 86.168370 30.114455 20 125 4
49 65.199229 17.516684 20 118 4
50 45.327015 71.552621 20 105 1
51 54.795966 6.542969 20 113 1
52 30.242355 23.539289 20 118 1
53 66.533076 9.419595 20 139 1
54 54.709231 51.476346 20 131 2
55 98.958039 49.303992 20 126 1
56 62.065001 48.415527 20 107 5
57 90.440549 13.996153 20 117 2
58 44.736845 16.250298 20 123 4
59 98.238591 39.079296 20 107 1
60 74.793220 8.976870 20 120 2
61 24.691918 37.731110 20 106 2
62 85.540685 79.143197 20 137 2
63 14.863871 82.659657 20 140 2
64 44.309088 54.588259 20 102 3
65 43.796550 62.077705 20 104 1
66 5.306873 18.705628 20 139 1
67 44.950291 65.973234 20 143 2
68 39.973075 54.918969 20 102 1
69 71.661691 41.632227 20 140 3
70 39.638563 66.485338 20 113 1
71 54.878570 2.635841 20 146 3
72 9.529677 85.936753 20 133 2
73 12.370406 72.483501 20 101 3
74 45.571980 10.155742 20 143 5
75 64.372499 4.123637 20 137 3
76 0.928652 18.681200 20 147 1
77 10.331518 52.968617 20 132 3
78 18.644589 70.728256 20 141 1
79 44.254068 12.720409 20 143 3
80 15.409806 62.499903 20 108 3
81 47.338755 0.712012 20 117 3
82 2.448171 40.550684 20 102 2
83 3.025352 48.735271 20 127 2
84 46.556015 93.363450 20 149 4
85 59.531922 85.693949 20 109 4
86 10.707923 19.463181 20 111 5
87 41.271331 40.683031 20 121 5
88 26.361293 35.641431 20 116 4
89 81.398521 18.960656 20 125 2
90 30.600624 23.438739 20 108 5
91 59.381144 94.005682 20 138 2
92 72.389297 75.006513 20 127 4
93 89.930288 77.099135 20 132 2
94 86.061362 73.265416 20 130 4
95 89.663329 20.616310 20 107 1
96 12.444381 92.659709 20 136 2
97 87.111262 46.760326 20 112 2
98 10.534392 69.833879 20 105 1
99 44.220586 37.450943 20 109 5
100 5.924323 47.530563 20 0 2
101 24.366192 93.471246 20 0 4
102 95.988584 20.737428 20 0 5
103 54.419463 83.801471 20 0 2
104 34.929509 17.816341 20 0 3
105 78.069092 4.797670 20 0 5
106 57.332085 50.867063 20 0 4
107 6.891780 16.544386 20 0 2
108 20.727636 41.399787 20 0 3
109 45.384937 54.449843 20 0 5
110 4.680687 97.493082 20 0 3
111 14.634653 54.622457 20 0 3
112 36.492623 94.225441 20 0 3
113 63.319220 24.918916 20 0 5
114 79.750199 65.017820 20 0 2
115 53.456270 77.973408 20 0 1
116 18.726731 30.398934 20 0 4
117 23.337400 24.759977 20 0 1
118 38.419015 31.586120 20 0 2
119 54.024438 97.803133 20 0 5
120 14.923082 11.485338 20 0 3
121 20.925840 54.443198 20 0 3
122 54.851049 24.400512 20 0 2
123 7.214726 78.277956 20 0 1
124 79.478679 50.770529 20 0 5
125 82.093940 55.455074 20 0 1
126 64.607273 28.950565 20 0 4
127 47.568604 62.323519 20 0 4
128 93.202848 76.381466 20 0 2
129 40.859194 85.600939 20 0 3
130 93.218242 32.740731 20 0 5
131 50.747031 64.417601 20 0 4
132 23.833413 50.479640 20 0 3
133 9.415438 33.587385 20 0 5
134 20.816232 37.533372 20 0 4
135 49.421188 74.447587 20 0 3
136 55.252659 53.341916 20 0 2
137 40.531484 56.106827 20 0 4
138 59.851625 39.236242 20 0 3
139 14.316009 73.119563 20 0 1
140 56.950056 91.190705 20 0 1
141 59.141911 46.314834 20 0 2
142 57.936089 71.691975 20 0 5
143 5.490112 85.719087 20 0 1
144 85.697191 44.514650 20 0 2
145 82.777144 11.168841 20 0 5
146 32.794064 58.464957 20 0 3
147 22.294276 79.253138 20 0 5
148 64.898641 27.453993 20 0 1
149 31.801823 79.819975 20 0 4
8160
0 1
0 6
0 8
0 9
0 13
0 17
0 19
0 20
0 23
0 24
0 25
0 26
0 27
0 30
0 31
0 33
0 34
0 36
0 39
0 40
0 43
0 45
0 49
0 50
0 52
0 54
0 56
0 58
0 61
0 64
0 65
0 67
0 68
0 69
0 70
0 77
0 78
0 79
0 80
0 85
0 87
0 88
0 90
0 92
0 97
0 99
0 103
0 104
0 106
0 108
0 109
0 111
0 113
0 114
0 115
0 116
0 117
0 118
0 121
0 122
0 124
0 125
0 126
0 127
0 129
0 131
0 132
0 134
0 135
0 136
0 137
0 138
0 141
0 142
0 144
0 146
0 148
0 149
1 0
1 6
1 8
1 13
1 17
1 20
1 23
1 24
1 25
1 26
1 30
1 31
1 36
1 37
1 39
1 40
1 43
1 45
1 46
1 48
1 49
1 50
1 54
1 55
1 56
1 59
1 62
1 64
1 65
1 67
1 68
1 69
1 70
1 85
1 87
1 89
1 91
1 92
1 93
1 94
1 97
1 99
1 103
1 106
1 109
1 113
1 114
1 115
1 118
1 122
1 124
1 125
1 126
1 127
1 128
1 129
1 130
1 131
1 135
1 136
1 137
1 138
1 140
1 141
1 142
1 144
1 146
1 148
2 3
2 8
2 9
2 10
2 11
2 13
2 16
2 19
2 21
2 28
2 29
2 33
2 34
2 42
2 51
2 52
2 58
2 61
2 66
2 71
2 74
2 76
2 77
2 79
2 81
2 82
2 83
2 86
2 87
2 88
2 90
2 99
2 100
2 104
2 107
2 108
2 116
2 117
2 118
2 120
2 121
2 122
2 132
2 133
2 134
3 2
3 8
3 9
3 10
3 16
3 19
3 21
3 28
3 29
3 33
3 34
3 43
3 49
3 51
3 52
3 53
3 58
3 61
3 66
3 71
3 74
3 75
3 76
3 79
3 81
3 86
3 87
3 88
3 90
3 99
3 104
3 107
3 108
3 113
3 116
3 117
3 118
3 120
3 122
3 133
3 134
4 5
4 18
4 22
4 27
4 32
4 38
4 41
4 44
4 45
4 63
4 72
4 73
4 78
4 80
4 96
4 98
4 101
4 110
4 112
4 123
4 129
4 139
4 143
4 147
4 149
5 4
5 17
5 18
5 22
5 27
5 32
5 38
5 40
5 41
5 44
5 45
5 50
5 63
5 65
5 67
5 70
5 72
5 73
5 78
5 80
5 84
5 85
5 91
5 96
5 98
5 101
5 103
5 110
5 111
5 112
5 115
5 119
5 121
5 123
5 127
5 129
5 131
5 135
5 139
5 140
5 143
5 146
5 147
5 149
6 0
6 1
6 17
6 20
6 24
6 25
6 26
6 31
6 36
6 37
6 39
6 46
6 47
6 48
6 50
6 54
6 55
6 56
6 59
6 62
6 65
6 67
6 69
6 85
6 91
6 92
6 93
6 94
6 97
6 103
6 106
6 109
6 114
6 115
6 124
6 125
6 127
6 128
6 130
6 131
6 135
6 136
6 138
6 140
6 141
6 142
6 144
7 8
7 12
7 14
7 15
7 20
7 23
7 25
7 26
7 30
7 34
7 35
7 36
7 43
7 48
7 49
7 51
7 53
7 56
7 57
7 58
7 59
7 60
7 69
7 71
7 74
7 75
7 79
7 81
7 89
7 95
7 97
7 99
7 102
7 105
7 113
7 122
7 124
7 126
7 130
7 138
7 141
7 144
7 145
7 148
8 0
8 1
8 2
8 3
8 7
8 9
8 11
8 13
8 19
8 20
8 21
8 23
8 26
8 27
8 28
8 29
8 30
8 33
8 34
8 40
8 42
8 43
8 49
8 50
8 51
8 52
8 53
8 54
8 56
8 58
8 61
8 64
8 65
8 66
8 67
8 68
8 69
8 70
8 71
8 74
8 75
8 77
8 79
8 80
8 81
8 82
8 86
8 87
8 88
8 90
8 99
8 100
8 104
8 106
8 107
8 108
8 109
8 111
8 113
8 116
8 117
8 118
8 120
8 121
8 122
8 126
8 127
8 131
8 132
8 133
8 134
8 136
8 137
8 138
8 141
8 146
8 148
9 0
9 2
9 3
9 8
9 10
9 11
9 13
9 16
9 19
9 21
9 26
9 28
9 29
9 30
9 33
9 34
9 40
9 42
9 43
9 49
9 51
9 52
9 58
9 61
9 64
9 66
9 68
9 71
9 74
9 76
9 77
9 79
9 81
9 82
9 83
9 86
9 87
9 88
9 90
9 99
9 100
9 104
9 107
9 108
9 109
9 111
9 113
9 116
9 117
9 118
9 120
9 121
9 122
9 126
9 132
9 133
9 134
9 137
9 138
9 146
9 148
10 2
10 3
10 9
10 11
10 13
10 16
10 19
10 21
10 28
10 29
10 33
10 34
10 41
10 42
10 52
10 61
10 66
10 76
10 77
10 82
10 83
10 86
10 88
10 90
10 100
10 104
10 107
10 108
10 111
10 116
10 117
10 118
10 120
10 121
10 132
10 133
10 134
11 2
11 8
11 9
11 10
11 13
11 16
11 18
11 19
11 21
11 22
11 27
11 28
11 33
11 40
11 41
11 42
11 44
11 45
11 52
11 61
11 63
11 64
11 65
11 66
11 67
11 68
11 70
11 72
11 73
11 76
11 77
11 78
11 80
11 82
11 83
11 86
11 87
11 88
11 90
11 96
11 98
11 99
11 100
11 107
11 108
11 109
11 111
11 116
11 117
11 118
11 121
11 123
11 127
11 132
11 133
11 134
11 137
11 139
11 143
11 146
11 147
11 149
12 7
12 14
12 15
12 20
12 23
12 24
12 25
12 26
12 30
12 35
12 36
12 39
12 43
12 48
12 49
12 51
12 53
12 55
12 56
12 57
12 59
12 60
12 69
12 71
12 75
12 89
12 95
12 97
12 102
12 105
12 113
12 122
12 124
12 125
12 126
12 130
12 138
12 141
12 144
12 145
12 148
13 0
13 1
13 2
13 8
13 9
13 10
13 11
13 16
13 19
13 21
13 26
13 27
13 28
13 29
13 30
13 33
13 34
13 40
13 41
13 42
13 44
13 45
13 50
13 52
13 54
13 56
13 58
13 61
13 64
13 65
13 66
13 67
13 68
13 70
13 73
13 74
13 76
13 77
13 78
13 79
13 80
13 82
13 83
13 86
13 87
13 88
13 90
13 98
13 99
13 100
13 104
13 106
13 107
13 108
13 109
13 111
13 113
13 116
13 117
13 118
13 120
13 121
13 122
13 126
13 127
13 131
13 132
13 133
13 134
13 135
13 136
13 137
13 138
13 139
13 141
13 142
13 146
13 147
13 148
13 149
14 7
14 12
14 15
14 23
14 25
14 30
14 35
14 36
14 43
14 48
14 49
14 51
14 53
14 57
14 59
14 60
14 69
14 71
14 75
14 89
14 95
14 97
14 102
14 105
14 113
14 122
14 126
14 130
14 144
14 145
14 148
15 7
15 12
15 14
15 20
15 23
15 24
15 25
15 30
15 35
15 36
15 43
15 48
15 49
15 53
15 55
15 57
15 59
15 60
15 69
15 75
15 89
15 95
15 97
15 102
15 105
15 113
15 124
15 125
15 126
15 130
15 144
15 145
15 148
16 2
16 3
16 9
16 10
16 11
16 13
16 19
16 21
16 28
16 29
16 33
16 34
16 41
16 42
16 52
16 61
16 66
16 76
16 77
16 82
16 83
16 86
16 88
16 90
16 100
16 104
16 107
16 108
16 111
16 116
16 117
16 118
16 120
16 132
16 133
16 134
17 0
17 1
17 5
17 6
17 24
17 27
17 31
17 32
17 39
17 45
17 46
17 47
17 50
17 54
17 56
17 62
17 64
17 65
17 67
17 68
17 70
17 84
17 85
17 91
17 92
17 93
17 94
17 101
17 103
17 106
17 109
17 112
17 114
17 115
17 119
17 125
17 127
17 128
17 129
17 131
17 135
17 136
17 137
17 140
17 141
17 142
17 146
17 147
17 149
18 4
18 5
18 11
18 22
18 27
18 32
18 38
18 40
18 41
18 44
18 45
18 63
18 70
18 72
18 73
18 77
18 78
18 80
18 83
18 96
18 98
18 101
18 110
18 111
18 112
18 121
18 123
18 129
18 139
18 143
18 146
18 147
18 149
19 0
19 2
19 3
19 8
19 9
19 10
19 11
19 13
19 16
19 21
19 26
19 27
19 28
19 29
19 30
19 33
19 34
19 40
19 41
19 42
19 44
19 45
19 50
19 52
19 54
19 56
19 58
19 61
19 64
19 65
19 66
19 67
19 68
19 70
19 73
19 74
19 76
19 77
19 78
19 79
19 80
19 82
19 83
19 86
19 87
19 88
19 90
19 98
19 99
19 100
19 104
19 106
19 107
19 108
19 109
19 111
19 116
19 117
19 118
19 120
19 121
19 122
19 127
19 131
19 132
19 133
19 134
19 136
19 137
19 138
19 139
19 141
19 146
19 147
20 0
20 1
20 6
20 7
20 8
20 12
20 15
20 23
20 24
20 25
20 26
20 30
20 31
20 36
20 37
20 39
20 43
20 48
20 49
20 50
20 54
20 55
20 56
20 57
20 59
20 60
20 62
20 64
20 65
20 67
20 68
20 69
20 87
20 89
20 92
20 93
20 94
20 95
20 97
20 99
20 102
20 106
20 109
20 113
20 114
20 115
20 122
20 124
20 125
20 126
20 127
20 128
20 130
20 131
20 135
20 136
20 137
20 138
20 141
20 142
20 144
20 145
20 148
21 2
21 3
21 8
21 9
21 10
21 11
21 13
21 16
21 19
21 28
21 29
21 33
21 34
21 40
21 41
21 42
21 44
21 52
21 58
21 61
21 66
21 74
21 76
21 77
21 79
21 80
21 82
21 83
21 86
21 87
21 88
21 90
21 99
21 100
21 104
21 107
21 108
21 111
21 116
21 117
21 118
21 120
21 121
21 132
21 133
21 134
21 146
22 4
22 5
22 11
22 18
22 27
22 32
22 38
22 40
22 41
22 44
22 45
22 50
22 63
22 65
22 67
22 68
22 70
22 72
22 73
22 77
22 78
22 80
22 83
22 84
22 96
22 98
22 100
22 101
22 103
22 110
22 111
22 112
22 115
22 121
22 123
22 127
22 129
22 132
22 135
22 137
22 139
22 143
22 146
22 147
22 149
23 0
23 1
23 7
23 8
23 12
23 14
23 15
23 20
23 24
23 25
23 26
23 30
23 33
23 34
23 35
23 36
23 39
23 43
23 48
23 49
23 51
23 53
23 54
23 56
23 57
23 58
23 59
23 60
23 69
23 71
23 74
23 75
23 79
23 81
23 87
23 89
23 95
23 97
23 99
23 102
23 104
23 105
23 106
23 113
23 118
23 122
23 124
23 125
23 126
23 130
23 136
23 138
23 141
23 144
23 145
23 148
24 0
24 1
24 6
24 12
24 15
24 17
24 20
24 23
24 25
24 26
24 30
24 31
24 36
24 37
24 39
24 47
24 48
24 54
24 55
24 56
24 59
24 62
24 64
24 69
24 85
24 89
24 92
24 93
24 94
24 95
24 97
24 102
24 106
24 109
24 113
24 114
24 115
24 124
24 125
24 126
24 127
24 128
24 130
24 131
24 135
24 136
24 138
24 141
24 142
24 144
24 148
25 0
25 1
25 6
25 7
25 12
25 14
25 15
25 20
25 23
25 24
25 26
25 30
25 35
25 36
25 39
25 43
25 48
25 49
25 51
25 53
25 54
25 55
25 56
25 57
25 58
25 59
25 60
25 69
25 71
25 75
25 89
25 95
25 97
25 99
25 102
25 105
25 106
25 113
25 114
25 122
25 124
25 125
25 126
25 130
25 136
25 138
25 141
25 144
25 145
25 148
26 0
26 1
26 6
26 7
26 8
26 9
26 12
26 13
26 19
26 20
26 23
26 24
26 25
26 29
26 30
26 33
26 34
26 35
26 36
26 39
26 40
26 43
26 48
26 49
26 50
26 51
26 52
26 53
26 54
26 56
26 58
26 60
26 61
26 64
26 65
26 67
26 68
26 69
26 70
26 71
26 74
26 75
26 79
26 81
26 87
26 88
26 89
26 90
26 92
26 95
26 97
26 99
26 104
26 106
26 108
26 109
26 113
26 114
26 115
26 116
26 117
26 118
26 121
26 122
26 124
26 125
26 126
26 127
26 130
26 131
26 132
26 134
26 135
26 136
26 137
26 138
26 141
26 142
26 144
26 145
26 146
26 148
27 0
27 4
27 5
27 8
27 11
27 13
27 17
27 18
27 19
27 22
27 32
27 38
27 40
27 41
27 42
27 44
27 45
27 50
27 54
27 61
27 63
27 64
27 65
27 67
27 68
27 70
27 72
27 73
27 77
27 78
27 80
27 82
27 83
27 84
27 85
27 87
27 88
27 96
27 98
27 99
27 100
27 101
27 103
27 106
27 108
27 109
27 110
27 111
27 112
27 115
27 116
27 121
27 123
27 127
27 129
27 131
27 132
27 133
27 134
27 135
27 136
27 137
27 139
27 140
27 142
27 143
27 146
27 147
27 149
28 2
28 3
28 8
28 9
28 10
28 11
28 13
28 16
28 19
28 21
28 29
28 30
28 33
28 34
28 40
28 42
28 51
28 52
28 58
28 61
28 66
28 71
28 74
28 76
28 77
28 79
28 81
28 82
28 83
28 86
28 87
28 88
28 90
28 99
28 100
28 104
28 107
28 108
28 111
28 116
28 117
28 118
28 120
28 121
28 122
28 132
28 133
28 134
29 2
29 3
29 8
29 9
29 10
29 13
29 16
29 19
29 21
29 26
29 28
29 30
29 33
29 34
29 42
29 43
29 49
29 51
29 52
29 53
29 58
29 61
29 66
29 71
29 74
29 75
29 76
29 79
29 81
29 82
29 86
29 87
29 88
29 90
29 99
29 104
29 107
29 108
29 113
29 116
29 117
29 118
29 120
29 122
29 126
29 132
29 133
29 134
29 138
29 148
30 0
30 1
30 7
30 8
30 9
30 12
30 13
30 14
30 15
30 19
30 20
30 23
30 24
30 25
30 26
30 28
30 29
30 33
30 34
30 35
30 36
30 39
30 40
30 43
30 48
30 49
30 51
30 52
30 53
30 54
30 56
30 57
30 58
30 60
30 61
30 64
30 65
30 67
30 68
30 69
30 70
30 71
30 74
30 75
30 79
30 81
30 87
30 88
30 89
30 90
30 95
30 97
30 99
30 102
30 104
30 105
30 106
30 108
30 109
30 113
30 114
30 116
30 117
30 118
30 122
30 124
30 125
30 126
30 127
30 130
30 131
30 132
30 134
30 136
30 137
30 138
30 141
30 144
30 145
30 146
30 148
31 0
31 1
31 6
31 17
31 20
31 24
31 36
31 37
31 39
31 45
31 46
31 47
31 50
31 54
31 55
31 56
31 62
31 64
31 65
31 67
31 69
31 70
31 84
31 85
31 91
31 92
31 93
31 94
31 97
31 103
31 106
31 109
31 114
31 115
31 119
31 124
31 125
31 127
31 128
31 129
31 131
31 135
31 136
31 140
31 141
31 142
31 144
32 4
32 5
32 17
32 18
32 22
32 27
32 38
32 40
32 44
32 45
32 46
32 50
32 63
32 64
32 65
32 67
32 68
32 70
32 72
32 73
32 78
32 80
32 84
32 85
32 91
32 96
32 98
32 101
32 103
32 109
32 110
32 111
32 112
32 115
32 119
32 121
32 123
32 127
32 129
32 131
32 135
32 137
32 139
32 140
32 142
32 143
32 146
32 147
32 149
33 0
33 2
33 3
33 8
33 9
33 10
33 11
33 13
33 16
33 19
33 21
33 23
33 26
33 28
33 29
33 30
33 34
33 40
33 42
33 43
33 49
33 51
33 52
33 53
33 54
33 56
33 58
33 61
33 64
33 65
33 66
33 68
33 69
33 70
33 71
33 74
33 75
33 76
33 77
33 79
33 81
33 82
33 83
33 86
33 87
33 88
33 90
33 99
33 100
33 104
33 106
33 107
33 108
33 109
33 111
33 113
33 116
33 117
33 118
33 120
33 121
33 122
33 126
33 127
33 132
33 133
33 134
33 136
33 137
33 138
33 141
33 146
33 148
34 0
34 2
34 3
34 7
34 8
34 9
34 10
34 13
34 16
34 19
34 21
34 23
34 26
34 28
34 29
34 30
34 33
34 35
34 40
34 42
34 43
34 49
34 51
34 52
34 53
34 54
34 56
34 58
34 60
34 61
34 64
34 66
34 68
34 71
34 74
34 75
34 76
34 79
34 81
34 86
34 87
34 88
34 90
34 99
34 104
34 106
34 107
34 108
34 109
34 113
34 116
34 117
34 118
34 120
34 121
34 122
34 126
34 132
34 133
34 134
34 136
34 137
34 138
34 141
34 146
34 148
35 7
35 12
35 14
35 15
35 23
35 25
35 26
35 30
35 34
35 43
35 48
35 49
35 51
35 53
35 57
35 58
35 60
35 69
35 71
35 74
35 75
35 79
35 81
35 89
35 95
35 102
35 105
35 113
35 122
35 126
35 130
35 138
35 144
35 145
35 148
36 0
36 1
36 6
36 7
36 12
36 14
36 15
36 20
36 23
36 24
36 25
36 26
36 30
36 31
36 37
36 39
36 43
36 48
36 49
36 54
36 55
36 56
36 57
36 59
36 60
36 62
36 69
36 89
36 92
36 93
36 94
36 95
36 97
36 102
36 106
36 113
36 114
36 122
36 124
36 125
36 126
36 128
36 130
36 136
36 138
36 141
36 144
36 145
36 148
37 1
37 6
37 20
37 24
37 31
37 36
37 39
37 46
37 47
37 55
37 59
37 62
37 85
37 92
37 93
37 94
37 97
37 114
37 124
37 125
37 128
37 144
38 4
38 5
38 18
38 22
38 27
38 32
38 41
38 44
38 45
38 50
38 63
38 70
38 72
38 73
38 78
38 80
38 84
38 96
38 98
38 101
38 103
38 110
38 111
38 112
38 119
38 123
38 129
38 135
38 139
38 143
38 146
38 147
38 149
39 0
39 1
39 6
39 12
39 17
39 20
39 23
39 24
39 25
39 26
39 30
39 31
39 36
39 37
39 43
39 46
39 47
39 48
39 49
39 50
39 54
39 55
39 56
39 59
39 62
39 64
39 65
39 67
39 68
39 69
39 70
39 85
39 87
39 89
39 92
39 93
39 94
39 95
39 97
39 99
39 102
39 103
39 106
39 109
39 113
39 114
39 115
39 122
39 124
39 125
39 126
39 127
39 128
39 130
39 131
39 135
39 136
39 137
39 138
39 141
39 142
39 144
39 148
40 0
40 1
40 5
40 8
40 9
40 11
40 13
40 18
40 19
40 21
40 22
40 26
40 27
40 28
40 30
40 32
40 33
40 34
40 41
40 42
40 44
40 45
40 50
40 52
40 54
40 56
40 61
40 63
40 64
40 65
40 67
40 68
40 70
40 72
40 73
40 77
40 78
40 80
40 82
40 83
40 87
40 88
40 90
40 98
40 99
40 100
40 101
40 103
40 104
40 106
40 108
40 109
40 111
40 112
40 115
40 116
40 117
40 118
40 121
40 123
40 127
40 129
40 131
40 132
40 133
40 134
40 135
40 136
40 137
40 138
40 139
40 141
40 142
40 143
40 146
40 147
40 149
41 4
41 5
41 10
41 11
41 13
41 16
41 18
41 19
41 21
41 22
41 27
41 38
41 40
41 42
41 44
41 45
41 61
41 63
41 64
41 65
41 66
41 68
41 70
41 72
41 73
41 76
41 77
41 78
41 80
41 82
41 83
41 86
41 87
41 88
41 96
41 98
41 100
41 108
41 111
41 116
41 117
41 121
41 123
41 132
41 133
41 134
41 137
41 139
41 143
41 146
41 147
41 149
42 2
42 8
42 9
42 10
42 11
42 13
42 16
42 19
42 21
42 27
42 28
42 29
42 33
42 34
42 40
42 41
42 44
42 52
42 61
42 66
42 68
42 73
42 76
42 77
42 78
42 80
42 82
42 83
42 86
42 87
42 88
42 90
42 98
42 99
42 100
42 104
42 107
42 108
42 111
42 116
42 117
42 118
42 120
42 121
42 123
42 132
42 133
42 134
42 137
42 139
42 146
43 0
43 1
43 3
43 7
43 8
43 9
43 12
43 14
43 15
43 20
43 23
43 25
43 26
43 29
43 30
43 33
43 34
43 35
43 36
43 39
43 48
43 49
43 51
43 52
43 53
43 54
43 56
43 57
43 58
43 59
43 60
43 69
43 71
43 74
43 75
43 79
43 81
43 87
43 89
43 90
43 95
43 97
43 99
43 102
43 104
43 105
43 106
43 113
43 118
43 122
43 124
43 126
43 130
43 136
43 138
43 141
43 144
43 145
43 148
44 4
44 5
44 11
44 13
44 18
44 19
44 21
44 22
44 27
44 32
44 38
44 40
44 41
44 42
44 45
44 50
44 61
44 63
44 64
44 65
44 67
44 68
44 70
44 72
44 73
44 77
44 78
44 80
44 82
44 83
44 88
44 96
44 98
44 100
44 101
44 108
44 110
44 111
44 116
44 121
44 123
44 129
44 132
44 133
44 134
44 137
44 139
44 143
44 146
44 147
44 149
45 0
45 1
45 4
45 5
45 11
45 13
45 17
45 18
45 19
45 22
45 27
45 31
45 32
45 38
45 40
45 41
45 44
45 46
45 50
45 54
45 56
45 63
45 64
45 65
45 67
45 68
45 70
45 72
45 73
45 77
45 78
45 80
45 84
45 85
45 87
45 91
45 92
45 96
45 98
45 99
45 101
45 103
45 106
45 108
45 109
45 110
45 111
45 112
45 115
45 119
45 121
45 123
45 127
45 129
45 131
45 132
45 135
45 136
45 137
45 139
45 140
45 141
45 142
45 143
45 146
45 147
45 149
46 1
46 6
46 17
46 31
46 32
46 37
46 39
46 45
46 47
46 50
46 62
46 65
46 67
46 70
46 84
46 85
46 91
46 92
46 93
46 94
46 103
46 112
46 114
46 115
46 119
46 125
46 127
46 128
46 129
46 131
46 135
46 140
46 142
46 149
47 6
47 17
47 24
47 31
47 37
47 39
47 46
47 55
47 62
47 85
47 91
47 92
47 93
47 94
47 114
47 124
47 125
47 128
47 140
48 1
48 6
48 7
48 12
48 14
48 15
48 20
48 23
48 24
48 25
48 26
48 30
48 35
48 36
48 39
48 43
48 49
48 51
48 53
48 54
48 55
48 56
48 57
48 59
48 60
48 69
48 75
48 89
48 95
48 97
48 102
48 105
48 106
48 113
48 114
48 122
48 124
48 125
48 126
48 130
48 136
48 138
48 141
48 144
48 145
48 148
49 0
49 1
49 3
49 7
49 8
49 9
49 12
49 14
49 15
49 20
49 23
49 25
49 26
49 29
49 30
49 33
49 34
49 35
49 36
49 39
49 43
49 48
49 51
49 52
49 53
49 54
49 56
49 57
49 58
49 59
49 60
49 69
49 71
49 74
49 75
49 79
49 81
49 87
49 89
49 90
49 95
49 97
49 99
49 102
49 104
49 105
49 106
49 113
49 118
49 122
49 124
49 126
49 130
49 136
49 138
49 141
49 144
49 145
49 148
50 0
50 1
50 5
50 6
50 8
50 13
50 17
50 19
50 20
50 22
50 26
50 27
50 31
50 32
50 38
50 39
50 40
50 44
50 45
50 46
50 54
50 56
50 61
50 63
50 64
50 65
50 67
50 68
50 69
50 70
50 72
50 73
50 77
50 78
50 80
50 84
50 85
50 87
50 91
50 92
50 96
50 98
50 99
50 101
50 103
50 106
50 108
50 109
50 111
50 112
50 114
50 115
50 119
50 121
50 123
50 124
50 127
50 129
50 131
50 132
50 135
50 136
50 137
50 138
50 139
50 140
50 141
50 142
50 146
50 147
50 149
51 2
51 3
51 7
51 8
51 9
51 12
51 14
51 23
51 25
51 26
51 28
51 29
51 30
51 33
51 34
51 35
51 43
51 48
51 49
51 52
51 53
51 57
51 58
51 60
51 69
51 71
51 74
51 75
51 79
51 81
51 87
51 89
51 90
51 95
51 99
51 104
51 105
51 113
51 117
51 118
51 122
51 126
51 138
51 145
51 148
52 0
52 2
52 3
52 8
52 9
52 10
52 11
52 13
52 16
52 19
52 21
52 26
52 28
52 29
52 30
52 33
52 34
52 40
52 42
52 43
52 49
52 51
52 53
52 54
52 58
52 61
52 64
52 66
52 68
52 71
52 74
52 75
52 76
52 77
52 79
52 81
52 82
52 83
52 86
52 87
52 88
52 90
52 99
52 100
52 104
52 106
52 107
52 108
52 109
52 111
52 113
52 116
52 117
52 118
52 120
52 121
52 122
52 126
52 132
52 133
52 134
52 136
52 137
52 138
52 141
52 146
52 148
53 3
53 7
53 8
53 12
53 14
53 15
53 23
53 25
53 26
53 29
53 30
53 33
53 34
53 35
53 43
53 48
53 49
53 51
53 52
53 56
53 57
53 58
53 60
53 69
53 71
53 74
53 75
53 79
53 81
53 89
53 90
53 95
53 99
53 102
53 104
53 105
53 113
53 118
53 122
53 126
53 130
53 138
53 141
53 144
53 145
53 148
54 0
54 1
54 6
54 8
54 13
54 17
54 19
54 20
54 23
54 24
54 25
54 26
54 27
54 30
54 31
54 33
54 34
54 36
54 39
54 40
54 43
54 45
54 48
54 49
54 50
54 52
54 56
54 58
54 61
54 64
54 65
54 67
54 68
54 69
54 70
54 85
54 87
54 88
54 90
54 92
54 94
54 97
54 99
54 103
54 104
54 106
54 108
54 109
54 113
54 114
54 115
54 118
54 121
54 122
54 124
54 125
54 126
54 127
54 129
54 131
54 132
54 134
54 135
54 136
54 137
54 138
54 140
54 141
54 142
54 144
54 146
54 148
54 149
55 1
55 6
55 12
55 15
55 20
55 24
55 25
55 31
55 36
55 37
55 39
55 47
55 48
55 56
55 57
55 59
55 62
55 69
55 89
55 92
55 93
55 94
55 95
55 97
55 102
55 114
55 124
55 125
55 126
55 128
55 130
55 141
55 144
56 0
56 1
56 6
56 7
56 8
56 12
56 13
56 17
56 19
56 20
56 23
56 24
56 25
56 26
56 30
56 31
56 33
56 34
56 36
56 39
56 40
56 43
56 45
56 48
56 49
56 50
56 53
56 54
56 55
56 58
56 59
56 61
56 62
56 64
56 65
56 67
56 68
56 69
56 70
56 79
56 85
56 87
56 88
56 89
56 92
56 93
56 94
56 95
56 97
56 99
56 103
56 106
56 109
56 113
56 114
56 115
56 118
56 122
56 124
56 125
56 126
56 127
56 130
56 131
56 132
56 135
56 136
56 137
56 138
56 141
56 142
56 144
56 146
56 148
57 7
57 12
57 14
57 15
57 20
57 23
57 25
57 30
57 35
57 36
57 43
57 48
57 49
57 51
57 53
57 55
57 59
57 60
57 69
57 71
57 75
57 89
57 95
57 97
57 102
57 105
57 113
57 122
57 124
57 126
57 130
57 138
57 144
57 145
57 148
58 0
58 2
58 3
58 7
58 8
58 9
58 13
58 19
58 21
58 23
58 25
58 26
58 28
58 29
58 30
58 33
58 34
58 35
58 43
58 49
58 51
58 52
58 53
58 54
58 56
58 60
58 61
58 64
58 66
58 68
58 69
58 71
58 74
58 75
58 79
58 81
58 86
58 87
58 88
58 89
58 90
58 99
58 104
58 105
58 106
58 107
58 108
58 109
58 113
58 116
58 117
58 118
58 120
58 122
58 126
58 133
58 134
58 136
58 138
58 141
58 145
58 148
59 1
59 6
59 7
59 12
59 14
59 15
59 20
59 23
59 24
59 25
59 36
59 37
59 39
59 43
59 48
59 49
59 55
59 56
59 57
59 60
59 69
59 89
59 93
59 94
59 95
59 97
59 102
59 105
59 113
59 114
59 124
59 125
59 126
59 128
59 130
59 138
59 141
59 144
59 145
59 148
60 7
60 12
60 14
60 15
60 20
60 23
60 25
60 26
60 30
60 34
60 35
60 36
60 43
60 48
60 49
60 51
60 53
60 57
60 58
60 59
60 69
60 71
60 74
60 75
60 79
60 81
60 89
60 95
60 97
60 102
60 105
60 113
60 122
60 126
60 130
60 138
60 144
60 145
60 148
61 0
61 2
61 3
61 8
61 9
61 10
61 11
61 13
61 16
61 19
61 21
61 26
61 27
61 28
61 29
61 30
61 33
61 34
61 40
61 41
61 42
61 44
61 50
61 52
61 54
61 56
61 58
61 64
61 65
61 66
61 67
61 68
61 70
61 73
61 74
61 76
61 77
61 78
61 79
61 80
61 82
61 83
61 86
61 87
61 88
61 90
61 98
61 99
61 100
61 104
61 106
61 107
61 108
61 109
61 111
61 116
61 117
61 118
61 120
61 121
61 122
61 127
61 131
61 132
61 133
61 134
61 136
61 137
61 138
61 139
61 141
61 146
62 1
62 6
62 17
62 20
62 24
62 31
62 36
62 37
62 39
62 46
62 47
62 55
62 56
62 69
62 85
62 91
62 92
62 93
62 94
62 97
62 103
62 106
62 114
62 115
62 119
62 124
62 125
62 128
62 131
62 135
62 136
62 140
62 142
62 144
63 4
63 5
63 11
63 18
63 22
63 27
63 32
63 38
63 40
63 41
63 44
63 45
63 50
63 65
63 67
63 68
63 70
63 72
63 73
63 77
63 78
63 80
63 83
63 84
63 96
63 98
63 100
63 101
63 103
63 110
63 111
63 112
63 115
63 121
63 123
63 127
63 129
63 132
63 135
63 137
63 139
63 143
63 146
63 147
63 149
64 0
64 1
64 8
64 9
64 11
64 13
64 17
64 19
64 20
64 24
64 26
64 27
64 30
64 31
64 32
64 33
64 34
64 39
64 40
64 41
64 44
64 45
64 50
64 52
64 54
64 56
64 58
64 61
64 65
64 67
64 68
64 69
64 70
64 73
64 77
64 78
64 80
64 84
64 85
64 87
64 88
64 90
64 92
64 98
64 99
64 100
64 103
64 104
64 106
64 108
64 109
64 111
64 113
64 114
64 115
64 116
64 117
64 118
64 121
64 122
64 124
64 125
64 126
64 127
64 129
64 131
64 132
64 134
64 135
64 136
64 137
64 138
64 139
64 140
64 141
64 142
64 146
64 147
64 148
64 149
65 0
65 1
65 5
65 6
65 8
65 11
65 13
65 17
65 19
65 20
65 22
65 26
65 27
65 30
65 31
65 32
65 33
65 39
65 40
65 41
65 44
65 45
65 46
65 50
65 54
65 56
65 61
65 63
65 64
65 67
65 68
65 69
65 70
65 73
65 77
65 78
65 80
65 84
65 85
65 87
65 88
65 91
65 92
65 98
65 99
65 101
65 103
65 106
65 108
65 109
65 111
65 112
65 114
65 115
65 118
65 119
65 121
65 122
65 124
65 125
65 126
65 127
65 129
65 131
65 132
65 134
65 135
65 136
65 137
65 138
65 139
65 140
65 141
65 142
65 146
65 147
65 149
66 2
66 3
66 8
66 9
66 10
66 11
66 13
66 16
66 19
66 21
66 28
66 29
66 33
66 34
66 41
66 42
66 52
66 58
66 61
66 76
66 77
66 79
66 82
66 83
66 86
66 88
66 90
66 100
66 104
66 107
66 108
66 111
66 116
66 117
66 118
66 120
66 121
66 132
66 133
66 134
67 0
67 1
67 5
67 6
67 8
67 11
67 13
67 17
67 19
67 20
67 22
67 26
67 27
67 30
67 31
67 32
67 39
67 40
67 44
67 45
67 46
67 50
67 54
67 56
67 61
67 63
67 64
67 65
67 68
67 69
67 70
67 73
67 77
67 78
67 80
67 84
67 85
67 87
67 88
67 91
67 92
67 98
67 99
67 101
67 103
67 106
67 108
67 109
67 111
67 112
67 114
67 115
67 118
67 119
67 121
67 123
67 124
67 125
67 127
67 129
67 131
67 132
67 134
67 135
67 136
67 137
67 138
67 139
67 140
67 141
67 142
67 146
67 147
67 149
68 0
68 1
68 8
68 9
68 11
68 13
68 17
68 19
68 20
68 22
68 26
68 27
68 30
68 32
68 33
68 34
68 39
68 40
68 41
68 42
68 44
68 45
68 50
68 52
68 54
68 56
68 58
68 61
68 63
68 64
68 65
68 67
68 69
68 70
68 73
68 77
68 78
68 80
68 83
68 84
68 85
68 87
68 88
68 90
68 92
68 98
68 99
68 100
68 103
68 104
68 106
68 108
68 109
68 111
68 112
68 113
68 115
68 116
68 117
68 118
68 121
68 122
68 124
68 126
68 127
68 129
68 131
68 132
68 133
68 134
68 135
68 136
68 137
68 138
68 139
68 141
68 142
68 146
68 147
68 148
68 149
69 0
69 1
69 6
69 7
69 8
69 12
69 14
69 15
69 20
69 23
69 24
69 25
69 26
69 30
69 31
69 33
69 35
69 36
69 39
69 43
69 48
69 49
69 50
69 51
69 53
69 54
69 55
69 56
69 57
69 58
69 59
69 60
69 62
69 64
69 65
69 67
69 68
69 75
69 79
69 87
69 89
69 92
69 93
69 94
69 95
69 97
69 99
69 102
69 105
69 106
69 109
69 113
69 114
69 118
69 122
69 124
69 125
69 126
69 127
69 130
69 131
69 135
69 136
69 137
69 138
69 141
69 142
69 144
69 145
69 148
70 0
70 1
70 5
70 8
70 11
70 13
70 17
70 18
70 19
70 22
70 26
70 27
70 30
70 31
70 32
70 33
70 38
70 39
70 40
70 41
70 44
70 45
70 46
70 50
70 54
70 56
70 61
70 63
70 64
70 65
70 67
70 68
70 72
70 73
70 77
70 78
70 80
70 84
70 85
70 87
70 88
70 91
70 92
70 96
70 98
70 99
70 100
70 101
70 103
70 106
70 108
70 109
70 111
70 112
70 115
70 118
70 119
70 121
70 123
70 127
70 129
70 131
70 132
70 134
70 135
70 136
70 137
70 138
70 139
70 140
70 141
70 142
70 143
70 146
70 147
70 149
71 2
71 3
71 7
71 8
71 9
71 12
71 14
71 23
71 25
71 26
71 28
71 29
71 30
71 33
71 34
71 35
71 43
71 49
71 51
71 52
71 53
71 57
71 58
71 60
71 74
71 75
71 79
71 81
71 89
71 90
71 95
71 99
71 104
71 105
71 113
71 117
71 118
71 122
71 126
71 138
71 145
71 148
72 4
72 5
72 11
72 18
72 22
72 27
72 32
72 38
72 40
72 41
72 44
72 45
72 50
72 63
72 70
72 73
72 77
72 78
72 80
72 83
72 84
72 96
72 98
72 100
72 101
72 110
72 111
72 112
72 121
72 123
72 129
72 132
72 139
72 143
72 146
72 147
72 149
73 4
73 5
73 11
73 13
73 18
73 19
73 22
73 27
73 32
73 38
73 40
73 41
73 42
73 44
73 45
73 50
73 61
73 63
73 64
73 65
73 67
73 68
73 70
73 72
73 77
73 78
73 80
73 82
73 83
73 88
73 96
73 98
73 100
73 101
73 108
73 109
73 110
73 111
73 112
73 121
73 123
73 127
73 129
73 131
73 132
73 133
73 134
73 135
73 137
73 139
73 143
73 146
73 147
73 149
74 2
74 3
74 7
74 8
74 9
74 13
74 19
74 21
74 23
74 26
74 28
74 29
74 30
74 33
74 34
74 35
74 43
74 49
74 51
74 52
74 53
74 58
74 60
74 61
74 71
74 75
74 79
74 81
74 86
74 87
74 88
74 89
74 90
74 99
74 104
74 105
74 107
74 108
74 113
74 116
74 117
74 118
74 120
74 122
74 126
74 134
74 138
74 141
74 145
74 148
75 3
75 7
75 8
75 12
75 14
75 15
75 23
75 25
75 26
75 29
75 30
75 33
75 34
75 35
75 43
75 48
75 49
75 51
75 52
75 53
75 57
75 58
75 60
75 69
75 71
75 74
75 79
75 81
75 89
75 90
75 95
75 99
75 102
75 104
75 105
75 113
75 118
75 122
75 126
75 138
75 145
75 148
76 2
76 3
76 9
76 10
76 11
76 13
76 16
76 19
76 21
76 28
76 29
76 33
76 34
76 41
76 42
76 52
76 61
76 66
76 77
76 82
76 83
76 86
76 88
76 90
76 100
76 104
76 107
76 108
76 111
76 116
76 117
76 118
76 120
76 132
76 133
76 134
77 0
77 2
77 8
77 9
77 10
77 11
77 13
77 16
77 18
77 19
77 21
77 22
77 27
77 28
77 33
77 40
77 41
77 42
77 44
77 45
77 50
77 52
77 61
77 63
77 64
77 65
77 66
77 67
77 68
77 70
77 72
77 73
77 76
77 78
77 80
77 82
77 83
77 86
77 87
77 88
77 90
77 96
77 98
77 99
77 100
77 107
77 108
77 109
77 111
77 116
77 117
77 118
77 121
77 123
77 127
77 132
77 133
77 134
77 137
77 139
77 143
77 146
77 147
77 149
78 0
78 4
78 5
78 11
78 13
78 18
78 19
78 22
78 27
78 32
78 38
78 40
78 41
78 42
78 44
78 45
78 50
78 61
78 63
78 64
78 65
78 67
78 68
78 70
78 72
78 73
78 77
78 80
78 82
78 83
78 84
78 87
78 88
78 96
78 98
78 100
78 101
78 103
78 108
78 109
78 110
78 111
78 112
78 115
78 121
78 123
78 127
78 129
78 131
78 132
78 133
78 134
78 135
78 137
78 139
78 142
78 143
78 146
78 147
78 149
79 0
79 2
79 3
79 7
79 8
79 9
79 13
79 19
79 21
79 23
79 26
79 28
79 29
79 30
79 33
79 34
79 35
79 43
79 49
79 51
79 52
79 53
79 56
79 58
79 60
79 61
79 66
79 69
79 71
79 74
79 75
79 81
79 86
79 87
79 88
79 89
79 90
79 99
79 104
79 105
79 107
79 108
79 113
79 116
79 117
79 118
79 120
79 122
79 126
79 134
79 138
79 141
79 145
79 148
80 0
80 4
80 5
80 8
80 11
80 13
80 18
80 19
80 21
80 22
80 27
80 32
80 38
80 40
80 41
80 42
80 44
80 45
80 50
80 61
80 63
80 64
80 65
80 67
80 68
80 70
80 72
80 73
80 77
80 78
80 82
80 83
80 87
80 88
80 96
80 98
80 99
80 100
80 101
80 108
80 109
80 110
80 111
80 112
80 116
80 117
80 118
80 121
80 123
80 127
80 129
80 131
80 132
80 133
80 134
80 135
80 137
80 139
80 143
80 146
80 147
80 149
81 2
81 3
81 7
81 8
81 9
81 23
81 26
81 28
81 29
81 30
81 33
81 34
81 35
81 43
81 49
81 51
81 52
81 53
81 58
81 60
81 71
81 74
81 75
81 79
81 89
81 90
81 99
81 104
81 105
81 113
81 117
81 118
81 120
81 122
81 126
81 145
81 148
82 2
82 8
82 9
82 10
82 11
82 13
82 16
82 19
82 21
82 27
82 28
82 29
82 33
82 40
82 41
82 42
82 44
82 52
82 61
82 66
82 73
82 76
82 77
82 78
82 80
82 83
82 86
82 87
82 88
82 90
82 98
82 100
82 104
82 107
82 108
82 111
82 116
82 117
82 118
82 120
82 121
82 123
82 132
82 133
82 134
82 139
82 146
83 2
83 9
83 10
83 11
83 13
83 16
83 18
83 19
83 21
83 22
83 27
83 28
83 33
83 40
83 41
83 42
83 44
83 52
83 61
83 63
83 66
83 68
83 72
83 73
83 76
83 77
83 78
83 80
83 82
83 86
83 87
83 88
83 90
83 98
83 100
83 107
83 108
83 111
83 116
83 117
83 118
83 120
83 121
83 123
83 132
83 133
83 134
83 137
83 139
83 143
83 146
83 147
84 5
84 17
84 22
84 27
84 31
84 32
84 38
84 45
84 46
84 50
84 63
84 64
84 65
84 67
84 68
84 70
84 72
84 78
84 85
84 91
84 92
84 96
84 101
84 103
84 109
84 112
84 115
84 119
84 127
84 129
84 131
84 135
84 137
84 139
84 140
84 142
84 146
84 147
84 149
85 0
85 1
85 5
85 6
85 17
85 24
85 27
85 31
85 32
85 37
85 39
85 45
85 46
85 47
85 50
85 54
85 56
85 62
85 64
85 65
85 67
85 68
85 70
85 84
85 91
85 92
85 93
85 94
85 101
85 103
85 106
85 109
85 112
85 114
85 115
85 119
85 125
85 127
85 128
85 129
85 131
85 135
85 136
85 137
85 140
85 141
85 142
85 146
85 147
85 149
86 2
86 3
86 8
86 9
86 10
86 11
86 13
86 16
86 19
86 21
86 28
86 29
86 33
86 34
86 41
86 42
86 52
86 58
86 61
86 66
86 74
86 76
86 77
86 79
86 82
86 83
86 87
86 88
86 90
86 99
86 100
86 104
86 107
86 108
86 111
86 116
86 117
86 118
86 120
86 121
86 132
86 133
86 134
87 0
87 1
87 2
87 3
87 8
87 9
87 11
87 13
87 19
87 20
87 21
87 23
87 26
87 27
87 28
87 29
87 30
87 33
87 34
87 39
87 40
87 41
87 42
87 43
87 45
87 49
87 50
87 51
87 52
87 54
87 56
87 58
87 61
87 64
87 65
87 67
87 68
87 69
87 70
87 74
87 77
87 78
87 79
87 80
87 82
87 83
87 86
87 88
87 90
87 99
87 100
87 104
87 106
87 108
87 109
87 111
87 113
87 115
87 116
87 117
87 118
87 120
87 121
87 122
87 124
87 126
87 127
87 131
87 132
87 133
87 134
87 135
87 136
87 137
87 138
87 141
87 142
87 146
87 148
88 0
88 2
88 3
88 8
88 9
88 10
88 11
88 13
88 16
88 19
88 21
88 26
88 27
88 28
88 29
88 30
88 33
88 34
88 40
88 41
88 42
88 44
88 52
88 54
88 56
88 58
88 61
88 64
88 65
88 66
88 67
88 68
88 70
88 73
88 74
88 76
88 77
88 78
88 79
88 80
88 82
88 83
88 86
88 87
88 90
88 98
88 99
88 100
88 104
88 106
88 107
88 108
88 109
88 111
88 113
88 116
88 117
88 118
88 120
88 121
88 122
88 126
88 127
88 131
88 132
88 133
88 134
88 136
88 137
88 138
88 139
88 141
88 146
88 148
89 1
89 7
89 12
89 14
89 15
89 20
89 23
89 24
89 25
89 26
89 30
89 35
89 36
89 39
89 43
89 48
89 49
89 51
89 53
89 55
89 56
89 57
89 58
89 59
89 60
89 69
89 71
89 74
89 75
89 79
89 81
89 95
89 97
89 102
89 105
89 106
89 113
89 122
89 124
89 125
89 126
89 130
89 138
89 141
89 144
89 145
89 148
90 0
90 2
90 3
90 8
90 9
90 10
90 11
90 13
90 16
90 19
90 21
90 26
90 28
90 29
90 30
90 33
90 34
90 40
90 42
90 43
90 49
90 51
90 52
90 53
90 54
90 58
90 61
90 64
90 66
90 68
90 71
90 74
90 75
90 76
90 77
90 79
90 81
90 82
90 83
90 86
90 87
90 88
90 99
90 100
90 104
90 106
90 107
90 108
90 109
90 111
90 113
90 116
90 117
90 118
90 120
90 121
90 122
90 126
90 132
90 133
90 134
90 136
90 137
90 138
90 141
90 146
90 148
91 1
91 5
91 6
91 17
91 31
91 32
91 45
91 46
91 47
91 50
91 62
91 65
91 67
91 70
91 84
91 85
91 92
91 93
91 94
91 101
91 103
91 112
91 114
91 115
91 119
91 127
91 128
91 129
91 131
91 135
91 140
91 142
91 147
91 149
92 0
92 1
92 6
92 17
92 20
92 24
92 26
92 31
92 36
92 37
92 39
92 45
92 46
92 47
92 50
92 54
92 55
92 56
92 62
92 64
92 65
92 67
92 68
92 69
92 70
92 84
92 85
92 91
92 93
92 94
92 97
92 103
92 106
92 109
92 114
92 115
92 119
92 124
92 125
92 127
92 128
92 129
92 131
92 135
92 136
92 137
92 138
92 140
92 141
92 142
92 144
93 1
93 6
93 17
93 20
93 24
93 31
93 36
93 37
93 39
93 46
93 47
93 55
93 56
93 59
93 62
93 69
93 85
93 91
93 92
93 94
93 97
93 103
93 114
93 115
93 124
93 125
93 128
93 140
93 142
93 144
94 1
94 6
94 17
94 20
94 24
94 31
94 36
94 37
94 39
94 46
94 47
94 54
94 55
94 56
94 59
94 62
94 69
94 85
94 91
94 92
94 93
94 97
94 103
94 106
94 114
94 115
94 124
94 125
94 128
94 131
94 135
94 136
94 140
94 141
94 142
94 144
95 7
95 12
95 14
95 15
95 20
95 23
95 24
95 25
95 26
95 30
95 35
95 36
95 39
95 43
95 48
95 49
95 51
95 53
95 55
95 56
95 57
95 59
95 60
95 69
95 71
95 75
95 89
95 97
95 102
95 105
95 113
95 122
95 124
95 125
95 126
95 130
95 138
95 141
95 144
95 145
95 148
96 4
96 5
96 11
96 18
96 22
96 27
96 32
96 38
96 41
96 44
96 45
96 50
96 63
96 70
96 72
96 73
96 77
96 78
96 80
96 84
96 98
96 101
96 110
96 111
96 112
96 121
96 123
96 129
96 139
96 143
96 146
96 147
96 149
97 0
97 1
97 6
97 7
97 12
97 14
97 15
97 20
97 23
97 24
97 25
97 26
97 30
97 31
97 36
97 37
97 39
97 43
97 48
97 49
97 54
97 55
97 56
97 57
97 59
97 60
97 62
97 69
97 89
97 92
97 93
97 94
97 95
97 102
97 106
97 113
97 114
97 122
97 124
97 125
97 126
97 128
97 130
97 136
97 138
97 141
97 142
97 144
97 145
97 148
98 4
98 5
98 11
98 13
98 18
98 19
98 22
98 27
98 32
98 38
98 40
98 41
98 42
98 44
98 45
98 50
98 61
98 63
98 64
98 65
98 67
98 68
98 70
98 72
98 73
98 77
98 78
98 80
98 82
98 83
98 88
98 96
98 100
98 101
98 108
98 109
98 110
98 111
98 112
98 121
98 123
98 127
98 129
98 132
98 133
98 134
98 135
98 137
98 139
98 143
98 146
98 147
98 149
99 0
99 1
99 2
99 3
99 7
99 8
99 9
99 11
99 13
99 19
99 20
99 21
99 23
99 25
99 26
99 27
99 28
99 29
99 30
99 33
99 34
99 39
99 40
99 42
99 43
99 45
99 49
99 50
99 51
99 52
99 53
99 54
99 56
99 58
99 61
99 64
99 65
99 67
99 68
99 69
99 70
99 71
99 74
99 75
99 77
99 79
99 80
99 81
99 86
99 87
99 88
99 90
99 100
99 104
99 106
99 108
99 109
99 111
99 113
99 116
99 117
99 118
99 120
99 121
99 122
99 124
99 126
99 127
99 131
99 132
99 133
99 134
99 135
99 136
99 137
99 138
99 141
99 142
99 146
99 148
100 2
100 8
100 9
100 10
100 11
100 13
100 16
100 19
100 21
100 22
100 27
100 28
100 33
100 40
100 41
100 42
100 44
100 52
100 61
100 63
100 64
100 66
100 68
100 70
100 72
100 73
100 76
100 77
100 78
100 80
100 82
100 83
100 86
100 87
100 88
100 90
100 98
100 99
100 107
100 108
100 111
100 116
100 117
100 118
100 120
100 121
100 123
100 132
100 133
100 134
100 137
100 139
100 143
100 146
100 147
101 4
101 5
101 17
101 18
101 22
101 27
101 32
101 38
101 40
101 44
101 45
101 50
101 63
101 65
101 67
101 70
101 72
101 73
101 78
101 80
101 84
101 85
101 91
101 96
101 98
101 103
101 110
101 112
101 115
101 119
101 121
101 123
101 127
101 129
101 131
101 135
101 139
101 140
101 143
101 146
101 147
101 149
102 7
102 12
102 14
102 15
102 20
102 23
102 24
102 25
102 30
102 35
102 36
102 39
102 43
102 48
102 49
102 53
102 55
102 57
102 59
102 60
102 69
102 75
102 89
102 95
102 97
102 105
102 113
102 124
102 125
102 126
102 130
102 144
102 145
102 148
103 0
103 1
103 5
103 6
103 17
103 22
103 27
103 31
103 32
103 38
103 39
103 40
103 45
103 46
103 50
103 54
103 56
103 62
103 63
103 64
103 65
103 67
103 68
103 70
103 78
103 84
103 85
103 91
103 92
103 93
103 94
103 101
103 106
103 109
103 112
103 114
103 115
103 119
103 125
103 127
103 128
103 129
103 131
103 135
103 136
103 137
103 140
103 141
103 142
103 146
103 147
103 149
104 0
104 2
104 3
104 8
104 9
104 10
104 13
104 16
104 19
104 21
104 23
104 26
104 28
104 29
104 30
104 33
104 34
104 40
104 42
104 43
104 49
104 51
104 52
104 53
104 54
104 58
104 61
104 64
104 66
104 68
104 71
104 74
104 75
104 76
104 79
104 81
104 82
104 86
104 87
104 88
104 90
104 99
104 106
104 107
104 108
104 109
104 113
104 116
104 117
104 118
104 120
104 121
104 122
104 126
104 132
104 133
104 134
104 137
104 138
104 141
104 148
105 7
105 12
105 14
105 15
105 23
105 25
105 30
105 35
105 43
105 48
105 49
105 51
105 53
105 57
105 58
105 59
105 60
105 69
105 71
105 74
105 75
105 79
105 81
105 89
105 95
105 102
105 113
105 122
105 126
105 130
105 138
105 145
105 148
106 0
106 1
106 6
106 8
106 13
106 17
106 19
106 20
106 23
106 24
106 25
106 26
106 27
106 30
106 31
106 33
106 34
106 36
106 39
106 40
106 43
106 45
106 48
106 49
106 50
106 52
106 54
106 56
106 58
106 61
106 62
106 64
106 65
106 67
106 68
106 69
106 70
106 85
106 87
106 88
106 89
106 90
106 92
106 94
106 97
106 99
106 103
106 104
106 108
106 109
106 113
106 114
106 115
106 118
106 121
106 122
106 124
106 125
106 126
106 127
106 129
106 131
106 132
106 134
106 135
106 136
106 137
106 138
106 141
106 142
106 144
106 146
106 148
106 149
107 2
107 3
107 8
107 9
107 10
107 11
107 13
107 16
107 19
107 21
107 28
107 29
107 33
107 34
107 42
107 52
107 58
107 61
107 66
107 74
107 76
107 77
107 79
107 82
107 83
107 86
107 88
107 90
107 100
107 104
107 108
107 111
107 116
107 117
107 118
107 120
107 132
107 133
107 134
108 0
108 2
108 3
108 8
108 9
108 10
108 11
108 13
108 16
108 19
108 21
108 26
108 27
108 28
108 29
108 30
108 33
108 34
108 40
108 41
108 42
108 44
108 45
108 50
108 52
108 54
108 58
108 61
108 64
108 65
108 66
108 67
108 68
108 70
108 73
108 74
108 76
108 77
108 78
108 79
108 80
108 82
108 83
108 86
108 87
108 88
108 90
108 98
108 99
108 100
108 104
108 106
108 107
108 109
108 111
108 116
108 117
108 118
108 120
108 121
108 122
108 123
108 127
108 131
108 132
108 133
108 134
108 136
108 137
108 138
108 139
108 141
108 146
108 147
108 149
109 0
109 1
109 6
109 8
109 9
109 11
109 13
109 17
109 19
109 20
109 24
109 26
109 27
109 30
109 31
109 32
109 33
109 34
109 39
109 40
109 45
109 50
109 52
109 54
109 56
109 58
109 61
109 64
109 65
109 67
109 68
109 69
109 70
109 73
109 77
109 78
109 80
109 84
109 85
109 87
109 88
109 90
109 92
109 98
109 99
109 103
109 104
109 106
109 108
109 111
109 113
109 114
109 115
109 116
109 117
109 118
109 121
109 122
109 124
109 125
109 126
109 127
109 129
109 131
109 132
109 134
109 135
109 136
109 137
109 138
109 139
109 140
109 141
109 142
109 146
109 147
109 148
109 149
110 4
110 5
110 18
110 22
110 27
110 32
110 38
110 44
110 45
110 63
110 72
110 73
110 78
110 80
110 96
110 98
110 101
110 112
110 123
110 129
110 139
110 143
110 147
110 149
111 0
111 5
111 8
111 9
111 10
111 11
111 13
111 16
111 18
111 19
111 21
111 22
111 27
111 28
111 32
111 33
111 38
111 40
111 41
111 42
111 44
111 45
111 50
111 52
111 61
111 63
111 64
111 65
111 66
111 67
111 68
111 70
111 72
111 73
111 76
111 77
111 78
111 80
111 82
111 83
111 86
111 87
111 88
111 90
111 96
111 98
111 99
111 100
111 107
111 108
111 109
111 116
111 117
111 118
111 121
111 123
111 127
111 131
111 132
111 133
111 134
111 137
111 139
111 143
111 146
111 147
111 149
112 4
112 5
112 17
112 18
112 22
112 27
112 32
112 38
112 40
112 45
112 46
112 50
112 63
112 65
112 67
112 68
112 70
112 72
112 73
112 78
112 80
112 84
112 85
112 91
112 96
112 98
112 101
112 103
112 110
112 115
112 119
112 123
112 127
112 129
112 131
112 135
112 137
112 139
112 140
112 142
112 143
112 146
112 147
112 149
113 0
113 1
113 3
113 7
113 8
113 9
113 12
113 13
113 14
113 15
113 20
113 23
113 24
113 25
113 26
113 29
113 30
113 33
113 34
113 35
113 36
113 39
113 43
113 48
113 49
113 51
113 52
113 53
113 54
113 56
113 57
113 58
113 59
113 60
113 64
113 68
113 69
113 71
113 74
113 75
113 79
113 81
113 87
113 88
113 89
113 90
113 95
113 97
113 99
113 102
113 104
113 105
113 106
113 109
113 117
113 118
113 122
113 124
113 125
113 126
113 130
113 136
113 137
113 138
113 141
113 144
113 145
113 148
114 0
114 1
114 6
114 17
114 20
114 24
114 25
114 26
114 30
114 31
114 36
114 37
114 39
114 46
114 47
114 48
114 50
114 54
114 55
114 56
114 59
114 62
114 64
114 65
114 67
114 69
114 85
114 91
114 92
114 93
114 94
114 97
114 103
114 106
114 109
114 115
114 124
114 125
114 126
114 127
114 128
114 130
114 131
114 135
114 136
114 138
114 140
114 141
114 142
114 144
115 0
115 1
115 5
115 6
115 17
115 20
115 22
115 24
115 26
115 27
115 31
115 32
115 39
115 40
115 45
115 46
115 50
115 54
115 56
115 62
115 63
115 64
115 65
115 67
115 68
115 70
115 78
115 84
115 85
115 87
115 91
115 92
115 93
115 94
115 101
115 103
115 106
115 109
115 112
115 114
115 119
115 124
115 125
115 127
115 128
115 129
115 131
115 135
115 136
115 137
115 138
115 139
115 140
115 141
115 142
115 146
115 147
115 149
116 0
116 2
116 3
116 8
116 9
116 10
116 11
116 13
116 16
116 19
116 21
116 26
116 27
116 28
116 29
116 30
116 33
116 34
116 40
116 41
116 42
116 44
116 52
116 58
116 61
116 64
116 66
116 68
116 74
116 76
116 77
116 79
116 80
116 82
116 83
116 86
116 87
116 88
116 90
116 99
116 100
116 104
116 107
116 108
116 109
116 111
116 117
116 118
116 120
116 121
116 122
116 132
116 133
116 134
116 137
116 146
117 0
117 2
117 3
117 8
117 9
117 10
117 11
117 13
117 16
117 19
117 21
117 26
117 28
117 29
117 30
117 33
117 34
117 40
117 41
117 42
117 51
117 52
117 58
117 61
117 64
117 66
117 68
117 71
117 74
117 76
117 77
117 79
117 80
117 81
117 82
117 83
117 86
117 87
117 88
117 90
117 99
117 100
117 104
117 107
117 108
117 109
117 111
117 113
117 116
117 118
117 120
117 121
117 122
117 132
117 133
117 134
117 137
117 138
117 146
118 0
118 1
118 2
118 3
118 8
118 9
118 10
118 11
118 13
118 16
118 19
118 21
118 23
118 26
118 28
118 29
118 30
118 33
118 34
118 40
118 42
118 43
118 49
118 51
118 52
118 53
118 54
118 56
118 58
118 61
118 64
118 65
118 66
118 67
118 68
118 69
118 70
118 71
118 74
118 75
118 76
118 77
118 79
118 80
118 81
118 82
118 83
118 86
118 87
118 88
118 90
118 99
118 100
118 104
118 106
118 107
118 108
118 109
118 111
118 113
118 116
118 117
118 120
118 121
118 122
118 126
118 127
118 131
118 132
118 133
118 134
118 136
118 137
118 138
118 141
118 146
118 148
119 5
119 17
119 31
119 32
119 38
119 45
119 46
119 50
119 62
119 65
119 67
119 70
119 84
119 85
119 91
119 92
119 101
119 103
119 112
119 115
119 127
119 129
119 131
119 135
119 140
119 142
119 147
119 149
120 2
120 3
120 8
120 9
120 10
120 13
120 16
120 19
120 21
120 28
120 29
120 33
120 34
120 42
120 52
120 58
120 61
120 66
120 74
120 76
120 79
120 81
120 82
120 83
120 86
120 87
120 88
120 90
120 99
120 100
120 104
120 107
120 108
120 116
120 117
120 118
120 132
120 133
120 134
121 0
121 2
121 5
121 8
121 9
121 10
121 11
121 13
121 18
121 19
121 21
121 22
121 26
121 27
121 28
121 32
121 33
121 34
121 40
121 41
121 42
121 44
121 45
121 50
121 52
121 54
121 61
121 63
121 64
121 65
121 66
121 67
121 68
121 70
121 72
121 73
121 77
121 78
121 80
121 82
121 83
121 86
121 87
121 88
121 90
121 96
121 98
121 99
121 100
121 101
121 104
121 106
121 108
121 109
121 111
121 116
121 117
121 118
121 123
121 127
121 129
121 131
121 132
121 133
121 134
121 135
121 136
121 137
121 139
121 141
121 143
121 146
121 147
121 149
122 0
122 1
122 2
122 3
122 7
122 8
122 9
122 12
122 13
122 14
122 19
122 20
122 23
122 25
122 26
122 28
122 29
122 30
122 33
122 34
122 35
122 36
122 39
122 43
122 48
122 49
122 51
122 52
122 53
122 54
122 56
122 57
122 58
122 60
122 61
122 64
122 65
122 68
122 69
122 71
122 74
122 75
122 79
122 81
122 87
122 88
122 89
122 90
122 95
122 97
122 99
122 104
122 105
122 106
122 108
122 109
122 113
122 116
122 117
122 118
122 124
122 126
122 127
122 130
122 134
122 136
122 137
122 138
122 141
122 144
122 145
122 148
123 4
123 5
123 11
123 18
123 22
123 27
123 32
123 38
123 40
123 41
123 42
123 44
123 45
123 50
123 63
123 67
123 70
123 72
123 73
123 77
123 78
123 80
123 82
123 83
123 96
123 98
123 100
123 101
123 108
123 110
123 111
123 112
123 121
123 129
123 132
123 139
123 143
123 146
123 147
123 149
124 0
124 1
124 6
124 7
124 12
124 15
124 20
124 23
124 24
124 25
124 26
124 30
124 31
124 36
124 37
124 39
124 43
124 47
124 48
124 49
124 50
124 54
124 55
124 56
124 57
124 59
124 62
124 64
124 65
124 67
124 68
124 69
124 87
124 89
124 92
124 93
124 94
124 95
124 97
124 99
124 102
124 106
124 109
124 113
124 114
124 115
124 122
124 125
124 126
124 127
124 128
124 130
124 131
124 135
124 136
124 137
124 138
124 141
124 142
124 144
124 145
124 148
125 0
125 1
125 6
125 12
125 15
125 17
125 20
125 23
125 24
125 25
125 26
125 30
125 31
125 36
125 37
125 39
125 46
125 47
125 48
125 54
125 55
125 56
125 59
125 62
125 64
125 65
125 67
125 69
125 85
125 89
125 92
125 93
125 94
125 95
125 97
125 102
125 103
125 106
125 109
125 113
125 114
125 115
125 124
125 126
125 127
125 128
125 130
125 131
125 135
125 136
125 138
125 141
125 142
125 144
125 148
126 0
126 1
126 7
126 8
126 9
126 12
126 13
126 14
126 15
126 20
126 23
126 24
126 25
126 26
126 29
126 30
126 33
126 34
126 35
126 36
126 39
126 43
126 48
126 49
126 51
126 52
126 53
126 54
126 55
126 56
126 57
126 58
126 59
126 60
126 64
126 65
126 68
126 69
126 71
126 74
126 75
126 79
126 81
126 87
126 88
126 89
126 90
126 95
126 97
126 99
126 102
126 104
126 105
126 106
126 109
126 113
126 114
126 118
126 122
126 124
126 125
126 127
126 130
126 131
126 136
126 137
126 138
126 141
126 144
126 145
126 148
127 0
127 1
127 5
127 6
127 8
127 11
127 13
127 17
127 19
127 20
127 22
127 24
127 26
127 27
127 30
127 31
127 32
127 33
127 39
127 40
127 45
127 46
127 50
127 54
127 56
127 61
127 63
127 64
127 65
127 67
127 68
127 69
127 70
127 73
127 77
127 78
127 80
127 84
127 85
127 87
127 88
127 91
127 92
127 98
127 99
127 101
127 103
127 106
127 108
127 109
127 111
127 112
127 114
127 115
127 118
127 119
127 121
127 122
127 124
127 125
127 126
127 129
127 131
127 132
127 134
127 135
127 136
127 137
127 138
127 139
127 140
127 141
127 142
127 146
127 147
127 148
127 149
128 1
128 6
128 17
128 20
128 24
128 31
128 36
128 37
128 39
128 46
128 47
128 55
128 59
128 62
128 85
128 91
128 92
128 93
128 94
128 97
128 103
128 114
128 115
128 124
128 125
128 140
128 142
128 144
129 0
129 1
129 4
129 5
129 17
129 18
129 22
129 27
129 31
129 32
129 38
129 40
129 44
129 45
129 46
129 50
129 54
129 63
129 64
129 65
129 67
129 68
129 70
129 72
129 73
129 78
129 80
129 84
129 85
129 91
129 92
129 96
129 98
129 101
129 103
129 106
129 109
129 110
129 112
129 115
129 119
129 121
129 123
129 127
129 131
129 132
129 135
129 136
129 137
129 139
129 140
129 142
129 143
129 146
129 147
129 149
130 1
130 6
130 7
130 12
130 14
130 15
130 20
130 23
130 24
130 25
130 26
130 30
130 35
130 36
130 39
130 43
130 48
130 49
130 53
130 55
130 56
130 57
130 59
130 60
130 69
130 89
130 95
130 97
130 102
130 105
130 113
130 114
130 122
130 124
130 125
130 126
130 138
130 141
130 144
130 145
130 148
131 0
131 1
131 5
131 6
131 8
131 13
131 17
131 19
131 20
131 24
131 26
131 27
131 30
131 31
131 32
131 39
131 40
131 45
131 46
131 50
131 54
131 56
131 61
131 62
131 64
131 65
131 67
131 68
131 69
131 70
131 73
131 78
131 80
131 84
131 85
131 87
131 88
131 91
131 92
131 94
131 99
131 101
131 103
131 106
131 108
131 109
131 111
131 112
131 114
131 115
131 118
131 119
131 121
131 124
131 125
131 126
131 127
131 129
131 132
131 135
131 136
131 137
131 138
131 139
131 140
131 141
131 142
131 146
131 147
131 148
131 149
132 0
132 2
132 8
132 9
132 10
132 11
132 13
132 16
132 19
132 21
132 22
132 26
132 27
132 28
132 29
132 30
132 33
132 34
132 40
132 41
132 42
132 44
132 45
132 50
132 52
132 54
132 56
132 61
132 63
132 64
132 65
132 66
132 67
132 68
132 70
132 72
132 73
132 76
132 77
132 78
132 80
132 82
132 83
132 86
132 87
132 88
132 90
132 98
132 99
132 100
132 104
132 106
132 107
132 108
132 109
132 111
132 116
132 117
132 118
132 120
132 121
132 123
132 127
132 129
132 131
132 133
132 134
132 135
132 136
132 137
132 138
132 139
132 141
132 143
132 146
132 147
132 149
133 2
133 3
133 8
133 9
133 10
133 11
133 13
133 16
133 19
133 21
133 27
133 28
133 29
133 33
133 34
133 40
133 41
133 42
133 44
133 52
133 58
133 61
133 66
133 68
133 73
133 76
133 77
133 78
133 80
133 82
133 83
133 86
133 87
133 88
133 90
133 98
133 99
133 100
133 104
133 107
133 108
133 111
133 116
133 117
133 118
133 120
133 121
133 132
133 134
133 137
133 139
133 146
134 0
134 2
134 3
134 8
134 9
134 10
134 11
134 13
134 16
134 19
134 21
134 26
134 27
134 28
134 29
134 30
134 33
134 34
134 40
134 41
134 42
134 44
134 52
134 54
134 58
134 61
134 64
134 65
134 66
134 67
134 68
134 70
134 73
134 74
134 76
134 77
134 78
134 79
134 80
134 82
134 83
134 86
134 87
134 88
134 90
134 98
134 99
134 100
134 104
134 106
134 107
134 108
134 109
134 111
134 116
134 117
134 118
134 120
134 121
134 122
134 127
134 132
134 133
134 136
134 137
134 138
134 139
134 141
134 146
135 0
135 1
135 5
135 6
135 13
135 17
135 20
135 22
135 24
135 26
135 27
135 31
135 32
135 38
135 39
135 40
135 45
135 46
135 50
135 54
135 56
135 62
135 63
135 64
135 65
135 67
135 68
135 69
135 70
135 73
135 78
135 80
135 84
135 85
135 87
135 91
135 92
135 94
135 98
135 99
135 101
135 103
135 106
135 109
135 112
135 114
135 115
135 119
135 121
135 124
135 125
135 127
135 129
135 131
135 132
135 136
135 137
135 138
135 139
135 140
135 141
135 142
135 146
135 147
135 149
136 0
136 1
136 6
136 8
136 13
136 17
136 19
136 20
136 23
136 24
136 25
136 26
136 27
136 30
136 31
136 33
136 34
136 36
136 39
136 40
136 43
136 45
136 48
136 49
136 50
136 52
136 54
136 56
136 58
136 61
136 62
136 64
136 65
136 67
136 68
136 69
136 70
136 85
136 87
136 88
136 90
136 92
136 94
136 97
136 99
136 103
136 106
136 108
136 109
136 113
136 114
136 115
136 118
136 121
136 122
136 124
136 125
136 126
136 127
136 129
136 131
136 132
136 134
136 135
136 137
136 138
136 140
136 141
136 142
136 144
136 146
136 148
136 149
137 0
137 1
137 8
137 9
137 11
137 13
137 17
137 19
137 20
137 22
137 26
137 27
137 30
137 32
137 33
137 34
137 39
137 40
137 41
137 42
137 44
137 45
137 50
137 52
137 54
137 56
137 61
137 63
137 64
137 65
137 67
137 68
137 69
137 70
137 73
137 77
137 78
137 80
137 83
137 84
137 85
137 87
137 88
137 90
137 92
137 98
137 99
137 100
137 103
137 104
137 106
137 108
137 109
137 111
137 112
137 113
137 115
137 116
137 117
137 118
137 121
137 122
137 124
137 126
137 127
137 129
137 131
137 132
137 133
137 134
137 135
137 136
137 138
137 139
137 140
137 141
137 142
137 146
137 147
137 148
137 149
138 0
138 1
138 6
138 7
138 8
138 9
138 12
138 13
138 19
138 20
138 23
138 24
138 25
138 26
138 29
138 30
138 33
138 34
138 35
138 36
138 39
138 40
138 43
138 48
138 49
138 50
138 51
138 52
138 53
138 54
138 56
138 57
138 58
138 59
138 60
138 61
138 64
138 65
138 67
138 68
138 69
138 70
138 71
138 74
138 75
138 79
138 87
138 88
138 89
138 90
138 92
138 95
138 97
138 99
138 104
138 105
138 106
138 108
138 109
138 113
138 114
138 115
138 117
138 118
138 122
138 124
138 125
138 126
138 127
138 130
138 131
138 132
138 134
138 135
138 136
138 137
138 141
138 142
138 144
138 145
138 146
138 148
139 4
139 5
139 11
139 13
139 18
139 19
139 22
139 27
139 32
139 38
139 40
139 41
139 42
139 44
139 45
139 50
139 61
139 63
139 64
139 65
139 67
139 68
139 70
139 72
139 73
139 77
139 78
139 80
139 82
139 83
139 84
139 88
139 96
139 98
139 100
139 101
139 108
139 109
139 110
139 111
139 112
139 115
139 121
139 123
139 127
139 129
139 131
139 132
139 133
139 134
139 135
139 137
139 143
139 146
139 147
139 149
140 1
140 5
140 6
140 17
140 27
140 31
140 32
140 45
140 46
140 47
140 50
140 54
140 62
140 64
140 65
140 67
140 70
140 84
140 85
140 91
140 92
140 93
140 94
140 101
140 103
140 109
140 112
140 114
140 115
140 119
140 127
140 128
140 129
140 131
140 135
140 136
140 137
140 142
140 147
140 149
141 0
141 1
141 6
141 7
141 8
141 12
141 13
141 17
141 19
141 20
141 23
141 24
141 25
141 26
141 30
141 31
141 33
141 34
141 36
141 39
141 40
141 43
141 45
141 48
141 49
141 50
141 52
141 53
141 54
141 55
141 56
141 58
141 59
141 61
141 64
141 65
141 67
141 68
141 69
141 70
141 74
141 79
141 85
141 87
141 88
141 89
141 90
141 92
141 94
141 95
141 97
141 99
141 103
141 104
141 106
141 108
141 109
141 113
141 114
141 115
141 118
141 121
141 122
141 124
141 125
141 126
141 127
141 130
141 131
141 132
141 134
141 135
141 136
141 137
141 138
141 142
141 144
141 146
141 148
142 0
142 1
142 6
142 13
142 17
142 20
142 24
142 26
142 27
142 31
142 32
142 39
142 40
142 45
142 46
142 50
142 54
142 56
142 62
142 64
142 65
142 67
142 68
142 69
142 70
142 78
142 84
142 85
142 87
142 91
142 92
142 93
142 94
142 97
142 99
142 103
142 106
142 109
142 112
142 114
142 115
142 119
142 124
142 125
142 127
142 128
142 129
142 131
142 135
142 136
142 137
142 138
142 140
142 141
142 144
142 146
142 147
142 149
143 4
143 5
143 11
143 18
143 22
143 27
143 32
143 38
143 40
143 41
143 44
143 45
143 63
143 70
143 72
143 73
143 77
143 78
143 80
143 83
143 96
143 98
143 100
143 101
143 110
143 111
143 112
143 121
143 123
143 129
143 132
143 139
143 146
143 147
143 149
144 0
144 1
144 6
144 7
144 12
144 14
144 15
144 20
144 23
144 24
144 25
144 26
144 30
144 31
144 35
144 36
144 37
144 39
144 43
144 48
144 49
144 53
144 54
144 55
144 56
144 57
144 59
144 60
144 62
144 69
144 89
144 92
144 93
144 94
144 95
144 97
144 102
144 106
144 113
144 114
144 122
144 124
144 125
144 126
144 128
144 130
144 136
144 138
144 141
144 142
144 145
144 148
145 7
145 12
145 14
145 15
145 20
145 23
145 25
145 26
145 30
145 35
145 36
145 43
145 48
145 49
145 51
145 53
145 57
145 58
145 59
145 60
145 69
145 71
145 74
145 75
145 79
145 81
145 89
145 95
145 97
145 102
145 105
145 113
145 122
145 124
145 126
145 130
145 138
145 144
145 148
146 0
146 1
146 5
146 8
146 9
146 11
146 13
146 17
146 18
146 19
146 21
146 22
146 26
146 27
146 30
146 32
146 33
146 34
146 38
146 40
146 41
146 42
146 44
146 45
146 50
146 52
146 54
146 56
146 61
146 63
146 64
146 65
146 67
146 68
146 70
146 72
146 73
146 77
146 78
146 80
146 82
146 83
146 84
146 85
146 87
146 88
146 90
146 96
146 98
146 99
146 100
146 101
146 103
146 106
146 108
146 109
146 111
146 112
146 115
146 116
146 117
146 118
146 121
146 123
146 127
146 129
146 131
146 132
146 133
146 134
146 135
146 136
146 137
146 138
146 139
146 141
146 142
146 143
146 147
146 149
147 4
147 5
147 11
147 13
147 17
147 18
147 19
147 22
147 27
147 32
147 38
147 40
147 41
147 44
147 45
147 50
147 63
147 64
147 65
147 67
147 68
147 70
147 72
147 73
147 77
147 78
147 80
147 83
147 84
147 85
147 91
147 96
147 98
147 100
147 101
147 103
147 108
147 109
147 110
147 111
147 112
147 115
147 119
147 121
147 123
147 127
147 129
147 131
147 132
147 135
147 137
147 139
147 140
147 142
147 143
147 146
147 149
148 0
148 1
148 7
148 8
148 9
148 12
148 13
148 14
148 15
148 20
148 23
148 24
148 25
148 26
148 29
148 30
148 33
148 34
148 35
148 36
148 39
148 43
148 48
148 49
148 51
148 52
148 53
148 54
148 56
148 57
148 58
148 59
148 60
148 64
148 68
148 69
148 71
148 74
148 75
148 79
148 81
148 87
148 88
148 89
148 90
148 95
148 97
148 99
148 102
148 104
148 105
148 106
148 109
148 113
148 118
148 122
148 124
148 125
148 126
148 127
148 130
148 131
148 136
148 137
148 138
148 141
148 144
148 145
149 0
149 4
149 5
149 11
149 13
149 17
149 18
149 22
149 27
149 32
149 38
149 40
149 41
149 44
149 45
149 46
149 50
149 54
149 63
149 64
149 65
149 67
149 68
149 70
149 72
149 73
149 77
149 78
149 80
149 84
149 85
149 91
149 96
149 98
149 101
149 103
149 106
149 108
149 109
149 110
149 111
149 112
149 115
149 119
149 121
149 123
149 127
149 129
149 131
149 132
149 135
149 136
149 137
149 139
149 140
149 142
149 143
149 146
149 147
