4
2 1
150
0 50.000000 50.000000 10 99999999 4
1 4.363159 54.955277 10 121 3
2 36.597917 28.080867 10 137 3
3 72.481852 1.905486 10 142 1
4 92.243150 82.629553 10 115 2
5 95.689628 56.961581 10 117 3
6 13.748591 60.103144 10 101 1
7 89.958222 96.688803 10 120 4
8 20.647850 41.452068 10 102 1
9 22.523934 62.227303 10 116 1
10 22.754829 36.808169 10 133 2
11 98.223479 92.414030 10 113 5
12 42.425112 45.144477 10 100 1
13 17.336842 69.900515 10 144 5
14 51.542202 60.267794 10 107 3
15 2.418529 17.616100 10 130 3
16 41.453897 28.226793 10 142 4
17 42.283814 8.357986 10 118 2
18 31.902463 12.017148 10 118 3
19 30.741983 13.032701 10 112 4
20 75.240574 14.749875 10 106 5
21 71.239939 41.471876 10 129 1
22 95.428535 50.878110 10 120 4
23 17.997930 54.827936 10 105 1
24 6.426720 80.688715 10 113 2
25 14.458065 87.791817 10 124 1
26 65.481630 83.872758 10 124 4
27 28.075149 61.307373 10 102 4
28 13.707633 36.299846 10 142 5
29 64.611043 55.840265 10 120 4
30 36.582980 63.940826 10 135 5
31 94.122575 19.763960 10 127 3
32 13.950461 98.464351 10 117 5
33 33.246747 44.564432 10 114 3
34 86.878978 60.229269 10 114 4
35 75.796303 1.013647 10 117 1
36 49.773927 23.556901 10 107 1
37 12.526630 27.181008 10 107 5
38 67.663040 64.364780 10 131 2
39 36.829277 73.171291 10 129 1
40 4.500182 60.792458 10 123 3
41 24.141178 47.387778 10 115 1
42 2.025704 13.818698 10 147 2
43 15.380660 72.985376 10 145 2
44 25.242375 82.834574 10 123 2
45 12.877140 55.805345 10 147 4
46 99.254885 44.328793 10 119 1
47 95.618416 31.407515 10 132 5
48 87.900363 44.147115 10 111 5
49 85.619178 73.089687 10 105 1
50 56.164754 47.773517 10 145 4
51 43.749499 20.960731 10 124 5
52 62.129333 24.961180 10 108 5
53 35.806342 13.833731 10 108 3
54 96.552537 2.190882 10 144 2
55 17.504210 84.475019 10 120 5
56 96.165814 5.430261 10 138 3
57 6.870612 88.860252 10 105 5
58 31.334965 12.117703 10 135 2
59 58.428635 38.593375 10 100 3
60 67.427328 82.747329 10 126 5
61 74.323586 90.031907 10 118 4
62 79.751298 11.565653 10 106 1
63 35.536495 43.556674 10 147 2
64 73.720747 29.885100 10 143 4
65 12.759510 72.112878 10 122 1
66 55.165997 50.929330 10 115 4
67 80.570128 37.645961 10 135 5
68 41.839643 61.247271 10 124 4
69 8.103129 8.747836 10 102 2
70 54.906859 64.179720 10 136 1
71 25.419088 88.150424 10 135 1
72 12.714974 2.826383 10 124 2
73 14.740855 19.895190 10 142 2
74 95.879496 46.382512 10 101 5
75 60.101116 99.176159 10 127 4
76 63.958803 36.559763 10 137 1
77 70.644370 42.956837 10 129 5
78 50.195643 6.723794 10 110 3
79 44.662426 66.211954 10 102 1
80 18.772606 81.230497 10 135 1
81 58.038610 32.140496 10 145 5
82 72.027662 2.749000 10 110 2
83 95.442909 82.823931 10 110 4
84 32.372297 20.826567 10 127 1
85 34.446769 78.667692 10 134 5
86 72.725489 47.931170 10 110 2
87 8.822884 56.473881 10 148 3
88 12.504112 55.852433 10 148 2
89 0.227303 97.871547 10 105 4
90 36.371711 33.498315 10 149 3
91 90.546044 18.477060 10 140 4
92 21.299937 20.475395 10 148 1
93 83.268750 69.705743 10 143 1
94 15.434645 54.602032 10 112 1
95 74.016338 18.681115 10 121 4
96 1.444202 80.115284 10 139 4
97 50.067330 57.369472 10 102 1
98 40.759850 88.133960 10 145 5
99 42.721603 31.952713 10 113 5
100 39.426359 83.379596 10 0 2
101 51.104275 54.852290 10 0 1
102 55.252731 53.102206 10 0 3
103 19.959808 97.262778 10 0 3
104 92.210503 96.353257 10 0 1
105 96.260383 94.006951 10 0 5
106 90.007098 71.393870 10 0 1
107 25.603952 58.705470 10 0 2
108 60.398768 67.842675 10 0 2
109 77.476900 60.369895 10 0 5
110 39.437971 32.055858 10 0 4
111 81.642906 90.373784 10 0 4
112 50.094231 24.489826 10 0 4
113 37.597881 48.787744 10 0 5
114 3.488241 99.138412 10 0 2
115 45.592423 70.844993 10 0 4
116 86.822745 72.202956 10 0 3
117 34.297667 72.002701 10 0 3
118 30.862942 23.760550 10 0 3
119 65.941893 8.764626 10 0 2
120 21.439243 99.602767 10 0 4
121 85.633216 90.261706 10 0 3
122 99.043639 43.131779 10 0 3
123 76.610458 61.835281 10 0 5
124 47.162929 91.489689 10 0 5
125 26.245625 37.916085 10 0 3
126 30.205108 69.888126 10 0 1
127 75.667105 62.734066 10 0 1
128 35.603658 61.248586 10 0 5
129 14.520840 64.352899 10 0 5
130 2.854796 12.053959 10 0 2
131 50.820771 31.624277 10 0 5
132 43.281561 40.532189 10 0 2
133 39.342966 96.292184 10 0 5
134 6.485336 9.405752 10 0 2
135 47.250900 3.514102 10 0 3
136 5.432565 9.938435 10 0 4
137 2.616953 60.283064 10 0 5
138 98.639106 40.684441 10 0 3
139 29.241374 96.361382 10 0 1
140 85.051816 21.114805 10 0 2
141 61.624736 25.525256 10 0 5
142 77.071787 11.790463 10 0 1
143 82.359506 93.179561 10 0 3
144 82.728781 15.035335 10 0 2
145 74.055556 24.517934 10 0 1
146 6.673119 30.901962 10 0 5
147 66.662656 22.308299 10 0 1
148 93.828328 98.741112 10 0 4
149 89.368664 52.224963 10 0 4
2278
0 12
0 14
0 29
0 30
0 33
0 50
0 59
0 63
0 66
0 68
0 70
0 76
0 79
0 81
0 97
0 99
0 101
0 102
0 113
0 128
0 131
0 132
1 6
1 9
1 13
1 23
1 40
1 45
1 65
1 87
1 88
1 94
1 129
1 137
2 10
2 12
2 16
2 18
2 19
2 33
2 36
2 51
2 53
2 58
2 63
2 84
2 90
2 92
2 99
2 110
2 112
2 118
2 125
2 131
2 132
3 20
3 35
3 62
3 82
3 95
3 119
3 142
3 144
4 7
4 11
4 49
4 61
4 83
4 93
4 104
4 105
4 106
4 111
4 116
4 121
4 143
4 148
5 22
5 34
5 46
5 48
5 49
5 74
5 93
5 106
5 109
5 116
5 122
5 123
5 138
5 149
6 1
6 8
6 9
6 13
6 23
6 27
6 40
6 41
6 43
6 45
6 65
6 87
6 88
6 94
6 107
6 126
6 129
6 137
7 4
7 11
7 61
7 83
7 104
7 105
7 111
7 121
7 143
7 148
8 6
8 10
8 23
8 28
8 33
8 37
8 41
8 45
8 63
8 87
8 88
8 90
8 94
8 107
8 113
8 125
8 146
9 1
9 6
9 13
9 23
9 27
9 30
9 39
9 40
9 41
9 43
9 45
9 65
9 68
9 80
9 87
9 88
9 94
9 107
9 117
9 126
9 128
9 129
10 2
10 8
10 23
10 28
10 33
10 37
10 41
10 63
10 73
10 84
10 90
10 92
10 94
10 110
10 113
10 118
10 125
10 146
11 4
11 7
11 83
11 104
11 105
11 111
11 121
11 143
11 148
12 0
12 2
12 14
12 16
12 30
12 33
12 41
12 50
12 59
12 63
12 66
12 68
12 90
12 97
12 99
12 101
12 102
12 110
12 113
12 125
12 128
12 131
12 132
13 1
13 6
13 9
13 23
13 24
13 25
13 27
13 39
13 40
13 43
13 44
13 45
13 55
13 65
13 71
13 80
13 85
13 87
13 88
13 94
13 96
13 107
13 117
13 126
13 129
13 137
14 0
14 12
14 29
14 30
14 38
14 39
14 50
14 66
14 68
14 70
14 79
14 97
14 101
14 102
14 108
14 113
14 115
14 128
15 37
15 42
15 69
15 72
15 73
15 92
15 130
15 134
15 136
15 146
16 2
16 12
16 17
16 18
16 19
16 33
16 36
16 51
16 53
16 58
16 59
16 63
16 81
16 84
16 90
16 99
16 110
16 112
16 118
16 125
16 131
16 132
17 16
17 18
17 19
17 36
17 51
17 53
17 58
17 78
17 84
17 112
17 118
17 135
18 2
18 16
18 17
18 19
18 51
18 53
18 58
18 73
18 78
18 84
18 92
18 118
18 135
19 2
19 16
19 17
19 18
19 51
19 53
19 58
19 73
19 84
19 92
19 118
19 135
20 3
20 31
20 35
20 52
20 62
20 64
20 82
20 91
20 95
20 119
20 140
20 141
20 142
20 144
20 145
20 147
21 29
21 48
21 50
21 52
21 59
21 64
21 66
21 67
21 76
21 77
21 81
21 86
21 102
21 109
21 141
21 145
21 147
22 5
22 34
22 46
22 47
22 48
22 67
22 74
22 122
22 138
22 149
23 1
23 6
23 8
23 9
23 10
23 13
23 27
23 28
23 33
23 40
23 41
23 43
23 45
23 65
23 87
23 88
23 94
23 107
23 125
23 126
23 128
23 129
23 137
24 13
24 25
24 32
24 40
24 43
24 44
24 55
24 57
24 65
24 80
24 89
24 96
24 114
24 129
25 13
25 24
25 32
25 43
25 44
25 55
25 57
25 65
25 71
25 80
25 89
25 96
25 103
25 114
25 120
25 139
26 38
26 60
26 61
26 75
26 108
26 111
26 124
26 143
27 6
27 9
27 13
27 23
27 30
27 33
27 39
27 41
27 43
27 45
27 63
27 65
27 68
27 79
27 85
27 87
27 88
27 94
27 107
27 113
27 115
27 117
27 126
27 128
27 129
28 8
28 10
28 23
28 37
28 41
28 45
28 73
28 88
28 92
28 94
28 125
28 146
29 0
29 14
29 21
29 38
29 50
29 59
29 66
29 70
29 76
29 77
29 86
29 97
29 101
29 102
29 108
29 109
29 123
29 127
30 0
30 9
30 12
30 14
30 27
30 33
30 39
30 68
30 70
30 79
30 85
30 97
30 100
30 101
30 107
30 113
30 115
30 117
30 126
30 128
31 20
31 47
31 54
31 56
31 62
31 91
31 140
31 142
31 144
32 24
32 25
32 44
32 55
32 57
32 71
32 80
32 89
32 103
32 114
32 120
32 139
33 0
33 2
33 8
33 10
33 12
33 16
33 23
33 27
33 30
33 41
33 63
33 68
33 90
33 99
33 107
33 110
33 113
33 125
33 128
33 132
34 5
34 22
34 38
34 48
34 49
34 74
34 86
34 93
34 106
34 109
34 116
34 123
34 127
34 149
35 3
35 20
35 62
35 82
35 95
35 119
35 142
35 144
36 2
36 16
36 17
36 51
36 52
36 53
36 59
36 76
36 78
36 81
36 84
36 90
36 99
36 110
36 112
36 118
36 131
36 132
36 141
36 147
37 8
37 10
37 15
37 28
37 42
37 69
37 73
37 92
37 118
37 125
37 130
37 134
37 136
37 146
38 14
38 26
38 29
38 34
38 49
38 60
38 66
38 70
38 86
38 93
38 97
38 101
38 102
38 108
38 109
38 123
38 127
39 9
39 13
39 14
39 27
39 30
39 44
39 68
39 71
39 79
39 80
39 85
39 98
39 100
39 107
39 115
39 117
39 126
39 128
40 1
40 6
40 9
40 13
40 23
40 24
40 43
40 45
40 65
40 87
40 88
40 94
40 96
40 129
40 137
41 6
41 8
41 9
41 10
41 12
41 23
41 27
41 28
41 33
41 45
41 63
41 87
41 88
41 90
41 94
41 107
41 113
41 125
41 128
41 129
42 15
42 37
42 69
42 72
42 73
42 130
42 134
42 136
42 146
43 6
43 9
43 13
43 23
43 24
43 25
43 27
43 40
43 44
43 45
43 55
43 57
43 65
43 71
43 80
43 85
43 87
43 88
43 94
43 96
43 107
43 117
43 126
43 129
43 137
44 13
44 24
44 25
44 32
44 39
44 43
44 55
44 57
44 65
44 71
44 80
44 85
44 98
44 100
44 103
44 117
44 120
44 126
44 133
44 139
45 1
45 6
45 8
45 9
45 13
45 23
45 27
45 28
45 40
45 41
45 43
45 65
45 87
45 88
45 94
45 107
45 129
45 137
46 5
46 22
46 47
46 48
46 67
46 74
46 122
46 138
46 149
47 22
47 31
47 46
47 48
47 67
47 74
47 91
47 122
47 138
47 140
48 5
48 21
48 22
48 34
48 46
48 47
48 67
48 74
48 77
48 86
48 109
48 122
48 138
48 149
49 4
49 5
49 34
49 38
49 83
49 93
49 106
49 109
49 111
49 116
49 121
49 123
49 127
50 0
50 12
50 14
50 21
50 29
50 59
50 66
50 68
50 70
50 76
50 77
50 81
50 86
50 97
50 101
50 102
50 113
50 131
50 132
51 2
51 16
51 17
51 18
51 19
51 36
51 52
51 53
51 58
51 78
51 81
51 84
51 90
51 99
51 110
51 112
51 118
51 131
51 132
51 135
51 141
52 20
52 21
52 36
52 51
52 59
52 64
52 76
52 77
52 81
52 95
52 112
52 119
52 131
52 141
52 142
52 145
52 147
53 2
53 16
53 17
53 18
53 19
53 36
53 51
53 58
53 78
53 84
53 90
53 92
53 99
53 110
53 112
53 118
53 135
54 31
54 56
54 62
54 91
54 144
55 13
55 24
55 25
55 32
55 43
55 44
55 57
55 65
55 71
55 80
55 85
55 96
55 103
55 120
55 126
55 139
56 31
56 54
56 62
56 91
56 140
56 144
57 24
57 25
57 32
57 43
57 44
57 55
57 65
57 71
57 80
57 89
57 96
57 103
57 114
57 120
58 2
58 16
58 17
58 18
58 19
58 51
58 53
58 73
58 78
58 84
58 92
58 118
58 135
59 0
59 12
59 16
59 21
59 29
59 36
59 50
59 52
59 64
59 66
59 76
59 77
59 81
59 86
59 99
59 101
59 102
59 112
59 131
59 132
59 141
59 147
60 26
60 38
60 61
60 75
60 108
60 111
60 121
60 143
61 4
61 7
61 26
61 60
61 75
61 104
61 111
61 121
61 143
62 3
62 20
62 31
62 35
62 54
62 56
62 64
62 82
62 91
62 95
62 119
62 140
62 142
62 144
62 145
62 147
63 0
63 2
63 8
63 10
63 12
63 16
63 27
63 33
63 41
63 68
63 90
63 99
63 101
63 107
63 110
63 113
63 125
63 128
63 131
63 132
64 20
64 21
64 52
64 59
64 62
64 67
64 76
64 77
64 81
64 86
64 95
64 140
64 141
64 142
64 144
64 145
64 147
65 1
65 6
65 9
65 13
65 23
65 24
65 25
65 27
65 40
65 43
65 44
65 45
65 55
65 57
65 80
65 87
65 88
65 94
65 96
65 107
65 126
65 129
65 137
66 0
66 12
66 14
66 21
66 29
66 38
66 50
66 59
66 68
66 70
66 76
66 77
66 79
66 81
66 86
66 97
66 101
66 102
66 108
66 113
66 131
66 132
67 21
67 22
67 46
67 47
67 48
67 64
67 74
67 76
67 77
67 86
67 122
67 138
67 140
67 145
67 149
68 0
68 9
68 12
68 14
68 27
68 30
68 33
68 39
68 50
68 63
68 66
68 70
68 79
68 85
68 97
68 101
68 102
68 107
68 108
68 113
68 115
68 117
68 126
68 128
69 15
69 37
69 42
69 72
69 73
69 92
69 130
69 134
69 136
70 0
70 14
70 29
70 30
70 38
70 50
70 66
70 68
70 79
70 97
70 101
70 102
70 108
70 115
70 128
71 13
71 25
71 32
71 39
71 43
71 44
71 55
71 57
71 80
71 85
71 98
71 100
71 103
71 117
71 120
71 126
71 133
71 139
72 15
72 42
72 69
72 73
72 92
72 130
72 134
72 136
73 10
73 15
73 18
73 19
73 28
73 37
73 42
73 58
73 69
73 72
73 84
73 92
73 118
73 130
73 134
73 136
73 146
74 5
74 22
74 34
74 46
74 47
74 48
74 67
74 122
74 138
74 149
75 26
75 60
75 61
75 124
76 0
76 21
76 29
76 36
76 50
76 52
76 59
76 64
76 66
76 67
76 77
76 81
76 86
76 102
76 112
76 131
76 141
76 145
76 147
77 21
77 29
77 48
77 50
77 52
77 59
77 64
77 66
77 67
77 76
77 81
77 86
77 102
77 109
77 123
77 141
77 145
78 17
78 18
78 36
78 51
78 53
78 58
78 112
78 119
78 135
79 0
79 14
79 27
79 30
79 39
79 66
79 68
79 70
79 85
79 97
79 100
79 101
79 102
79 108
79 113
79 115
79 117
79 126
79 128
80 9
80 13
80 24
80 25
80 32
80 39
80 43
80 44
80 55
80 57
80 65
80 71
80 85
80 96
80 103
80 117
80 120
80 126
80 129
80 139
81 0
81 16
81 21
81 36
81 50
81 51
81 52
81 59
81 64
81 66
81 76
81 77
81 99
81 110
81 112
81 131
81 132
81 141
81 145
81 147
82 3
82 20
82 35
82 62
82 95
82 119
82 142
82 144
83 4
83 7
83 11
83 49
83 93
83 104
83 105
83 106
83 111
83 116
83 121
83 143
83 148
84 2
84 10
84 16
84 17
84 18
84 19
84 36
84 51
84 53
84 58
84 73
84 90
84 92
84 99
84 110
84 112
84 118
84 125
85 13
85 27
85 30
85 39
85 43
85 44
85 55
85 68
85 71
85 79
85 80
85 98
85 100
85 115
85 117
85 124
85 126
85 128
85 133
85 139
86 21
86 29
86 34
86 38
86 48
86 50
86 59
86 64
86 66
86 67
86 76
86 77
86 102
86 109
86 123
86 127
86 149
87 1
87 6
87 8
87 9
87 13
87 23
87 27
87 40
87 41
87 43
87 45
87 65
87 88
87 94
87 107
87 129
87 137
88 1
88 6
88 8
88 9
88 13
88 23
88 27
88 28
88 40
88 41
88 43
88 45
88 65
88 87
88 94
88 107
88 129
88 137
89 24
89 25
89 32
89 57
89 96
89 103
89 114
90 2
90 8
90 10
90 12
90 16
90 33
90 36
90 41
90 51
90 53
90 63
90 84
90 92
90 99
90 110
90 112
90 113
90 118
90 125
90 131
90 132
91 20
91 31
91 47
91 54
91 56
91 62
91 95
91 140
91 142
91 144
91 145
92 2
92 10
92 15
92 18
92 19
92 28
92 37
92 53
92 58
92 69
92 72
92 73
92 84
92 90
92 118
92 125
92 134
92 136
92 146
93 4
93 5
93 34
93 38
93 49
93 83
93 106
93 109
93 116
93 123
93 127
93 149
94 1
94 6
94 8
94 9
94 10
94 13
94 23
94 27
94 28
94 40
94 41
94 43
94 45
94 65
94 87
94 88
94 107
94 125
94 129
94 137
95 3
95 20
95 35
95 52
95 62
95 64
95 82
95 91
95 119
95 140
95 141
95 142
95 144
95 145
95 147
96 13
96 24
96 25
96 40
96 43
96 55
96 57
96 65
96 80
96 89
96 114
96 137
97 0
97 12
97 14
97 29
97 30
97 38
97 50
97 66
97 68
97 70
97 79
97 101
97 102
97 108
97 113
97 115
97 128
97 132
98 39
98 44
98 71
98 85
98 100
98 115
98 117
98 124
98 133
98 139
99 0
99 2
99 12
99 16
99 33
99 36
99 51
99 53
99 59
99 63
99 81
99 84
99 90
99 110
99 112
99 113
99 118
99 125
99 131
99 132
99 141
100 30
100 39
100 44
100 71
100 79
100 85
100 98
100 115
100 117
100 124
100 126
100 133
100 139
101 0
101 12
101 14
101 29
101 30
101 38
101 50
101 59
101 63
101 66
101 68
101 70
101 79
101 97
101 102
101 108
101 113
101 115
101 128
101 132
102 0
102 12
102 14
102 21
102 29
102 38
102 50
102 59
102 66
102 68
102 70
102 76
102 77
102 79
102 86
102 97
102 101
102 108
102 113
102 132
103 25
103 32
103 44
103 55
103 57
103 71
103 80
103 89
103 114
103 120
103 133
103 139
104 4
104 7
104 11
104 61
104 83
104 105
104 111
104 121
104 143
104 148
105 4
105 7
105 11
105 83
105 104
105 111
105 121
105 143
105 148
106 4
106 5
106 34
106 49
106 83
106 93
106 109
106 116
106 121
106 123
106 127
106 149
107 6
107 8
107 9
107 13
107 23
107 27
107 30
107 33
107 39
107 41
107 43
107 45
107 63
107 65
107 68
107 87
107 88
107 94
107 113
107 117
107 126
107 128
107 129
108 14
108 26
108 29
108 38
108 60
108 66
108 68
108 70
108 79
108 97
108 101
108 102
108 109
108 115
108 123
108 127
109 5
109 21
109 29
109 34
109 38
109 48
109 49
109 77
109 86
109 93
109 106
109 108
109 116
109 123
109 127
109 149
110 2
110 10
110 12
110 16
110 33
110 36
110 51
110 53
110 63
110 81
110 84
110 90
110 99
110 112
110 113
110 118
110 125
110 131
110 132
111 4
111 7
111 11
111 26
111 49
111 60
111 61
111 83
111 104
111 105
111 116
111 121
111 143
111 148
112 2
112 16
112 17
112 36
112 51
112 52
112 53
112 59
112 76
112 78
112 81
112 84
112 90
112 99
112 110
112 118
112 131
112 132
112 141
112 147
113 0
113 8
113 10
113 12
113 14
113 27
113 30
113 33
113 41
113 50
113 63
113 66
113 68
113 79
113 90
113 97
113 99
113 101
113 102
113 107
113 110
113 125
113 128
113 132
114 24
114 25
114 32
114 57
114 89
114 96
114 103
114 120
115 14
115 27
115 30
115 39
115 68
115 70
115 79
115 85
115 97
115 98
115 100
115 101
115 108
115 117
115 126
115 128
116 4
116 5
116 34
116 49
116 83
116 93
116 106
116 109
116 111
116 121
116 123
116 127
117 9
117 13
117 27
117 30
117 39
117 43
117 44
117 68
117 71
117 79
117 80
117 85
117 98
117 100
117 107
117 115
117 126
117 128
118 2
118 10
118 16
118 17
118 18
118 19
118 36
118 37
118 51
118 53
118 58
118 73
118 84
118 90
118 92
118 99
118 110
118 112
118 125
119 3
119 20
119 35
119 52
119 62
119 78
119 82
119 95
119 135
119 141
119 142
119 144
119 145
119 147
120 25
120 32
120 44
120 55
120 57
120 71
120 80
120 103
120 114
120 133
120 139
121 4
121 7
121 11
121 49
121 60
121 61
121 83
121 104
121 105
121 106
121 111
121 116
121 143
121 148
122 5
122 22
122 46
122 47
122 48
122 67
122 74
122 138
122 149
123 5
123 29
123 34
123 38
123 49
123 77
123 86
123 93
123 106
123 108
123 109
123 116
123 127
123 149
124 26
124 75
124 85
124 98
124 100
124 133
124 139
125 2
125 8
125 10
125 12
125 16
125 23
125 28
125 33
125 37
125 41
125 63
125 84
125 90
125 92
125 94
125 99
125 110
125 113
125 118
125 132
126 6
126 9
126 13
126 23
126 27
126 30
126 39
126 43
126 44
126 55
126 65
126 68
126 71
126 79
126 80
126 85
126 100
126 107
126 115
126 117
126 128
126 129
127 29
127 34
127 38
127 49
127 86
127 93
127 106
127 108
127 109
127 116
127 123
127 149
128 0
128 9
128 12
128 14
128 23
128 27
128 30
128 33
128 39
128 41
128 63
128 68
128 70
128 79
128 85
128 97
128 101
128 107
128 113
128 115
128 117
128 126
129 1
129 6
129 9
129 13
129 23
129 24
129 27
129 40
129 41
129 43
129 45
129 65
129 80
129 87
129 88
129 94
129 107
129 126
129 137
130 15
130 37
130 42
130 69
130 72
130 73
130 134
130 136
130 146
131 0
131 2
131 12
131 16
131 36
131 50
131 51
131 52
131 59
131 63
131 66
131 76
131 81
131 90
131 99
131 110
131 112
131 132
131 141
131 147
132 0
132 2
132 12
132 16
132 33
132 36
132 50
132 51
132 59
132 63
132 66
132 81
132 90
132 97
132 99
132 101
132 102
132 110
132 112
132 113
132 125
132 131
133 44
133 71
133 85
133 98
133 100
133 103
133 120
133 124
133 139
134 15
134 37
134 42
134 69
134 72
134 73
134 92
134 130
134 136
135 17
135 18
135 19
135 51
135 53
135 58
135 78
135 119
136 15
136 37
136 42
136 69
136 72
136 73
136 92
136 130
136 134
137 1
137 6
137 13
137 23
137 40
137 43
137 45
137 65
137 87
137 88
137 94
137 96
137 129
138 5
138 22
138 46
138 47
138 48
138 67
138 74
138 122
138 149
139 25
139 32
139 44
139 55
139 71
139 80
139 85
139 98
139 100
139 103
139 120
139 124
139 133
140 20
140 31
140 47
140 56
140 62
140 64
140 67
140 91
140 95
140 142
140 144
140 145
140 147
141 20
141 21
141 36
141 51
141 52
141 59
141 64
141 76
141 77
141 81
141 95
141 99
141 112
141 119
141 131
141 145
141 147
142 3
142 20
142 31
142 35
142 52
142 62
142 64
142 82
142 91
142 95
142 119
142 140
142 144
142 145
142 147
143 4
143 7
143 11
143 26
143 60
143 61
143 83
143 104
143 105
143 111
143 121
143 148
144 3
144 20
144 31
144 35
144 54
144 56
144 62
144 64
144 82
144 91
144 95
144 119
144 140
144 142
144 145
144 147
145 20
145 21
145 52
145 62
145 64
145 67
145 76
145 77
145 81
145 91
145 95
145 119
145 140
145 141
145 142
145 144
145 147
146 8
146 10
146 15
146 28
146 37
146 42
146 73
146 92
146 130
147 20
147 21
147 36
147 52
147 59
147 62
147 64
147 76
147 81
147 95
147 112
147 119
147 131
147 140
147 141
147 142
147 144
147 145
148 4
148 7
148 11
148 83
148 104
148 105
148 111
148 121
148 143
149 5
149 22
149 34
149 46
149 48
149 67
149 74
149 86
149 93
149 106
149 109
149 122
149 123
149 127
149 138
