4
2 1
160
0 50.000000 50.000000 20 99999999 4
1 88.272908 78.683878 20 131 5
2 61.706525 19.147246 20 107 1
3 11.739018 51.992793 20 108 2
4 72.614009 34.173290 20 146 3
5 10.967197 12.754915 20 147 2
6 41.730443 51.366701 20 128 5
7 44.703286 74.150361 20 126 3
8 46.380693 97.877145 20 123 4
9 93.281628 13.612736 20 138 4
10 11.295642 86.178613 20 132 4
11 31.941602 11.591506 20 131 1
12 71.724012 60.291799 20 110 5
13 51.203943 98.866684 20 106 4
14 33.770558 41.089906 20 113 2
15 92.973946 39.493141 20 113 5
16 72.504248 83.917313 20 145 2
17 50.551375 2.864757 20 138 4
18 65.139387 86.549942 20 101 3
19 23.722847 61.178656 20 123 4
20 22.981198 32.849868 20 136 5
21 99.030702 84.906830 20 120 2
22 44.632136 5.598715 20 108 2
23 79.532150 87.671958 20 109 2
24 57.656399 18.486742 20 114 5
25 1.163141 61.980101 20 145 1
26 9.219360 44.068053 20 103 3
27 58.101701 68.611506 20 120 1
28 50.053665 91.941426 20 131 3
29 26.307346 97.122374 20 109 1
30 68.168956 37.055683 20 117 2
31 25.362268 14.180036 20 115 2
32 57.398433 13.440240 20 130 5
33 27.109758 76.472511 20 121 5
34 4.362176 59.484092 20 118 3
35 50.650774 46.358099 20 130 4
36 73.061988 67.467939 20 131 1
37 97.769195 54.082484 20 135 4
38 33.610035 19.552266 20 127 4
39 4.955830 1.960648 20 126 5
40 4.620270 31.154458 20 141 2
41 64.727542 28.823977 20 130 5
42 42.142255 96.264720 20 132 5
43 93.352679 11.541860 20 114 3
44 9.046135 68.255253 20 114 2
45 99.225734 15.660429 20 129 5
46 53.953984 19.729975 20 102 4
47 15.390184 12.422942 20 122 5
48 50.634198 83.065102 20 108 4
49 38.054221 71.210464 20 104 5
50 52.348470 57.804258 20 131 2
51 92.000110 88.780913 20 116 2
52 71.714188 76.790917 20 102 4
53 75.687522 48.912999 20 118 3
54 62.655566 34.069603 20 130 5
55 3.486261 23.600709 20 107 5
56 3.060650 76.505980 20 143 3
57 25.156141 95.338048 20 132 3
58 69.984732 0.902150 20 142 2
59 95.426892 15.171092 20 146 4
60 49.154916 69.019956 20 117 4
61 7.812368 35.810764 20 119 5
62 56.912131 13.158893 20 123 4
63 73.201254 69.410117 20 147 4
64 5.043477 87.924432 20 135 2
65 30.636115 97.931051 20 125 1
66 25.783309 57.351666 20 121 2
67 26.079042 20.211575 20 116 5
68 75.555375 93.855994 20 133 1
69 33.627689 51.853618 20 148 2
70 85.543643 21.767462 20 148 5
71 3.929110 30.198363 20 113 3
72 84.173219 54.082093 20 146 2
73 27.816523 98.058285 20 121 3
74 16.378684 3.897046 20 139 5
75 63.747101 20.890244 20 145 2
76 34.459523 25.645071 20 133 3
77 71.337144 16.871353 20 112 2
78 7.602590 27.788187 20 108 1
79 82.247019 36.156706 20 116 2
80 89.117252 18.876839 20 144 5
81 82.305143 93.231282 20 109 1
82 8.985320 56.243097 20 123 3
83 85.600131 78.798731 20 117 1
84 32.871020 27.949154 20 122 2
85 4.863014 78.802032 20 121 4
86 47.993310 23.248131 20 140 2
87 67.920679 34.335840 20 149 3
88 8.557989 94.694835 20 139 4
89 55.887528 40.499352 20 142 1
90 17.816024 6.582028 20 148 1
91 73.244745 1.636049 20 108 3
92 33.372108 73.173758 20 144 5
93 39.186904 30.838775 20 136 4
94 32.571208 24.724386 20 126 4
95 51.206435 3.558027 20 144 4
96 91.505063 3.698736 20 132 1
97 33.583561 74.794114 20 111 4
98 24.227055 21.463226 20 100 5
99 56.044351 27.826698 20 135 3
100 15.144693 9.206438 20 140 3
101 60.714777 29.170715 20 147 3
102 93.503063 52.111091 20 129 2
103 68.130692 69.503008 20 131 1
104 33.553343 93.860823 20 134 4
105 20.166281 81.739488 20 134 5
106 36.462828 72.389564 20 112 2
107 31.145140 39.162608 20 121 4
108 14.421699 49.724668 20 149 1
109 83.393201 98.582133 20 101 3
110 40.058249 69.259171 20 0 3
111 55.774185 87.371798 20 0 1
112 67.408992 25.354640 20 0 2
113 51.689786 42.840396 20 0 3
114 37.905426 78.997795 20 0 5
115 82.903699 5.767177 20 0 5
116 77.906934 90.494070 20 0 1
117 81.700714 40.685527 20 0 2
118 87.125506 92.184275 20 0 2
119 18.759547 95.862416 20 0 1
120 10.854579 84.168124 20 0 1
121 85.707388 26.857741 20 0 1
122 25.777456 84.021849 20 0 3
123 76.466824 22.685091 20 0 2
124 75.308411 24.914828 20 0 2
125 82.885094 21.138299 20 0 5
126 73.954553 52.437435 20 0 1
127 50.600408 64.932069 20 0 4
128 81.153928 62.208643 20 0 3
129 51.017350 40.459003 20 0 4
130 44.541339 82.728401 20 0 3
131 39.407456 36.105408 20 0 5
132 0.907496 14.387085 20 0 5
133 97.710294 61.498738 20 0 4
134 3.636285 6.335922 20 0 5
135 82.144365 38.580493 20 0 4
136 8.705487 40.396305 20 0 4
137 10.506508 57.397451 20 0 3
138 24.048692 12.261194 20 0 4
139 51.356649 12.642519 20 0 1
140 15.655129 3.586818 20 0 5
141 32.059523 68.751357 20 0 3
142 34.025743 54.438222 20 0 2
143 87.976175 85.435637 20 0 3
144 30.540512 87.198547 20 0 5
145 82.326775 90.563590 20 0 2
146 17.254701 39.070764 20 0 3
147 93.712838 58.020997 20 0 4
148 84.406652 74.593849 20 0 4
149 86.101503 76.152400 20 0 4
150 91.360476 53.419253 20 0 1
151 90.364228 67.574716 20 0 2
152 53.243856 11.187135 20 0 4
153 64.940400 74.695704 20 0 1
154 49.168314 80.204724 20 0 5
155 9.846957 83.359898 20 0 2
156 32.385724 82.349639 20 0 2
157 63.415480 36.206576 20 0 3
158 63.683158 80.414612 20 0 5
159 31.094982 37.627799 20 0 2
8510
0 2
0 3
0 4
0 6
0 7
0 12
0 14
0 18
0 19
0 20
0 24
0 27
0 30
0 32
0 33
0 35
0 36
0 38
0 41
0 46
0 48
0 49
0 50
0 52
0 53
0 54
0 60
0 62
0 63
0 66
0 67
0 69
0 72
0 75
0 76
0 77
0 79
0 84
0 86
0 87
0 89
0 92
0 93
0 94
0 97
0 98
0 99
0 101
0 103
0 106
0 107
0 108
0 110
0 111
0 112
0 113
0 114
0 117
0 123
0 124
0 126
0 127
0 128
0 129
0 130
0 131
0 135
0 139
0 141
0 142
0 146
0 152
0 153
0 154
0 156
0 157
0 158
0 159
1 12
1 15
1 16
1 18
1 21
1 23
1 27
1 36
1 37
1 48
1 51
1 52
1 53
1 63
1 68
1 72
1 81
1 83
1 102
1 103
1 109
1 111
1 116
1 117
1 118
1 126
1 128
1 133
1 143
1 145
1 147
1 148
1 149
1 150
1 151
1 153
1 154
1 158
2 0
2 4
2 6
2 9
2 11
2 14
2 15
2 17
2 22
2 24
2 30
2 31
2 32
2 35
2 38
2 41
2 43
2 45
2 46
2 50
2 53
2 54
2 58
2 59
2 62
2 67
2 70
2 75
2 76
2 77
2 79
2 80
2 84
2 86
2 87
2 89
2 91
2 93
2 94
2 95
2 96
2 98
2 99
2 101
2 107
2 112
2 113
2 115
2 117
2 121
2 123
2 124
2 125
2 126
2 129
2 131
2 135
2 138
2 139
2 152
2 157
2 159
3 0
3 5
3 6
3 7
3 10
3 14
3 19
3 20
3 25
3 26
3 33
3 34
3 35
3 38
3 40
3 44
3 47
3 49
3 55
3 56
3 61
3 64
3 66
3 67
3 69
3 71
3 76
3 78
3 82
3 84
3 85
3 92
3 93
3 94
3 97
3 98
3 105
3 106
3 107
3 108
3 110
3 114
3 120
3 122
3 131
3 132
3 136
3 137
3 141
3 142
3 144
3 146
3 155
3 156
3 159
4 0
4 2
4 6
4 9
4 12
4 14
4 15
4 17
4 22
4 24
4 27
4 30
4 32
4 35
4 36
4 37
4 41
4 43
4 45
4 46
4 50
4 53
4 54
4 58
4 59
4 62
4 63
4 70
4 72
4 75
4 76
4 77
4 79
4 80
4 86
4 87
4 89
4 91
4 93
4 95
4 96
4 99
4 101
4 102
4 103
4 112
4 113
4 115
4 117
4 121
4 123
4 124
4 125
4 126
4 127
4 128
4 129
4 131
4 133
4 135
4 139
4 147
4 150
4 151
4 152
4 157
5 3
5 11
5 14
5 20
5 22
5 26
5 31
5 38
5 39
5 40
5 47
5 55
5 61
5 67
5 71
5 74
5 76
5 78
5 84
5 86
5 90
5 93
5 94
5 98
5 100
5 107
5 108
5 131
5 132
5 134
5 136
5 138
5 140
5 146
5 159
6 0
6 2
6 3
6 4
6 7
6 12
6 14
6 19
6 20
6 24
6 26
6 27
6 30
6 33
6 34
6 35
6 36
6 38
6 41
6 44
6 46
6 48
6 49
6 50
6 52
6 53
6 54
6 60
6 61
6 63
6 66
6 67
6 69
6 75
6 76
6 82
6 84
6 86
6 87
6 89
6 92
6 93
6 94
6 97
6 98
6 99
6 101
6 103
6 105
6 106
6 107
6 108
6 110
6 111
6 112
6 113
6 114
6 122
6 126
6 127
6 129
6 130
6 131
6 136
6 137
6 139
6 141
6 142
6 144
6 146
6 153
6 154
6 156
6 157
6 158
6 159
7 0
7 3
7 6
7 8
7 10
7 12
7 13
7 14
7 16
7 18
7 19
7 23
7 27
7 28
7 29
7 33
7 35
7 36
7 42
7 44
7 48
7 49
7 50
7 52
7 53
7 57
7 60
7 63
7 65
7 66
7 68
7 69
7 73
7 82
7 89
7 92
7 97
7 103
7 104
7 105
7 106
7 107
7 108
7 110
7 111
7 113
7 114
7 116
7 119
7 120
7 122
7 126
7 127
7 128
7 129
7 130
7 131
7 137
7 141
7 142
7 144
7 148
7 153
7 154
7 155
7 156
7 158
7 159
8 7
8 10
8 13
8 16
8 18
8 23
8 27
8 28
8 29
8 33
8 42
8 48
8 49
8 52
8 57
8 60
8 63
8 65
8 68
8 73
8 81
8 88
8 92
8 97
8 103
8 104
8 105
8 106
8 109
8 110
8 111
8 114
8 116
8 119
8 120
8 122
8 127
8 130
8 141
8 144
8 145
8 153
8 154
8 155
8 156
8 158
9 2
9 4
9 15
9 24
9 30
9 32
9 41
9 43
9 45
9 46
9 53
9 54
9 58
9 59
9 62
9 70
9 75
9 77
9 79
9 80
9 87
9 91
9 96
9 99
9 101
9 102
9 112
9 115
9 117
9 121
9 123
9 124
9 125
9 135
9 150
9 157
10 3
10 7
10 8
10 19
10 25
10 28
10 29
10 33
10 34
10 42
10 44
10 48
10 49
10 56
10 57
10 64
10 65
10 66
10 73
10 82
10 85
10 88
10 92
10 97
10 104
10 105
10 106
10 108
10 110
10 114
10 119
10 120
10 122
10 130
10 137
10 141
10 142
10 144
10 154
10 155
10 156
11 2
11 5
11 14
11 17
11 20
11 22
11 24
11 26
11 31
11 32
11 35
11 38
11 39
11 40
11 41
11 46
11 47
11 54
11 55
11 58
11 61
11 62
11 67
11 71
11 74
11 75
11 76
11 77
11 78
11 84
11 86
11 89
11 90
11 93
11 94
11 95
11 98
11 99
11 100
11 101
11 107
11 112
11 113
11 129
11 131
11 132
11 134
11 136
11 138
11 139
11 140
11 146
11 152
11 157
11 159
12 0
12 1
12 4
12 6
12 7
12 15
12 16
12 18
12 21
12 23
12 27
12 28
12 30
12 35
12 36
12 37
12 41
12 48
12 49
12 50
12 51
12 52
12 53
12 54
12 60
12 63
12 68
12 69
12 72
12 79
12 81
12 83
12 87
12 89
12 99
12 101
12 102
12 103
12 106
12 110
12 111
12 112
12 113
12 114
12 116
12 117
12 118
12 121
12 123
12 124
12 126
12 127
12 128
12 129
12 130
12 133
12 135
12 142
12 143
12 145
12 147
12 148
12 149
12 150
12 151
12 153
12 154
12 157
12 158
13 7
13 8
13 16
13 18
13 23
13 27
13 28
13 29
13 33
13 36
13 42
13 48
13 49
13 52
13 57
13 60
13 63
13 65
13 68
13 73
13 81
13 83
13 92
13 97
13 103
13 104
13 105
13 106
13 109
13 110
13 111
13 114
13 116
13 118
13 119
13 122
13 127
13 130
13 141
13 143
13 144
13 145
13 153
13 154
13 156
13 158
14 0
14 2
14 3
14 4
14 5
14 6
14 7
14 11
14 19
14 20
14 22
14 24
14 25
14 26
14 27
14 30
14 31
14 32
14 33
14 34
14 35
14 38
14 40
14 41
14 44
14 46
14 47
14 49
14 50
14 54
14 55
14 60
14 61
14 62
14 66
14 67
14 69
14 71
14 75
14 76
14 78
14 82
14 84
14 86
14 87
14 89
14 90
14 92
14 93
14 94
14 97
14 98
14 99
14 100
14 101
14 106
14 107
14 108
14 110
14 112
14 113
14 114
14 127
14 129
14 131
14 136
14 137
14 138
14 139
14 141
14 142
14 146
14 152
14 157
14 159
15 1
15 2
15 4
15 9
15 12
15 30
15 36
15 37
15 41
15 43
15 45
15 53
15 54
15 59
15 63
15 70
15 72
15 75
15 77
15 79
15 80
15 83
15 87
15 89
15 96
15 99
15 101
15 102
15 103
15 112
15 115
15 117
15 121
15 123
15 124
15 125
15 126
15 128
15 133
15 135
15 147
15 148
15 149
15 150
15 151
15 157
16 1
16 7
16 8
16 12
16 13
16 18
16 21
16 23
16 27
16 28
16 36
16 37
16 42
16 48
16 49
16 50
16 51
16 52
16 53
16 60
16 63
16 68
16 72
16 81
16 83
16 97
16 102
16 103
16 106
16 109
16 110
16 111
16 114
16 116
16 118
16 126
16 127
16 128
16 130
16 133
16 143
16 145
16 147
16 148
16 149
16 150
16 151
16 153
16 154
16 158
17 2
17 4
17 11
17 22
17 24
17 30
17 31
17 32
17 38
17 41
17 46
17 47
17 54
17 58
17 62
17 67
17 70
17 74
17 75
17 76
17 77
17 84
17 86
17 87
17 89
17 90
17 91
17 93
17 94
17 95
17 98
17 99
17 100
17 101
17 112
17 113
17 115
17 123
17 124
17 125
17 129
17 131
17 138
17 139
17 140
17 152
17 157
17 159
18 0
18 1
18 7
18 8
18 12
18 13
18 16
18 21
18 23
18 27
18 28
18 33
18 36
18 42
18 48
18 49
18 50
18 51
18 52
18 53
18 60
18 63
18 65
18 68
18 72
18 73
18 81
18 83
18 92
18 97
18 103
18 104
18 106
18 109
18 110
18 111
18 114
18 116
18 118
18 122
18 126
18 127
18 128
18 130
18 141
18 143
18 144
18 145
18 148
18 149
18 151
18 153
18 154
18 156
18 158
19 0
19 3
19 6
19 7
19 10
19 14
19 20
19 25
19 26
19 27
19 29
19 33
19 34
19 35
19 40
19 42
19 44
19 48
19 49
19 50
19 56
19 57
19 60
19 61
19 64
19 65
19 66
19 69
19 71
19 73
19 76
19 78
19 82
19 84
19 85
19 88
19 89
19 92
19 93
19 94
19 97
19 98
19 104
19 105
19 106
19 107
19 108
19 110
19 113
19 114
19 119
19 120
19 122
19 127
19 129
19 130
19 131
19 136
19 137
19 141
19 142
19 144
19 146
19 154
19 155
19 156
19 159
20 0
20 3
20 5
20 6
20 11
20 14
20 19
20 22
20 24
20 25
20 26
20 31
20 32
20 34
20 35
20 38
20 39
20 40
20 44
20 46
20 47
20 50
20 54
20 55
20 61
20 62
20 66
20 67
20 69
20 71
20 74
20 76
20 78
20 82
20 84
20 86
20 89
20 90
20 93
20 94
20 98
20 99
20 100
20 101
20 107
20 108
20 113
20 129
20 131
20 132
20 134
20 136
20 137
20 138
20 139
20 140
20 141
20 142
20 146
20 152
20 159
21 1
21 12
21 16
21 18
21 23
21 36
21 37
21 51
21 52
21 63
21 68
21 72
21 81
21 83
21 102
21 103
21 109
21 116
21 118
21 128
21 133
21 143
21 145
21 147
21 148
21 149
21 150
21 151
21 153
21 158
22 2
22 4
22 5
22 11
22 14
22 17
22 20
22 24
22 30
22 31
22 32
22 38
22 39
22 41
22 46
22 47
22 54
22 58
22 62
22 67
22 74
22 75
22 76
22 77
22 84
22 86
22 87
22 89
22 90
22 91
22 93
22 94
22 95
22 98
22 99
22 100
22 101
22 107
22 112
22 113
22 115
22 123
22 124
22 129
22 131
22 138
22 139
22 140
22 152
22 157
22 159
23 1
23 7
23 8
23 12
23 13
23 16
23 18
23 21
23 27
23 28
23 36
23 37
23 42
23 48
23 51
23 52
23 53
23 60
23 63
23 68
23 72
23 81
23 83
23 102
23 103
23 109
23 111
23 116
23 118
23 126
23 127
23 128
23 130
23 133
23 143
23 145
23 147
23 148
23 149
23 150
23 151
23 153
23 154
23 158
24 0
24 2
24 4
24 6
24 9
24 11
24 14
24 17
24 20
24 22
24 30
24 31
24 32
24 35
24 38
24 41
24 43
24 46
24 50
24 53
24 54
24 58
24 59
24 62
24 67
24 70
24 75
24 76
24 77
24 79
24 80
24 84
24 86
24 87
24 89
24 91
24 93
24 94
24 95
24 96
24 98
24 99
24 101
24 107
24 112
24 113
24 115
24 117
24 121
24 123
24 124
24 125
24 126
24 129
24 131
24 135
24 138
24 139
24 152
24 157
24 159
25 3
25 10
25 14
25 19
25 20
25 26
25 33
25 34
25 40
25 44
25 49
25 55
25 56
25 61
25 64
25 66
25 69
25 71
25 78
25 82
25 85
25 88
25 92
25 97
25 105
25 106
25 107
25 108
25 110
25 119
25 120
25 122
25 136
25 137
25 141
25 142
25 144
25 146
25 155
25 156
25 159
26 3
26 5
26 6
26 11
26 14
26 19
26 20
26 25
26 31
26 33
26 34
26 38
26 40
26 44
26 47
26 49
26 55
26 56
26 61
26 66
26 67
26 69
26 71
26 76
26 78
26 82
26 84
26 85
26 90
26 92
26 93
26 94
26 97
26 98
26 100
26 105
26 106
26 107
26 108
26 110
26 131
26 132
26 134
26 136
26 137
26 138
26 141
26 142
26 146
26 155
26 159
27 0
27 1
27 4
27 6
27 7
27 8
27 12
27 13
27 14
27 16
27 18
27 19
27 23
27 28
27 30
27 33
27 35
27 36
27 42
27 48
27 49
27 50
27 51
27 52
27 53
27 54
27 60
27 63
27 66
27 68
27 69
27 72
27 81
27 83
27 87
27 89
27 92
27 97
27 101
27 102
27 103
27 104
27 106
27 107
27 109
27 110
27 111
27 113
27 114
27 116
27 117
27 118
27 122
27 126
27 127
27 128
27 129
27 130
27 131
27 135
27 141
27 142
27 143
27 144
27 145
27 147
27 148
27 149
27 150
27 151
27 153
27 154
27 156
27 157
27 158
28 7
28 8
28 10
28 12
28 13
28 16
28 18
28 23
28 27
28 29
28 33
28 36
28 42
28 48
28 49
28 50
28 52
28 57
28 60
28 63
28 65
28 68
28 73
28 81
28 83
28 92
28 97
28 103
28 104
28 105
28 106
28 109
28 110
28 111
28 114
28 116
28 118
28 119
28 120
28 122
28 127
28 130
28 141
28 143
28 144
28 145
28 148
28 149
28 153
28 154
28 156
28 158
29 7
29 8
29 10
29 13
29 19
29 28
29 33
29 42
29 44
29 48
29 49
29 56
29 57
29 60
29 64
29 65
29 66
29 73
29 85
29 88
29 92
29 97
29 104
29 105
29 106
29 110
29 111
29 114
29 119
29 120
29 122
29 130
29 141
29 144
29 154
29 155
29 156
30 0
30 2
30 4
30 6
30 9
30 12
30 14
30 15
30 17
30 22
30 24
30 27
30 32
30 35
30 36
30 37
30 38
30 41
30 43
30 45
30 46
30 50
30 52
30 53
30 54
30 58
30 59
30 60
30 62
30 63
30 69
30 70
30 72
30 75
30 76
30 77
30 79
30 80
30 84
30 86
30 87
30 89
30 91
30 93
30 94
30 95
30 99
30 101
30 102
30 103
30 107
30 112
30 113
30 115
30 117
30 121
30 123
30 124
30 125
30 126
30 127
30 128
30 129
30 131
30 133
30 135
30 139
30 142
30 147
30 150
30 151
30 152
30 153
30 157
30 159
31 2
31 5
31 11
31 14
31 17
31 20
31 22
31 24
31 26
31 32
31 38
31 39
31 40
31 46
31 47
31 55
31 61
31 62
31 67
31 69
31 71
31 74
31 75
31 76
31 78
31 84
31 86
31 90
31 93
31 94
31 95
31 98
31 99
31 100
31 101
31 107
31 108
31 113
31 129
31 131
31 132
31 134
31 136
31 138
31 139
31 140
31 146
31 152
31 159
32 0
32 2
32 4
32 9
32 11
32 14
32 17
32 20
32 22
32 24
32 30
32 31
32 35
32 38
32 41
32 43
32 46
32 53
32 54
32 58
32 59
32 62
32 67
32 70
32 75
32 76
32 77
32 79
32 80
32 84
32 86
32 87
32 89
32 91
32 93
32 94
32 95
32 96
32 98
32 99
32 101
32 107
32 112
32 113
32 115
32 117
32 121
32 123
32 124
32 125
32 129
32 131
32 135
32 138
32 139
32 152
32 157
32 159
33 0
33 3
33 6
33 7
33 8
33 10
33 13
33 14
33 18
33 19
33 25
33 26
33 27
33 28
33 29
33 34
33 35
33 42
33 44
33 48
33 49
33 50
33 56
33 57
33 60
33 64
33 65
33 66
33 69
33 73
33 82
33 85
33 88
33 92
33 97
33 104
33 105
33 106
33 107
33 108
33 110
33 111
33 114
33 119
33 120
33 122
33 127
33 130
33 137
33 141
33 142
33 144
33 146
33 153
33 154
33 155
33 156
33 158
33 159
34 3
34 6
34 10
34 14
34 19
34 20
34 25
34 26
34 33
34 40
34 44
34 49
34 55
34 56
34 61
34 64
34 66
34 69
34 71
34 78
34 82
34 85
34 88
34 92
34 97
34 105
34 106
34 107
34 108
34 110
34 114
34 119
34 120
34 122
34 136
34 137
34 141
34 142
34 144
34 146
34 155
34 156
34 159
35 0
35 2
35 3
35 4
35 6
35 7
35 11
35 12
35 14
35 19
35 20
35 24
35 27
35 30
35 32
35 33
35 36
35 38
35 41
35 46
35 48
35 49
35 50
35 52
35 53
35 54
35 60
35 62
35 63
35 66
35 67
35 69
35 72
35 75
35 76
35 77
35 79
35 84
35 86
35 87
35 89
35 92
35 93
35 94
35 97
35 98
35 99
35 101
35 103
35 106
35 107
35 108
35 110
35 112
35 113
35 114
35 117
35 123
35 124
35 126
35 127
35 128
35 129
35 130
35 131
35 135
35 139
35 141
35 142
35 146
35 152
35 153
35 154
35 157
35 158
35 159
36 0
36 1
36 4
36 6
36 7
36 12
36 13
36 15
36 16
36 18
36 21
36 23
36 27
36 28
36 30
36 35
36 37
36 41
36 48
36 49
36 50
36 51
36 52
36 53
36 54
36 60
36 63
36 68
36 72
36 79
36 81
36 83
36 87
36 89
36 102
36 103
36 106
36 109
36 110
36 111
36 113
36 114
36 116
36 117
36 118
36 126
36 127
36 128
36 129
36 130
36 133
36 135
36 143
36 145
36 147
36 148
36 149
36 150
36 151
36 153
36 154
36 157
36 158
37 1
37 4
37 12
37 15
37 16
37 21
37 23
37 30
37 36
37 45
37 51
37 52
37 53
37 59
37 63
37 70
37 72
37 79
37 80
37 83
37 87
37 102
37 103
37 117
37 118
37 121
37 123
37 124
37 125
37 126
37 128
37 133
37 135
37 143
37 145
37 147
37 148
37 149
37 150
37 151
37 153
37 157
38 0
38 2
38 3
38 5
38 6
38 11
38 14
38 17
38 20
38 22
38 24
38 26
38 30
38 31
38 32
38 35
38 39
38 40
38 41
38 46
38 47
38 54
38 55
38 61
38 62
38 66
38 67
38 69
38 71
38 74
38 75
38 76
38 77
38 78
38 84
38 86
38 87
38 89
38 90
38 93
38 94
38 95
38 98
38 99
38 100
38 101
38 107
38 108
38 112
38 113
38 129
38 131
38 132
38 134
38 136
38 138
38 139
38 140
38 142
38 146
38 152
38 157
38 159
39 5
39 11
39 20
39 22
39 31
39 38
39 40
39 47
39 55
39 61
39 67
39 71
39 74
39 76
39 78
39 84
39 90
39 94
39 98
39 100
39 132
39 134
39 136
39 138
39 140
39 146
40 3
40 5
40 11
40 14
40 19
40 20
40 25
40 26
40 31
40 34
40 38
40 39
40 44
40 47
40 55
40 61
40 66
40 67
40 69
40 71
40 74
40 76
40 78
40 82
40 84
40 90
40 93
40 94
40 98
40 100
40 107
40 108
40 131
40 132
40 134
40 136
40 137
40 138
40 140
40 142
40 146
40 159
41 0
41 2
41 4
41 6
41 9
41 11
41 12
41 14
41 15
41 17
41 22
41 24
41 30
41 32
41 35
41 36
41 38
41 43
41 45
41 46
41 50
41 53
41 54
41 58
41 59
41 62
41 67
41 69
41 70
41 72
41 75
41 76
41 77
41 79
41 80
41 84
41 86
41 87
41 89
41 91
41 93
41 94
41 95
41 96
41 99
41 101
41 102
41 107
41 112
41 113
41 115
41 117
41 121
41 123
41 124
41 125
41 126
41 127
41 128
41 129
41 131
41 135
41 139
41 142
41 150
41 152
41 157
41 159
42 7
42 8
42 10
42 13
42 16
42 18
42 19
42 23
42 27
42 28
42 29
42 33
42 48
42 49
42 50
42 52
42 57
42 60
42 64
42 65
42 68
42 73
42 88
42 92
42 97
42 103
42 104
42 105
42 106
42 110
42 111
42 114
42 116
42 119
42 120
42 122
42 127
42 130
42 141
42 144
42 153
42 154
42 155
42 156
42 158
43 2
43 4
43 9
43 15
43 24
43 30
43 32
43 41
43 45
43 54
43 58
43 59
43 62
43 70
43 75
43 77
43 79
43 80
43 87
43 91
43 96
43 101
43 112
43 115
43 117
43 121
43 123
43 124
43 125
43 135
43 157
44 3
44 6
44 7
44 10
44 14
44 19
44 20
44 25
44 26
44 29
44 33
44 34
44 40
44 49
44 56
44 57
44 61
44 64
44 65
44 66
44 69
44 71
44 73
44 82
44 85
44 88
44 92
44 97
44 104
44 105
44 106
44 107
44 108
44 110
44 114
44 119
44 120
44 122
44 130
44 136
44 137
44 141
44 142
44 144
44 146
44 155
44 156
44 159
45 2
45 4
45 9
45 15
45 30
45 37
45 41
45 43
45 58
45 59
45 70
45 75
45 77
45 79
45 80
45 87
45 91
45 96
45 102
45 112
45 115
45 117
45 121
45 123
45 124
45 125
45 135
45 150
46 0
46 2
46 4
46 6
46 9
46 11
46 14
46 17
46 20
46 22
46 24
46 30
46 31
46 32
46 35
46 38
46 41
46 47
46 50
46 53
46 54
46 58
46 62
46 67
46 69
46 70
46 75
46 76
46 77
46 79
46 80
46 84
46 86
46 87
46 89
46 90
46 91
46 93
46 94
46 95
46 98
46 99
46 101
46 107
46 112
46 113
46 115
46 117
46 121
46 123
46 124
46 125
46 126
46 129
46 131
46 135
46 138
46 139
46 152
46 157
46 159
47 3
47 5
47 11
47 14
47 17
47 20
47 22
47 26
47 31
47 38
47 39
47 40
47 46
47 55
47 61
47 67
47 71
47 74
47 76
47 78
47 84
47 86
47 90
47 93
47 94
47 95
47 98
47 100
47 107
47 108
47 131
47 132
47 134
47 136
47 138
47 139
47 140
47 146
47 152
47 159
48 0
48 1
48 6
48 7
48 8
48 10
48 12
48 13
48 16
48 18
48 19
48 23
48 27
48 28
48 29
48 33
48 35
48 36
48 42
48 49
48 50
48 52
48 57
48 60
48 63
48 65
48 66
48 68
48 69
48 73
48 81
48 83
48 92
48 97
48 103
48 104
48 105
48 106
48 109
48 110
48 111
48 114
48 116
48 118
48 119
48 120
48 122
48 126
48 127
48 128
48 130
48 141
48 142
48 143
48 144
48 145
48 148
48 149
48 153
48 154
48 156
48 158
49 0
49 3
49 6
49 7
49 8
49 10
49 12
49 13
49 14
49 16
49 18
49 19
49 25
49 26
49 27
49 28
49 29
49 33
49 34
49 35
49 36
49 42
49 44
49 48
49 50
49 52
49 56
49 57
49 60
49 63
49 64
49 65
49 66
49 69
49 73
49 82
49 85
49 88
49 89
49 92
49 97
49 103
49 104
49 105
49 106
49 107
49 108
49 110
49 111
49 113
49 114
49 119
49 120
49 122
49 127
49 129
49 130
49 131
49 137
49 141
49 142
49 144
49 146
49 153
49 154
49 155
49 156
49 158
49 159
50 0
50 2
50 4
50 6
50 7
50 12
50 14
50 16
50 18
50 19
50 20
50 24
50 27
50 28
50 30
50 33
50 35
50 36
50 41
50 42
50 46
50 48
50 49
50 52
50 53
50 54
50 60
50 63
50 66
50 69
50 72
50 75
50 76
50 79
50 83
50 84
50 86
50 87
50 89
50 92
50 93
50 94
50 97
50 99
50 101
50 103
50 106
50 107
50 108
50 110
50 111
50 112
50 113
50 114
50 117
50 122
50 126
50 127
50 128
50 129
50 130
50 131
50 135
50 141
50 142
50 144
50 146
50 148
50 149
50 150
50 151
50 153
50 154
50 156
50 157
50 158
50 159
51 1
51 12
51 16
51 18
51 21
51 23
51 27
51 36
51 37
51 52
51 63
51 68
51 72
51 81
51 83
51 102
51 103
51 109
51 111
51 116
51 118
51 128
51 133
51 143
51 145
51 147
51 148
51 149
51 150
51 151
51 153
51 158
52 0
52 1
52 6
52 7
52 8
52 12
52 13
52 16
52 18
52 21
52 23
52 27
52 28
52 30
52 35
52 36
52 37
52 42
52 48
52 49
52 50
52 51
52 53
52 60
52 63
52 68
52 72
52 81
52 83
52 89
52 92
52 97
52 102
52 103
52 106
52 109
52 110
52 111
52 113
52 114
52 116
52 117
52 118
52 126
52 127
52 128
52 130
52 133
52 135
52 143
52 145
52 147
52 148
52 149
52 150
52 151
52 153
52 154
52 156
52 158
53 0
53 1
53 2
53 4
53 6
53 7
53 9
53 12
53 15
53 16
53 18
53 23
53 24
53 27
53 30
53 32
53 35
53 36
53 37
53 41
53 46
53 50
53 52
53 54
53 59
53 60
53 63
53 70
53 72
53 75
53 77
53 79
53 80
53 83
53 86
53 87
53 89
53 99
53 101
53 102
53 103
53 112
53 113
53 117
53 121
53 123
53 124
53 125
53 126
53 127
53 128
53 129
53 131
53 133
53 135
53 143
53 147
53 148
53 149
53 150
53 151
53 153
53 157
53 158
54 0
54 2
54 4
54 6
54 9
54 11
54 12
54 14
54 15
54 17
54 20
54 22
54 24
54 27
54 30
54 32
54 35
54 36
54 38
54 41
54 43
54 46
54 50
54 53
54 58
54 59
54 60
54 62
54 63
54 67
54 69
54 70
54 72
54 75
54 76
54 77
54 79
54 80
54 84
54 86
54 87
54 89
54 91
54 93
54 94
54 95
54 99
54 101
54 102
54 103
54 107
54 112
54 113
54 115
54 117
54 121
54 123
54 124
54 125
54 126
54 127
54 128
54 129
54 131
54 135
54 139
54 142
54 147
54 150
54 152
54 157
54 159
55 3
55 5
55 11
55 14
55 20
55 25
55 26
55 31
55 34
55 38
55 39
55 40
55 47
55 61
55 67
55 71
55 74
55 76
55 78
55 82
55 84
55 90
55 93
55 94
55 98
55 100
55 107
55 108
55 131
55 132
55 134
55 136
55 137
55 138
55 140
55 146
55 159
56 3
56 10
56 19
56 25
56 26
56 29
56 33
56 34
56 44
56 49
56 57
56 64
56 65
56 66
56 69
56 73
56 82
56 85
56 88
56 92
56 97
56 104
56 105
56 106
56 108
56 110
56 114
56 119
56 120
56 122
56 136
56 137
56 141
56 142
56 144
56 155
56 156
57 7
57 8
57 10
57 13
57 19
57 28
57 29
57 33
57 42
57 44
57 48
57 49
57 56
57 60
57 64
57 65
57 66
57 73
57 85
57 88
57 92
57 97
57 104
57 105
57 106
57 110
57 111
57 114
57 119
57 120
57 122
57 127
57 130
57 141
57 144
57 154
57 155
57 156
58 2
58 4
58 9
58 11
58 17
58 22
58 24
58 30
58 32
58 41
58 43
58 45
58 46
58 54
58 59
58 62
58 70
58 75
58 77
58 79
58 80
58 86
58 87
58 91
58 95
58 96
58 99
58 101
58 112
58 115
58 121
58 123
58 124
58 125
58 135
58 139
58 152
58 157
59 2
59 4
59 9
59 15
59 24
59 30
59 32
59 37
59 41
59 43
59 45
59 53
59 54
59 58
59 62
59 70
59 75
59 77
59 79
59 80
59 87
59 91
59 96
59 101
59 102
59 112
59 115
59 117
59 121
59 123
59 124
59 125
59 135
59 150
59 157
60 0
60 6
60 7
60 8
60 12
60 13
60 14
60 16
60 18
60 19
60 23
60 27
60 28
60 29
60 30
60 33
60 35
60 36
60 42
60 48
60 49
60 50
60 52
60 53
60 54
60 57
60 63
60 65
60 66
60 68
60 69
60 72
60 73
60 83
60 87
60 89
60 92
60 93
60 97
60 103
60 104
60 105
60 106
60 107
60 108
60 110
60 111
60 113
60 114
60 116
60 122
60 126
60 127
60 128
60 129
60 130
60 131
60 141
60 142
60 144
60 145
60 148
60 149
60 153
60 154
60 156
60 157
60 158
60 159
61 3
61 5
61 6
61 11
61 14
61 19
61 20
61 25
61 26
61 31
61 34
61 38
61 39
61 40
61 44
61 47
61 55
61 66
61 67
61 69
61 71
61 74
61 76
61 78
61 82
61 84
61 90
61 93
61 94
61 98
61 100
61 107
61 108
61 131
61 132
61 134
61 136
61 137
61 138
61 140
61 142
61 146
61 159
62 0
62 2
62 4
62 9
62 11
62 14
62 17
62 20
62 22
62 24
62 30
62 31
62 32
62 35
62 38
62 41
62 43
62 46
62 54
62 58
62 59
62 67
62 70
62 75
62 76
62 77
62 79
62 80
62 84
62 86
62 87
62 89
62 90
62 91
62 93
62 94
62 95
62 96
62 98
62 99
62 101
62 107
62 112
62 113
62 115
62 117
62 121
62 123
62 124
62 125
62 129
62 131
62 135
62 138
62 139
62 152
62 157
62 159
63 0
63 1
63 4
63 6
63 7
63 8
63 12
63 13
63 15
63 16
63 18
63 21
63 23
63 27
63 28
63 30
63 35
63 36
63 37
63 48
63 49
63 50
63 51
63 52
63 53
63 54
63 60
63 68
63 72
63 79
63 81
63 83
63 87
63 89
63 97
63 102
63 103
63 106
63 109
63 110
63 111
63 113
63 114
63 116
63 117
63 118
63 126
63 127
63 128
63 129
63 130
63 133
63 135
63 143
63 145
63 147
63 148
63 149
63 150
63 151
63 153
63 154
63 157
63 158
64 3
64 10
64 19
64 25
64 29
64 33
64 34
64 42
64 44
64 49
64 56
64 57
64 65
64 66
64 73
64 82
64 85
64 88
64 92
64 97
64 104
64 105
64 106
64 108
64 110
64 114
64 119
64 120
64 122
64 130
64 137
64 141
64 144
64 155
64 156
65 7
65 8
65 10
65 13
65 18
65 19
65 28
65 29
65 33
65 42
65 44
65 48
65 49
65 56
65 57
65 60
65 64
65 73
65 85
65 88
65 92
65 97
65 104
65 105
65 106
65 110
65 111
65 114
65 119
65 120
65 122
65 127
65 130
65 141
65 144
65 154
65 155
65 156
65 158
66 0
66 3
66 6
66 7
66 10
66 14
66 19
66 20
66 25
66 26
66 27
66 29
66 33
66 34
66 35
66 38
66 40
66 44
66 48
66 49
66 50
66 56
66 57
66 60
66 61
66 64
66 67
66 69
66 71
66 76
66 78
66 82
66 84
66 85
66 89
66 92
66 93
66 94
66 97
66 98
66 104
66 105
66 106
66 107
66 108
66 110
66 113
66 114
66 119
66 120
66 122
66 127
66 129
66 130
66 131
66 136
66 137
66 141
66 142
66 144
66 146
66 154
66 155
66 156
66 159
67 0
67 2
67 3
67 5
67 6
67 11
67 14
67 17
67 20
67 22
67 24
67 26
67 31
67 32
67 35
67 38
67 39
67 40
67 41
67 46
67 47
67 54
67 55
67 61
67 62
67 66
67 69
67 71
67 74
67 75
67 76
67 78
67 82
67 84
67 86
67 89
67 90
67 93
67 94
67 95
67 98
67 99
67 100
67 101
67 107
67 108
67 113
67 129
67 131
67 132
67 134
67 136
67 138
67 139
67 140
67 142
67 146
67 152
67 159
68 1
68 7
68 8
68 12
68 13
68 16
68 18
68 21
68 23
68 27
68 28
68 36
68 42
68 48
68 51
68 52
68 60
68 63
68 81
68 83
68 103
68 109
68 111
68 116
68 118
68 127
68 128
68 130
68 133
68 143
68 145
68 148
68 149
68 151
68 153
68 154
68 158
69 0
69 3
69 6
69 7
69 12
69 14
69 19
69 20
69 25
69 26
69 27
69 30
69 31
69 33
69 34
69 35
69 38
69 40
69 41
69 44
69 46
69 48
69 49
69 50
69 54
69 56
69 60
69 61
69 66
69 67
69 71
69 76
69 78
69 82
69 84
69 85
69 86
69 87
69 89
69 92
69 93
69 94
69 97
69 98
69 99
69 101
69 103
69 105
69 106
69 107
69 108
69 110
69 113
69 114
69 120
69 122
69 127
69 129
69 130
69 131
69 136
69 137
69 141
69 142
69 144
69 146
69 153
69 154
69 155
69 156
69 157
69 159
70 2
70 4
70 9
70 15
70 17
70 24
70 30
70 32
70 37
70 41
70 43
70 45
70 46
70 53
70 54
70 58
70 59
70 62
70 72
70 75
70 77
70 79
70 80
70 86
70 87
70 89
70 91
70 95
70 96
70 99
70 101
70 102
70 112
70 113
70 115
70 117
70 121
70 123
70 124
70 125
70 126
70 129
70 135
70 139
70 147
70 150
70 152
70 157
71 3
71 5
71 11
71 14
71 19
71 20
71 25
71 26
71 31
71 34
71 38
71 39
71 40
71 44
71 47
71 55
71 61
71 66
71 67
71 69
71 74
71 76
71 78
71 82
71 84
71 90
71 93
71 94
71 98
71 100
71 107
71 108
71 131
71 132
71 134
71 136
71 137
71 138
71 140
71 142
71 146
71 159
72 0
72 1
72 4
72 12
72 15
72 16
72 18
72 21
72 23
72 27
72 30
72 35
72 36
72 37
72 41
72 50
72 51
72 52
72 53
72 54
72 60
72 63
72 70
72 75
72 77
72 79
72 80
72 81
72 83
72 87
72 89
72 99
72 101
72 102
72 103
72 112
72 113
72 116
72 117
72 118
72 121
72 123
72 124
72 125
72 126
72 127
72 128
72 129
72 133
72 135
72 143
72 145
72 147
72 148
72 149
72 150
72 151
72 153
72 157
72 158
73 7
73 8
73 10
73 13
73 18
73 19
73 28
73 29
73 33
73 42
73 44
73 48
73 49
73 56
73 57
73 60
73 64
73 65
73 85
73 88
73 92
73 97
73 104
73 105
73 106
73 110
73 111
73 114
73 119
73 120
73 122
73 130
73 141
73 144
73 154
73 155
73 156
73 158
74 5
74 11
74 17
74 20
74 22
74 31
74 38
74 39
74 40
74 47
74 55
74 61
74 67
74 71
74 76
74 78
74 84
74 86
74 90
74 93
74 94
74 95
74 98
74 100
74 107
74 131
74 132
74 134
74 136
74 138
74 139
74 140
74 146
74 152
74 159
75 0
75 2
75 4
75 6
75 9
75 11
75 14
75 15
75 17
75 22
75 24
75 30
75 31
75 32
75 35
75 38
75 41
75 43
75 45
75 46
75 50
75 53
75 54
75 58
75 59
75 62
75 67
75 70
75 72
75 76
75 77
75 79
75 80
75 84
75 86
75 87
75 89
75 91
75 93
75 94
75 95
75 96
75 98
75 99
75 101
75 107
75 112
75 113
75 115
75 117
75 121
75 123
75 124
75 125
75 126
75 129
75 131
75 135
75 139
75 152
75 157
75 159
76 0
76 2
76 3
76 4
76 5
76 6
76 11
76 14
76 17
76 19
76 20
76 22
76 24
76 26
76 30
76 31
76 32
76 35
76 38
76 39
76 40
76 41
76 46
76 47
76 50
76 54
76 55
76 61
76 62
76 66
76 67
76 69
76 71
76 74
76 75
76 77
76 78
76 82
76 84
76 86
76 87
76 89
76 90
76 93
76 94
76 95
76 98
76 99
76 100
76 101
76 107
76 108
76 112
76 113
76 129
76 131
76 132
76 134
76 136
76 137
76 138
76 139
76 140
76 142
76 146
76 152
76 157
76 159
77 0
77 2
77 4
77 9
77 11
77 15
77 17
77 22
77 24
77 30
77 32
77 35
77 38
77 41
77 43
77 45
77 46
77 53
77 54
77 58
77 59
77 62
77 70
77 72
77 75
77 76
77 79
77 80
77 86
77 87
77 89
77 91
77 93
77 94
77 95
77 96
77 99
77 101
77 112
77 113
77 115
77 117
77 121
77 123
77 124
77 125
77 126
77 129
77 131
77 135
77 139
77 152
77 157
78 3
78 5
78 11
78 14
78 19
78 20
78 25
78 26
78 31
78 34
78 38
78 39
78 40
78 47
78 55
78 61
78 66
78 67
78 69
78 71
78 74
78 76
78 82
78 84
78 90
78 93
78 94
78 98
78 100
78 107
78 108
78 131
78 132
78 134
78 136
78 137
78 138
78 140
78 142
78 146
78 159
79 0
79 2
79 4
79 9
79 12
79 15
79 24
79 30
79 32
79 35
79 36
79 37
79 41
79 43
79 45
79 46
79 50
79 53
79 54
79 58
79 59
79 62
79 63
79 70
79 72
79 75
79 77
79 80
79 86
79 87
79 89
79 91
79 96
79 99
79 101
79 102
79 103
79 112
79 113
79 115
79 117
79 121
79 123
79 124
79 125
79 126
79 128
79 129
79 133
79 135
79 139
79 147
79 148
79 150
79 151
79 152
79 157
80 2
80 4
80 9
80 15
80 24
80 30
80 32
80 37
80 41
80 43
80 45
80 46
80 53
80 54
80 58
80 59
80 62
80 70
80 72
80 75
80 77
80 79
80 87
80 89
80 91
80 96
80 99
80 101
80 102
80 112
80 115
80 117
80 121
80 123
80 124
80 125
80 126
80 135
80 139
80 147
80 150
80 152
80 157
81 1
81 8
81 12
81 13
81 16
81 18
81 21
81 23
81 27
81 28
81 36
81 48
81 51
81 52
81 63
81 68
81 72
81 83
81 103
81 109
81 111
81 116
81 118
81 128
81 130
81 133
81 143
81 145
81 147
81 148
81 149
81 151
81 153
81 154
81 158
82 3
82 6
82 7
82 10
82 14
82 19
82 20
82 25
82 26
82 33
82 34
82 40
82 44
82 49
82 55
82 56
82 61
82 64
82 66
82 67
82 69
82 71
82 76
82 78
82 84
82 85
82 88
82 92
82 93
82 94
82 97
82 98
82 105
82 106
82 107
82 108
82 110
82 114
82 120
82 122
82 131
82 136
82 137
82 141
82 142
82 144
82 146
82 155
82 156
82 159
83 1
83 12
83 13
83 15
83 16
83 18
83 21
83 23
83 27
83 28
83 36
83 37
83 48
83 50
83 51
83 52
83 53
83 60
83 63
83 68
83 72
83 81
83 102
83 103
83 109
83 111
83 116
83 117
83 118
83 126
83 127
83 128
83 133
83 143
83 145
83 147
83 148
83 149
83 150
83 151
83 153
83 154
83 158
84 0
84 2
84 3
84 5
84 6
84 11
84 14
84 17
84 19
84 20
84 22
84 24
84 26
84 30
84 31
84 32
84 35
84 38
84 39
84 40
84 41
84 46
84 47
84 50
84 54
84 55
84 61
84 62
84 66
84 67
84 69
84 71
84 74
84 75
84 76
84 78
84 82
84 86
84 87
84 89
84 90
84 93
84 94
84 95
84 98
84 99
84 100
84 101
84 107
84 108
84 112
84 113
84 129
84 131
84 132
84 134
84 136
84 137
84 138
84 139
84 140
84 142
84 146
84 152
84 157
84 159
85 3
85 10
85 19
85 25
85 26
85 29
85 33
85 34
85 44
85 49
85 56
85 57
85 64
85 65
85 66
85 69
85 73
85 82
85 88
85 92
85 97
85 104
85 105
85 106
85 108
85 110
85 114
85 119
85 120
85 122
85 130
85 136
85 137
85 141
85 142
85 144
85 155
85 156
86 0
86 2
86 4
86 5
86 6
86 11
86 14
86 17
86 20
86 22
86 24
86 30
86 31
86 32
86 35
86 38
86 41
86 46
86 47
86 50
86 53
86 54
86 58
86 62
86 67
86 69
86 70
86 74
86 75
86 76
86 77
86 79
86 84
86 87
86 89
86 90
86 91
86 93
86 94
86 95
86 98
86 99
86 100
86 101
86 107
86 112
86 113
86 115
86 117
86 121
86 123
86 124
86 125
86 126
86 129
86 131
86 135
86 138
86 139
86 140
86 142
86 146
86 152
86 157
86 159
87 0
87 2
87 4
87 6
87 9
87 12
87 14
87 15
87 17
87 22
87 24
87 27
87 30
87 32
87 35
87 36
87 37
87 38
87 41
87 43
87 45
87 46
87 50
87 53
87 54
87 58
87 59
87 60
87 62
87 63
87 69
87 70
87 72
87 75
87 76
87 77
87 79
87 80
87 84
87 86
87 89
87 91
87 93
87 94
87 95
87 96
87 99
87 101
87 102
87 103
87 107
87 112
87 113
87 115
87 117
87 121
87 123
87 124
87 125
87 126
87 127
87 128
87 129
87 131
87 135
87 139
87 142
87 147
87 150
87 152
87 157
87 159
88 8
88 10
88 19
88 25
88 29
88 33
88 34
88 42
88 44
88 49
88 56
88 57
88 64
88 65
88 73
88 82
88 85
88 92
88 97
88 104
88 105
88 106
88 114
88 119
88 120
88 122
88 130
88 137
88 141
88 144
88 155
88 156
89 0
89 2
89 4
89 6
89 7
89 11
89 12
89 14
89 15
89 17
89 19
89 20
89 22
89 24
89 27
89 30
89 32
89 35
89 36
89 38
89 41
89 46
89 49
89 50
89 52
89 53
89 54
89 60
89 62
89 63
89 66
89 67
89 69
89 70
89 72
89 75
89 76
89 77
89 79
89 80
89 84
89 86
89 87
89 92
89 93
89 94
89 95
89 98
89 99
89 101
89 102
89 103
89 106
89 107
89 110
89 112
89 113
89 117
89 121
89 123
89 124
89 125
89 126
89 127
89 128
89 129
89 131
89 135
89 139
89 141
89 142
89 146
89 150
89 152
89 153
89 157
89 159
90 5
90 11
90 14
90 17
90 20
90 22
90 26
90 31
90 38
90 39
90 40
90 46
90 47
90 55
90 61
90 62
90 67
90 71
90 74
90 76
90 78
90 84
90 86
90 93
90 94
90 95
90 98
90 100
90 107
90 131
90 132
90 134
90 136
90 138
90 139
90 140
90 146
90 152
90 159
91 2
91 4
91 9
91 17
91 22
91 24
91 30
91 32
91 41
91 43
91 45
91 46
91 54
91 58
91 59
91 62
91 70
91 75
91 77
91 79
91 80
91 86
91 87
91 95
91 96
91 99
91 101
91 112
91 115
91 117
91 121
91 123
91 124
91 125
91 135
91 139
91 152
91 157
92 0
92 3
92 6
92 7
92 8
92 10
92 13
92 14
92 18
92 19
92 25
92 26
92 27
92 28
92 29
92 33
92 34
92 35
92 42
92 44
92 48
92 49
92 50
92 52
92 56
92 57
92 60
92 64
92 65
92 66
92 69
92 73
92 82
92 85
92 88
92 89
92 97
92 103
92 104
92 105
92 106
92 107
92 108
92 110
92 111
92 113
92 114
92 119
92 120
92 122
92 127
92 129
92 130
92 131
92 137
92 141
92 142
92 144
92 146
92 153
92 154
92 155
92 156
92 158
92 159
93 0
93 2
93 3
93 4
93 5
93 6
93 11
93 14
93 17
93 19
93 20
93 22
93 24
93 26
93 30
93 31
93 32
93 35
93 38
93 40
93 41
93 46
93 47
93 50
93 54
93 55
93 60
93 61
93 62
93 66
93 67
93 69
93 71
93 74
93 75
93 76
93 77
93 78
93 82
93 84
93 86
93 87
93 89
93 90
93 94
93 95
93 98
93 99
93 100
93 101
93 107
93 108
93 110
93 112
93 113
93 123
93 124
93 127
93 129
93 131
93 136
93 137
93 138
93 139
93 140
93 141
93 142
93 146
93 152
93 157
93 159
94 0
94 2
94 3
94 5
94 6
94 11
94 14
94 17
94 19
94 20
94 22
94 24
94 26
94 30
94 31
94 32
94 35
94 38
94 39
94 40
94 41
94 46
94 47
94 50
94 54
94 55
94 61
94 62
94 66
94 67
94 69
94 71
94 74
94 75
94 76
94 77
94 78
94 82
94 84
94 86
94 87
94 89
94 90
94 93
94 95
94 98
94 99
94 100
94 101
94 107
94 108
94 112
94 113
94 129
94 131
94 132
94 134
94 136
94 137
94 138
94 139
94 140
94 142
94 146
94 152
94 157
94 159
95 2
95 4
95 11
95 17
95 22
95 24
95 30
95 31
95 32
95 38
95 41
95 46
95 47
95 54
95 58
95 62
95 67
95 70
95 74
95 75
95 76
95 77
95 84
95 86
95 87
95 89
95 90
95 91
95 93
95 94
95 98
95 99
95 100
95 101
95 112
95 113
95 115
95 123
95 124
95 125
95 129
95 131
95 138
95 139
95 140
95 152
95 157
95 159
96 2
96 4
96 9
96 15
96 24
96 32
96 41
96 43
96 45
96 58
96 59
96 62
96 70
96 75
96 77
96 79
96 80
96 87
96 91
96 101
96 112
96 115
96 117
96 121
96 123
96 124
96 125
96 135
96 152
97 0
97 3
97 6
97 7
97 8
97 10
97 13
97 14
97 16
97 18
97 19
97 25
97 26
97 27
97 28
97 29
97 33
97 34
97 35
97 42
97 44
97 48
97 49
97 50
97 52
97 56
97 57
97 60
97 63
97 64
97 65
97 66
97 69
97 73
97 82
97 85
97 88
97 92
97 103
97 104
97 105
97 106
97 107
97 108
97 110
97 111
97 113
97 114
97 119
97 120
97 122
97 127
97 129
97 130
97 131
97 137
97 141
97 142
97 144
97 146
97 153
97 154
97 155
97 156
97 158
97 159
98 0
98 2
98 3
98 5
98 6
98 11
98 14
98 17
98 19
98 20
98 22
98 24
98 26
98 31
98 32
98 35
98 38
98 39
98 40
98 46
98 47
98 55
98 61
98 62
98 66
98 67
98 69
98 71
98 74
98 75
98 76
98 78
98 82
98 84
98 86
98 89
98 90
98 93
98 94
98 95
98 99
98 100
98 101
98 107
98 108
98 113
98 129
98 131
98 132
98 134
98 136
98 137
98 138
98 139
98 140
98 142
98 146
98 152
98 159
99 0
99 2
99 4
99 6
99 9
99 11
99 12
99 14
99 15
99 17
99 20
99 22
99 24
99 30
99 31
99 32
99 35
99 38
99 41
99 46
99 50
99 53
99 54
99 58
99 62
99 67
99 69
99 70
99 72
99 75
99 76
99 77
99 79
99 80
99 84
99 86
99 87
99 89
99 91
99 93
99 94
99 95
99 98
99 101
99 107
99 112
99 113
99 115
99 117
99 121
99 123
99 124
99 125
99 126
99 127
99 129
99 131
99 135
99 138
99 139
99 142
99 152
99 157
99 159
100 5
100 11
100 14
100 17
100 20
100 22
100 26
100 31
100 38
100 39
100 40
100 47
100 55
100 61
100 67
100 71
100 74
100 76
100 78
100 84
100 86
100 90
100 93
100 94
100 95
100 98
100 107
100 131
100 132
100 134
100 136
100 138
100 139
100 140
100 146
100 152
100 159
101 0
101 2
101 4
101 6
101 9
101 11
101 12
101 14
101 15
101 17
101 20
101 22
101 24
101 27
101 30
101 31
101 32
101 35
101 38
101 41
101 43
101 46
101 50
101 53
101 54
101 58
101 59
101 62
101 67
101 69
101 70
101 72
101 75
101 76
101 77
101 79
101 80
101 84
101 86
101 87
101 89
101 91
101 93
101 94
101 95
101 96
101 98
101 99
101 107
101 112
101 113
101 115
101 117
101 121
101 123
101 124
101 125
101 126
101 127
101 128
101 129
101 131
101 135
101 139
101 142
101 150
101 152
101 157
101 159
102 1
102 4
102 9
102 12
102 15
102 16
102 21
102 23
102 27
102 30
102 36
102 37
102 41
102 45
102 51
102 52
102 53
102 54
102 59
102 63
102 70
102 72
102 79
102 80
102 83
102 87
102 89
102 103
102 112
102 117
102 121
102 123
102 124
102 125
102 126
102 128
102 133
102 135
102 143
102 147
102 148
102 149
102 150
102 151
102 153
102 157
103 0
103 1
103 4
103 6
103 7
103 8
103 12
103 13
103 15
103 16
103 18
103 21
103 23
103 27
103 28
103 30
103 35
103 36
103 37
103 42
103 48
103 49
103 50
103 51
103 52
103 53
103 54
103 60
103 63
103 68
103 69
103 72
103 79
103 81
103 83
103 87
103 89
103 92
103 97
103 102
103 106
103 109
103 110
103 111
103 113
103 114
103 116
103 117
103 118
103 126
103 127
103 128
103 129
103 130
103 133
103 135
103 141
103 142
103 143
103 145
103 147
103 148
103 149
103 150
103 151
103 153
103 154
103 156
103 157
103 158
104 7
104 8
104 10
104 13
104 18
104 19
104 27
104 28
104 29
104 33
104 42
104 44
104 48
104 49
104 56
104 57
104 60
104 64
104 65
104 66
104 73
104 85
104 88
104 92
104 97
104 105
104 106
104 110
104 111
104 114
104 119
104 120
104 122
104 127
104 130
104 141
104 142
104 144
104 153
104 154
104 155
104 156
104 158
105 3
105 6
105 7
105 8
105 10
105 13
105 19
105 25
105 26
105 28
105 29
105 33
105 34
105 42
105 44
105 48
105 49
105 56
105 57
105 60
105 64
105 65
105 66
105 69
105 73
105 82
105 85
105 88
105 92
105 97
105 104
105 106
105 108
105 110
105 111
105 114
105 119
105 120
105 122
105 127
105 130
105 137
105 141
105 142
105 144
105 154
105 155
105 156
106 0
106 3
106 6
106 7
106 8
106 10
106 12
106 13
106 14
106 16
106 18
106 19
106 25
106 26
106 27
106 28
106 29
106 33
106 34
106 35
106 36
106 42
106 44
106 48
106 49
106 50
106 52
106 56
106 57
106 60
106 63
106 64
106 65
106 66
106 69
106 73
106 82
106 85
106 88
106 89
106 92
106 97
106 103
106 104
106 105
106 107
106 108
106 110
106 111
106 113
106 114
106 119
106 120
106 122
106 127
106 129
106 130
106 131
106 137
106 141
106 142
106 144
106 146
106 153
106 154
106 155
106 156
106 158
106 159
107 0
107 2
107 3
107 5
107 6
107 7
107 11
107 14
107 19
107 20
107 22
107 24
107 25
107 26
107 27
107 30
107 31
107 32
107 33
107 34
107 35
107 38
107 40
107 41
107 44
107 46
107 47
107 49
107 50
107 54
107 55
107 60
107 61
107 62
107 66
107 67
107 69
107 71
107 74
107 75
107 76
107 78
107 82
107 84
107 86
107 87
107 89
107 90
107 92
107 93
107 94
107 97
107 98
107 99
107 100
107 101
107 106
107 108
107 110
107 112
107 113
107 127
107 129
107 131
107 132
107 136
107 137
107 138
107 139
107 140
107 141
107 142
107 146
107 152
107 157
107 159
108 0
108 3
108 5
108 6
108 7
108 10
108 14
108 19
108 20
108 25
108 26
108 31
108 33
108 34
108 35
108 38
108 40
108 44
108 47
108 49
108 50
108 55
108 56
108 60
108 61
108 64
108 66
108 67
108 69
108 71
108 76
108 78
108 82
108 84
108 85
108 92
108 93
108 94
108 97
108 98
108 105
108 106
108 107
108 110
108 113
108 114
108 120
108 122
108 127
108 129
108 131
108 132
108 136
108 137
108 138
108 141
108 142
108 146
108 155
108 156
108 159
109 1
109 8
109 13
109 16
109 18
109 21
109 23
109 27
109 28
109 36
109 48
109 51
109 52
109 63
109 68
109 81
109 83
109 103
109 111
109 116
109 118
109 128
109 133
109 143
109 145
109 148
109 149
109 151
109 153
109 154
109 158
110 0
110 3
110 6
110 7
110 8
110 10
110 12
110 13
110 14
110 16
110 18
110 19
110 25
110 26
110 27
110 28
110 29
110 33
110 34
110 35
110 36
110 42
110 44
110 48
110 49
110 50
110 52
110 56
110 57
110 60
110 63
110 64
110 65
110 66
110 69
110 73
110 82
110 85
110 89
110 92
110 93
110 97
110 103
110 104
110 105
110 106
110 107
110 108
110 111
110 113
110 114
110 119
110 120
110 122
110 126
110 127
110 129
110 130
110 131
110 137
110 141
110 142
110 144
110 146
110 153
110 154
110 155
110 156
110 158
110 159
111 0
111 1
111 6
111 7
111 8
111 12
111 13
111 16
111 18
111 23
111 27
111 28
111 29
111 33
111 36
111 42
111 48
111 49
111 50
111 51
111 52
111 57
111 60
111 63
111 65
111 68
111 73
111 81
111 83
111 92
111 97
111 103
111 104
111 105
111 106
111 109
111 110
111 114
111 116
111 118
111 119
111 122
111 126
111 127
111 128
111 130
111 141
111 142
111 143
111 144
111 145
111 148
111 149
111 151
111 153
111 154
111 156
111 158
112 0
112 2
112 4
112 6
112 9
112 11
112 12
112 14
112 15
112 17
112 22
112 24
112 30
112 32
112 35
112 38
112 41
112 43
112 45
112 46
112 50
112 53
112 54
112 58
112 59
112 62
112 70
112 72
112 75
112 76
112 77
112 79
112 80
112 84
112 86
112 87
112 89
112 91
112 93
112 94
112 95
112 96
112 99
112 101
112 102
112 107
112 113
112 115
112 117
112 121
112 123
112 124
112 125
112 126
112 128
112 129
112 131
112 135
112 139
112 150
112 152
112 157
112 159
113 0
113 2
113 4
113 6
113 7
113 11
113 12
113 14
113 17
113 19
113 20
113 22
113 24
113 27
113 30
113 31
113 32
113 35
113 36
113 38
113 41
113 46
113 49
113 50
113 52
113 53
113 54
113 60
113 62
113 63
113 66
113 67
113 69
113 70
113 72
113 75
113 76
113 77
113 79
113 84
113 86
113 87
113 89
113 92
113 93
113 94
113 95
113 97
113 98
113 99
113 101
113 103
113 106
113 107
113 108
113 110
113 112
113 114
113 117
113 121
113 123
113 124
113 125
113 126
113 127
113 128
113 129
113 131
113 135
113 139
113 141
113 142
113 146
113 152
113 153
113 154
113 157
113 158
113 159
114 0
114 3
114 6
114 7
114 8
114 10
114 12
114 13
114 14
114 16
114 18
114 19
114 27
114 28
114 29
114 33
114 34
114 35
114 36
114 42
114 44
114 48
114 49
114 50
114 52
114 56
114 57
114 60
114 63
114 64
114 65
114 66
114 69
114 73
114 82
114 85
114 88
114 92
114 97
114 103
114 104
114 105
114 106
114 108
114 110
114 111
114 113
114 119
114 120
114 122
114 127
114 130
114 137
114 141
114 142
114 144
114 153
114 154
114 155
114 156
114 158
115 2
115 4
115 9
115 15
115 17
115 22
115 24
115 30
115 32
115 41
115 43
115 45
115 46
115 54
115 58
115 59
115 62
115 70
115 75
115 77
115 79
115 80
115 86
115 87
115 91
115 95
115 96
115 99
115 101
115 112
115 117
115 121
115 123
115 124
115 125
115 135
115 139
115 152
115 157
116 1
116 7
116 8
116 12
116 13
116 16
116 18
116 21
116 23
116 27
116 28
116 36
116 42
116 48
116 51
116 52
116 60
116 63
116 68
116 72
116 81
116 83
116 103
116 109
116 111
116 118
116 126
116 127
116 128
116 130
116 133
116 143
116 145
116 147
116 148
116 149
116 150
116 151
116 153
116 154
116 158
117 0
117 1
117 2
117 4
117 9
117 12
117 15
117 24
117 27
117 30
117 32
117 35
117 36
117 37
117 41
117 43
117 45
117 46
117 50
117 52
117 53
117 54
117 59
117 62
117 63
117 70
117 72
117 75
117 77
117 79
117 80
117 83
117 86
117 87
117 89
117 91
117 96
117 99
117 101
117 102
117 103
117 112
117 113
117 115
117 121
117 123
117 124
117 125
117 126
117 127
117 128
117 129
117 133
117 135
117 147
117 148
117 149
117 150
117 151
117 153
117 157
118 1
118 12
118 13
118 16
118 18
118 21
118 23
118 27
118 28
118 36
118 37
118 48
118 51
118 52
118 63
118 68
118 72
118 81
118 83
118 103
118 109
118 111
118 116
118 128
118 133
118 143
118 145
118 147
118 148
118 149
118 150
118 151
118 153
118 154
118 158
119 7
119 8
119 10
119 13
119 19
119 25
119 28
119 29
119 33
119 34
119 42
119 44
119 48
119 49
119 56
119 57
119 64
119 65
119 66
119 73
119 85
119 88
119 92
119 97
119 104
119 105
119 106
119 110
119 111
119 114
119 120
119 122
119 130
119 137
119 141
119 144
119 154
119 155
119 156
120 3
120 7
120 8
120 10
120 19
120 25
120 28
120 29
120 33
120 34
120 42
120 44
120 48
120 49
120 56
120 57
120 64
120 65
120 66
120 69
120 73
120 82
120 85
120 88
120 92
120 97
120 104
120 105
120 106
120 108
120 110
120 114
120 119
120 122
120 130
120 137
120 141
120 142
120 144
120 154
120 155
120 156
121 2
121 4
121 9
121 12
121 15
121 24
121 30
121 32
121 37
121 41
121 43
121 45
121 46
121 53
121 54
121 58
121 59
121 62
121 70
121 72
121 75
121 77
121 79
121 80
121 86
121 87
121 89
121 91
121 96
121 99
121 101
121 102
121 112
121 113
121 115
121 117
121 123
121 124
121 125
121 126
121 128
121 129
121 133
121 135
121 139
121 147
121 150
121 152
121 157
122 3
122 6
122 7
122 8
122 10
122 13
122 18
122 19
122 25
122 27
122 28
122 29
122 33
122 34
122 42
122 44
122 48
122 49
122 50
122 56
122 57
122 60
122 64
122 65
122 66
122 69
122 73
122 82
122 85
122 88
122 92
122 97
122 104
122 105
122 106
122 108
122 110
122 111
122 114
122 119
122 120
122 127
122 130
122 137
122 141
122 142
122 144
122 154
122 155
122 156
122 158
123 0
123 2
123 4
123 9
123 12
123 15
123 17
123 22
123 24
123 30
123 32
123 35
123 37
123 41
123 43
123 45
123 46
123 53
123 54
123 58
123 59
123 62
123 70
123 72
123 75
123 77
123 79
123 80
123 86
123 87
123 89
123 91
123 93
123 95
123 96
123 99
123 101
123 102
123 112
123 113
123 115
123 117
123 121
123 124
123 125
123 126
123 128
123 129
123 131
123 135
123 139
123 147
123 150
123 152
123 157
124 0
124 2
124 4
124 9
124 12
124 15
124 17
124 22
124 24
124 30
124 32
124 35
124 37
124 41
124 43
124 45
124 46
124 53
124 54
124 58
124 59
124 62
124 70
124 72
124 75
124 77
124 79
124 80
124 86
124 87
124 89
124 91
124 93
124 95
124 96
124 99
124 101
124 102
124 112
124 113
124 115
124 117
124 121
124 123
124 125
124 126
124 128
124 129
124 131
124 135
124 139
124 147
124 150
124 152
124 157
125 2
125 4
125 9
125 15
125 17
125 24
125 30
125 32
125 37
125 41
125 43
125 45
125 46
125 53
125 54
125 58
125 59
125 62
125 70
125 72
125 75
125 77
125 79
125 80
125 86
125 87
125 89
125 91
125 95
125 96
125 99
125 101
125 102
125 112
125 113
125 115
125 117
125 121
125 123
125 124
125 126
125 129
125 135
125 139
125 147
125 150
125 152
125 157
126 0
126 1
126 2
126 4
126 6
126 7
126 12
126 15
126 16
126 18
126 23
126 24
126 27
126 30
126 35
126 36
126 37
126 41
126 46
126 48
126 50
126 52
126 53
126 54
126 60
126 63
126 70
126 72
126 75
126 77
126 79
126 80
126 83
126 86
126 87
126 89
126 99
126 101
126 102
126 103
126 110
126 111
126 112
126 113
126 116
126 117
126 121
126 123
126 124
126 125
126 127
126 128
126 129
126 131
126 133
126 135
126 142
126 143
126 145
126 147
126 148
126 149
126 150
126 151
126 153
126 154
126 157
126 158
127 0
127 4
127 6
127 7
127 8
127 12
127 13
127 14
127 16
127 18
127 19
127 23
127 27
127 28
127 30
127 33
127 35
127 36
127 41
127 42
127 48
127 49
127 50
127 52
127 53
127 54
127 57
127 60
127 63
127 65
127 66
127 68
127 69
127 72
127 83
127 87
127 89
127 92
127 93
127 97
127 99
127 101
127 103
127 104
127 105
127 106
127 107
127 108
127 110
127 111
127 113
127 114
127 116
127 117
127 122
127 126
127 128
127 129
127 130
127 131
127 141
127 142
127 144
127 148
127 149
127 151
127 153
127 154
127 156
127 157
127 158
127 159
128 0
128 1
128 4
128 7
128 12
128 15
128 16
128 18
128 21
128 23
128 27
128 30
128 35
128 36
128 37
128 41
128 48
128 50
128 51
128 52
128 53
128 54
128 60
128 63
128 68
128 72
128 79
128 81
128 83
128 87
128 89
128 101
128 102
128 103
128 109
128 111
128 112
128 113
128 116
128 117
128 118
128 121
128 123
128 124
128 126
128 127
128 129
128 133
128 135
128 143
128 145
128 147
128 148
128 149
128 150
128 151
128 153
128 154
128 157
128 158
129 0
129 2
129 4
129 6
129 7
129 11
129 12
129 14
129 17
129 19
129 20
129 22
129 24
129 27
129 30
129 31
129 32
129 35
129 36
129 38
129 41
129 46
129 49
129 50
129 53
129 54
129 60
129 62
129 63
129 66
129 67
129 69
129 70
129 72
129 75
129 76
129 77
129 79
129 84
129 86
129 87
129 89
129 92
129 93
129 94
129 95
129 97
129 98
129 99
129 101
129 103
129 106
129 107
129 108
129 110
129 112
129 113
129 117
129 121
129 123
129 124
129 125
129 126
129 127
129 128
129 131
129 135
129 138
129 139
129 141
129 142
129 146
129 152
129 153
129 154
129 157
129 159
130 0
130 6
130 7
130 8
130 10
130 12
130 13
130 16
130 18
130 19
130 23
130 27
130 28
130 29
130 33
130 35
130 36
130 42
130 44
130 48
130 49
130 50
130 52
130 57
130 60
130 63
130 64
130 65
130 66
130 68
130 69
130 73
130 81
130 85
130 88
130 92
130 97
130 103
130 104
130 105
130 106
130 110
130 111
130 114
130 116
130 119
130 120
130 122
130 127
130 141
130 142
130 144
130 145
130 153
130 154
130 155
130 156
130 158
131 0
131 2
131 3
131 4
131 5
131 6
131 7
131 11
131 14
131 17
131 19
131 20
131 22
131 24
131 26
131 27
131 30
131 31
131 32
131 35
131 38
131 40
131 41
131 46
131 47
131 49
131 50
131 53
131 54
131 55
131 60
131 61
131 62
131 66
131 67
131 69
131 71
131 74
131 75
131 76
131 77
131 78
131 82
131 84
131 86
131 87
131 89
131 90
131 92
131 93
131 94
131 95
131 97
131 98
131 99
131 100
131 101
131 106
131 107
131 108
131 110
131 112
131 113
131 123
131 124
131 126
131 127
131 129
131 136
131 137
131 138
131 139
131 141
131 142
131 146
131 152
131 157
131 159
132 3
132 5
132 11
132 20
132 26
132 31
132 38
132 39
132 40
132 47
132 55
132 61
132 67
132 71
132 74
132 76
132 78
132 84
132 90
132 94
132 98
132 100
132 107
132 108
132 134
132 136
132 138
132 140
132 146
132 159
133 1
133 4
133 12
133 15
133 16
133 21
133 23
133 30
133 36
133 37
133 51
133 52
133 53
133 63
133 68
133 72
133 79
133 81
133 83
133 102
133 103
133 109
133 116
133 117
133 118
133 121
133 126
133 128
133 135
133 143
133 145
133 147
133 148
133 149
133 150
133 151
133 153
133 158
134 5
134 11
134 20
134 26
134 31
134 38
134 39
134 40
134 47
134 55
134 61
134 67
134 71
134 74
134 76
134 78
134 84
134 90
134 94
134 98
134 100
134 132
134 136
134 138
134 140
134 146
135 0
135 2
135 4
135 9
135 12
135 15
135 24
135 27
135 30
135 32
135 35
135 36
135 37
135 41
135 43
135 45
135 46
135 50
135 52
135 53
135 54
135 58
135 59
135 62
135 63
135 70
135 72
135 75
135 77
135 79
135 80
135 86
135 87
135 89
135 91
135 96
135 99
135 101
135 102
135 103
135 112
135 113
135 115
135 117
135 121
135 123
135 124
135 125
135 126
135 128
135 129
135 133
135 147
135 148
135 149
135 150
135 151
135 152
135 157
136 3
136 5
136 6
136 11
136 14
136 19
136 20
136 25
136 26
136 31
136 34
136 38
136 39
136 40
136 44
136 47
136 55
136 56
136 61
136 66
136 67
136 69
136 71
136 74
136 76
136 78
136 82
136 84
136 85
136 90
136 93
136 94
136 98
136 100
136 107
136 108
136 131
136 132
136 134
136 137
136 138
136 140
136 141
136 142
136 146
136 159
137 3
137 6
137 7
137 10
137 14
137 19
137 20
137 25
137 26
137 33
137 34
137 40
137 44
137 49
137 55
137 56
137 61
137 64
137 66
137 69
137 71
137 76
137 78
137 82
137 84
137 85
137 88
137 92
137 93
137 94
137 97
137 98
137 105
137 106
137 107
137 108
137 110
137 114
137 119
137 120
137 122
137 131
137 136
137 141
137 142
137 144
137 146
137 155
137 156
137 159
138 2
138 5
138 11
138 14
138 17
138 20
138 22
138 24
138 26
138 31
138 32
138 38
138 39
138 40
138 46
138 47
138 55
138 61
138 62
138 67
138 71
138 74
138 76
138 78
138 84
138 86
138 90
138 93
138 94
138 95
138 98
138 99
138 100
138 107
138 108
138 129
138 131
138 132
138 134
138 136
138 139
138 140
138 146
138 152
138 159
139 0
139 2
139 4
139 6
139 11
139 14
139 17
139 20
139 22
139 24
139 30
139 31
139 32
139 35
139 38
139 41
139 46
139 47
139 54
139 58
139 62
139 67
139 70
139 74
139 75
139 76
139 77
139 79
139 80
139 84
139 86
139 87
139 89
139 90
139 91
139 93
139 94
139 95
139 98
139 99
139 100
139 101
139 107
139 112
139 113
139 115
139 121
139 123
139 124
139 125
139 129
139 131
139 138
139 140
139 152
139 157
139 159
140 5
140 11
140 17
140 20
140 22
140 31
140 38
140 39
140 40
140 47
140 55
140 61
140 67
140 71
140 74
140 76
140 78
140 84
140 86
140 90
140 93
140 94
140 95
140 98
140 100
140 107
140 132
140 134
140 136
140 138
140 139
140 146
140 152
140 159
141 0
141 3
141 6
141 7
141 8
141 10
141 13
141 14
141 18
141 19
141 20
141 25
141 26
141 27
141 28
141 29
141 33
141 34
141 35
141 42
141 44
141 48
141 49
141 50
141 56
141 57
141 60
141 64
141 65
141 66
141 69
141 73
141 82
141 85
141 88
141 89
141 92
141 93
141 97
141 103
141 104
141 105
141 106
141 107
141 108
141 110
141 111
141 113
141 114
141 119
141 120
141 122
141 127
141 129
141 130
141 131
141 136
141 137
141 142
141 144
141 146
141 153
141 154
141 155
141 156
141 158
141 159
142 0
142 3
142 6
142 7
142 10
142 12
142 14
142 19
142 20
142 25
142 26
142 27
142 30
142 33
142 34
142 35
142 38
142 40
142 41
142 44
142 48
142 49
142 50
142 54
142 56
142 60
142 61
142 66
142 67
142 69
142 71
142 76
142 78
142 82
142 84
142 85
142 86
142 87
142 89
142 92
142 93
142 94
142 97
142 98
142 99
142 101
142 103
142 104
142 105
142 106
142 107
142 108
142 110
142 111
142 113
142 114
142 120
142 122
142 126
142 127
142 129
142 130
142 131
142 136
142 137
142 141
142 144
142 146
142 153
142 154
142 155
142 156
142 157
142 158
142 159
143 1
143 12
143 13
143 16
143 18
143 21
143 23
143 27
143 28
143 36
143 37
143 48
143 51
143 52
143 53
143 63
143 68
143 72
143 81
143 83
143 102
143 103
143 109
143 111
143 116
143 118
143 126
143 128
143 133
143 145
143 147
143 148
143 149
143 150
143 151
143 153
143 154
143 158
144 3
144 6
144 7
144 8
144 10
144 13
144 18
144 19
144 25
144 27
144 28
144 29
144 33
144 34
144 42
144 44
144 48
144 49
144 50
144 56
144 57
144 60
144 64
144 65
144 66
144 69
144 73
144 82
144 85
144 88
144 92
144 97
144 104
144 105
144 106
144 110
144 111
144 114
144 119
144 120
144 122
144 127
144 130
144 137
144 141
144 142
144 153
144 154
144 155
144 156
144 158
145 1
145 8
145 12
145 13
145 16
145 18
145 21
145 23
145 27
145 28
145 36
145 37
145 48
145 51
145 52
145 60
145 63
145 68
145 72
145 81
145 83
145 103
145 109
145 111
145 116
145 118
145 126
145 128
145 130
145 133
145 143
145 147
145 148
145 149
145 150
145 151
145 153
145 154
145 158
146 0
146 3
146 5
146 6
146 11
146 14
146 19
146 20
146 25
146 26
146 31
146 33
146 34
146 35
146 38
146 39
146 40
146 44
146 47
146 49
146 50
146 55
146 61
146 66
146 67
146 69
146 71
146 74
146 76
146 78
146 82
146 84
146 86
146 89
146 90
146 92
146 93
146 94
146 97
146 98
146 100
146 106
146 107
146 108
146 110
146 113
146 129
146 131
146 132
146 134
146 136
146 137
146 138
146 140
146 141
146 142
146 159
147 1
147 4
147 12
147 15
147 16
147 21
147 23
147 27
147 30
147 36
147 37
147 51
147 52
147 53
147 54
147 63
147 70
147 72
147 79
147 80
147 81
147 83
147 87
147 102
147 103
147 116
147 117
147 118
147 121
147 123
147 124
147 125
147 126
147 128
147 133
147 135
147 143
147 145
147 148
147 149
147 150
147 151
147 153
147 157
147 158
148 1
148 7
148 12
148 15
148 16
148 18
148 21
148 23
148 27
148 28
148 36
148 37
148 48
148 50
148 51
148 52
148 53
148 60
148 63
148 68
148 72
148 79
148 81
148 83
148 102
148 103
148 109
148 111
148 116
148 117
148 118
148 126
148 127
148 128
148 133
148 135
148 143
148 145
148 147
148 149
148 150
148 151
148 153
148 154
148 158
149 1
149 12
149 15
149 16
149 18
149 21
149 23
149 27
149 28
149 36
149 37
149 48
149 50
149 51
149 52
149 53
149 60
149 63
149 68
149 72
149 81
149 83
149 102
149 103
149 109
149 111
149 116
149 117
149 118
149 126
149 127
149 128
149 133
149 135
149 143
149 145
149 147
149 148
149 150
149 151
149 153
149 154
149 158
150 1
150 4
150 9
150 12
150 15
150 16
150 21
150 23
150 27
150 30
150 36
150 37
150 41
150 45
150 50
150 51
150 52
150 53
150 54
150 59
150 63
150 70
150 72
150 79
150 80
150 83
150 87
150 89
150 101
150 102
150 103
150 112
150 116
150 117
150 118
150 121
150 123
150 124
150 125
150 126
150 128
150 133
150 135
150 143
150 145
150 147
150 148
150 149
150 151
150 153
150 157
150 158
151 1
151 4
151 12
151 15
151 16
151 18
151 21
151 23
151 27
151 30
151 36
151 37
151 50
151 51
151 52
151 53
151 63
151 68
151 72
151 79
151 81
151 83
151 102
151 103
151 109
151 111
151 116
151 117
151 118
151 126
151 127
151 128
151 133
151 135
151 143
151 145
151 147
151 148
151 149
151 150
151 153
151 158
152 0
152 2
152 4
152 11
152 14
152 17
152 20
152 22
152 24
152 30
152 31
152 32
152 35
152 38
152 41
152 46
152 47
152 54
152 58
152 62
152 67
152 70
152 74
152 75
152 76
152 77
152 79
152 80
152 84
152 86
152 87
152 89
152 90
152 91
152 93
152 94
152 95
152 96
152 98
152 99
152 100
152 101
152 107
152 112
152 113
152 115
152 121
152 123
152 124
152 125
152 129
152 131
152 135
152 138
152 139
152 140
152 157
152 159
153 0
153 1
153 6
153 7
153 8
153 12
153 13
153 16
153 18
153 21
153 23
153 27
153 28
153 30
153 33
153 35
153 36
153 37
153 42
153 48
153 49
153 50
153 51
153 52
153 53
153 60
153 63
153 68
153 69
153 72
153 81
153 83
153 89
153 92
153 97
153 102
153 103
153 104
153 106
153 109
153 110
153 111
153 113
153 114
153 116
153 117
153 118
153 126
153 127
153 128
153 129
153 130
153 133
153 141
153 142
153 143
153 144
153 145
153 147
153 148
153 149
153 150
153 151
153 154
153 156
153 157
153 158
154 0
154 1
154 6
154 7
154 8
154 10
154 12
154 13
154 16
154 18
154 19
154 23
154 27
154 28
154 29
154 33
154 35
154 36
154 42
154 48
154 49
154 50
154 52
154 57
154 60
154 63
154 65
154 66
154 68
154 69
154 73
154 81
154 83
154 92
154 97
154 103
154 104
154 105
154 106
154 109
154 110
154 111
154 113
154 114
154 116
154 118
154 119
154 120
154 122
154 126
154 127
154 128
154 129
154 130
154 141
154 142
154 143
154 144
154 145
154 148
154 149
154 153
154 155
154 156
154 158
155 3
155 7
155 8
155 10
155 19
155 25
155 26
155 29
155 33
155 34
155 42
155 44
155 49
155 56
155 57
155 64
155 65
155 66
155 69
155 73
155 82
155 85
155 88
155 92
155 97
155 104
155 105
155 106
155 108
155 110
155 114
155 119
155 120
155 122
155 130
155 137
155 141
155 142
155 144
155 154
155 156
156 0
156 3
156 6
156 7
156 8
156 10
156 13
156 18
156 19
156 25
156 27
156 28
156 29
156 33
156 34
156 42
156 44
156 48
156 49
156 50
156 52
156 56
156 57
156 60
156 64
156 65
156 66
156 69
156 73
156 82
156 85
156 88
156 92
156 97
156 103
156 104
156 105
156 106
156 108
156 110
156 111
156 114
156 119
156 120
156 122
156 127
156 130
156 137
156 141
156 142
156 144
156 153
156 154
156 155
156 158
157 0
157 2
157 4
157 6
157 9
157 11
157 12
157 14
157 15
157 17
157 22
157 24
157 27
157 30
157 32
157 35
157 36
157 37
157 38
157 41
157 43
157 46
157 50
157 53
157 54
157 58
157 59
157 60
157 62
157 63
157 69
157 70
157 72
157 75
157 76
157 77
157 79
157 80
157 84
157 86
157 87
157 89
157 91
157 93
157 94
157 95
157 99
157 101
157 102
157 103
157 107
157 112
157 113
157 115
157 117
157 121
157 123
157 124
157 125
157 126
157 127
157 128
157 129
157 131
157 135
157 139
157 142
157 147
157 150
157 152
157 153
157 159
158 0
158 1
158 6
158 7
158 8
158 12
158 13
158 16
158 18
158 21
158 23
158 27
158 28
158 33
158 35
158 36
158 42
158 48
158 49
158 50
158 51
158 52
158 53
158 60
158 63
158 65
158 68
158 72
158 73
158 81
158 83
158 92
158 97
158 103
158 104
158 106
158 109
158 110
158 111
158 113
158 114
158 116
158 118
158 122
158 126
158 127
158 128
158 130
158 133
158 141
158 142
158 143
158 144
158 145
158 147
158 148
158 149
158 150
158 151
158 153
158 154
158 156
159 0
159 2
159 3
159 5
159 6
159 7
159 11
159 14
159 17
159 19
159 20
159 22
159 24
159 25
159 26
159 30
159 31
159 32
159 33
159 34
159 35
159 38
159 40
159 41
159 44
159 46
159 47
159 49
159 50
159 54
159 55
159 60
159 61
159 62
159 66
159 67
159 69
159 71
159 74
159 75
159 76
159 78
159 82
159 84
159 86
159 87
159 89
159 90
159 92
159 93
159 94
159 95
159 97
159 98
159 99
159 100
159 101
159 106
159 107
159 108
159 110
159 112
159 113
159 127
159 129
159 131
159 132
159 136
159 137
159 138
159 139
159 140
159 141
159 142
159 146
159 152
159 157
