4
2 1
170
0 50.000000 50.000000 20 99999999 1
1 10.674196 82.267882 20 128 2
2 7.147918 24.252918 20 139 4
3 13.481608 84.430435 20 135 2
4 46.955977 23.197828 20 126 4
5 86.421641 95.619224 20 116 3
6 58.531834 49.991149 20 135 5
7 69.597142 81.924638 20 111 2
8 73.336619 11.456498 20 109 5
9 94.272945 32.586425 20 119 1
10 80.402780 61.694875 20 141 2
11 5.753317 75.372362 20 116 3
12 43.861102 25.362854 20 114 2
13 27.785648 58.792086 20 136 4
14 39.977447 77.648964 20 135 5
15 27.602561 15.596888 20 142 3
16 6.125309 45.540762 20 127 2
17 99.808533 32.177224 20 132 3
18 29.091156 47.180895 20 115 1
19 60.975059 39.699843 20 143 2
20 89.502179 90.611219 20 110 1
21 96.782123 98.307916 20 125 5
22 49.288400 57.403901 20 118 1
23 74.953534 84.307265 20 101 2
24 95.499518 90.720511 20 134 1
25 65.530798 71.299957 20 125 2
26 78.760363 43.995080 20 137 4
27 32.555440 3.971109 20 143 3
28 45.657393 58.281101 20 133 1
29 42.626149 31.064684 20 125 2
30 38.036666 62.466060 20 111 3
31 34.448497 4.474382 20 107 5
32 27.129482 75.744409 20 125 1
33 25.138444 14.161188 20 131 3
34 31.068865 7.887055 20 126 1
35 20.319025 60.721613 20 145 2
36 57.778485 67.990607 20 102 4
37 48.126973 20.457824 20 115 4
38 34.377130 94.925039 20 125 3
39 52.864220 96.672972 20 146 2
40 13.028645 85.095174 20 105 3
41 25.230415 67.205490 20 131 3
42 61.306118 92.592408 20 127 3
43 38.668797 4.216941 20 118 1
44 49.183706 56.407883 20 103 4
45 92.863146 80.775233 20 110 1
46 94.579384 84.717495 20 133 5
47 64.089907 88.605107 20 108 5
48 56.298460 25.346027 20 145 2
49 25.773671 8.999384 20 135 2
50 76.702538 3.059763 20 106 4
51 39.210179 17.938943 20 144 5
52 91.728362 90.339633 20 109 5
53 3.431951 65.796974 20 138 3
54 47.868361 39.435470 20 118 4
55 47.537894 60.330892 20 137 5
56 23.475940 32.404873 20 125 2
57 31.767667 36.112529 20 115 3
58 29.503287 55.111258 20 117 1
59 27.611570 2.345355 20 142 2
60 54.976281 60.937432 20 118 5
61 51.119326 49.131893 20 107 1
62 61.475273 75.642410 20 143 4
63 69.828066 51.317185 20 124 5
64 90.693602 23.742939 20 107 1
65 91.121417 55.665279 20 116 1
66 34.745514 1.209407 20 119 4
67 48.594748 25.400672 20 133 2
68 74.748102 55.509404 20 146 3
69 81.378566 76.513507 20 108 1
70 66.875764 15.861152 20 106 3
71 22.872951 41.420795 20 135 1
72 80.044294 30.100867 20 100 1
73 74.760857 30.109968 20 135 2
74 17.398184 98.983894 20 131 4
75 63.877820 71.780529 20 131 5
76 30.439571 80.877956 20 116 5
77 86.772991 62.339700 20 108 5
78 10.555796 1.191193 20 109 3
79 38.878291 81.205914 20 136 1
80 83.345543 98.933965 20 118 5
81 73.887898 84.665585 20 103 4
82 41.352514 26.250945 20 146 3
83 97.969965 23.172998 20 106 3
84 92.407968 41.431400 20 112 2
85 74.640248 31.306947 20 144 3
86 73.793935 73.917213 20 128 2
87 19.704536 12.122090 20 137 2
88 10.711801 18.842723 20 127 3
89 13.517823 75.026517 20 116 1
90 76.681755 68.716095 20 136 3
91 84.050810 21.186400 20 117 4
92 4.540528 25.524888 20 121 2
93 53.262983 27.136690 20 141 3
94 7.801248 34.973146 20 135 5
95 24.865358 43.573931 20 146 4
96 53.930157 20.658130 20 122 3
97 28.640486 98.023679 20 142 3
98 18.245824 58.458408 20 106 3
99 53.422982 39.860123 20 120 4
100 10.373951 15.407968 20 116 1
101 25.304161 87.453243 20 125 1
102 83.376026 29.909572 20 109 1
103 97.372857 32.135855 20 102 5
104 80.414567 51.690092 20 148 2
105 1.911810 72.997199 20 132 2
106 99.702430 14.569325 20 127 1
107 8.334638 37.928918 20 103 5
108 6.895521 43.790796 20 134 2
109 14.783088 5.757199 20 149 2
110 1.191920 4.911138 20 116 4
111 17.536533 79.445129 20 111 3
112 31.143925 92.099738 20 123 1
113 78.301701 31.416217 20 117 1
114 0.892682 24.879808 20 139 4
115 15.965089 32.653647 20 140 3
116 60.299833 13.878940 20 104 1
117 15.598537 52.541012 20 126 2
118 39.164545 61.147338 20 117 1
119 19.273248 3.136836 20 128 2
120 55.250632 23.554655 20 0 3
121 42.340140 59.147839 20 0 5
122 23.398003 88.453421 20 0 2
123 82.826181 53.063328 20 0 1
124 72.377496 48.803089 20 0 2
125 99.859059 30.589861 20 0 4
126 13.058287 77.224936 20 0 1
127 36.199584 40.359217 20 0 5
128 21.745229 14.710625 20 0 4
129 41.383189 81.959907 20 0 4
130 91.005268 50.734948 20 0 5
131 97.901581 54.928654 20 0 1
132 80.682099 57.417613 20 0 5
133 89.106252 15.272465 20 0 3
134 79.002133 23.702427 20 0 5
135 2.280040 26.914450 20 0 2
136 88.242324 63.101604 20 0 2
137 32.862232 82.851739 20 0 2
138 75.767984 54.384622 20 0 4
139 64.288692 13.030096 20 0 3
140 63.524107 83.630882 20 0 5
141 57.230475 44.243416 20 0 4
142 99.598139 36.114449 20 0 5
143 63.020291 50.977816 20 0 4
144 43.694885 19.280105 20 0 4
145 83.805601 31.582871 20 0 3
146 45.643041 89.583850 20 0 4
147 69.101188 64.492570 20 0 5
148 78.784605 60.935415 20 0 3
149 81.737417 8.052612 20 0 1
150 80.981596 96.076073 20 0 2
151 55.026571 39.126417 20 0 2
152 6.387597 12.083328 20 0 5
153 46.320259 71.004259 20 0 2
154 56.932609 22.285599 20 0 5
155 80.592108 74.859535 20 0 4
156 78.174748 9.499895 20 0 1
157 32.403196 14.016309 20 0 3
158 31.949043 54.714489 20 0 5
159 67.098113 42.911627 20 0 5
160 76.363225 56.431000 20 0 1
161 51.729186 41.981914 20 0 1
162 91.016133 70.741485 20 0 2
163 74.561765 11.209858 20 0 5
164 51.996183 2.963193 20 0 5
165 60.743942 27.189801 20 0 1
166 94.562536 88.049286 20 0 3
167 81.327887 16.000992 20 0 1
168 4.563399 48.978428 20 0 1
169 28.052564 73.569315 20 0 4
10156
0 4
0 6
0 7
0 10
0 12
0 13
0 14
0 18
0 19
0 22
0 25
0 26
0 28
0 29
0 30
0 32
0 35
0 36
0 37
0 41
0 44
0 48
0 51
0 54
0 55
0 56
0 57
0 58
0 60
0 61
0 62
0 63
0 67
0 68
0 70
0 71
0 72
0 73
0 75
0 76
0 77
0 79
0 82
0 85
0 86
0 90
0 93
0 95
0 96
0 98
0 99
0 102
0 104
0 113
0 115
0 116
0 117
0 118
0 120
0 121
0 123
0 124
0 127
0 129
0 132
0 134
0 137
0 138
0 139
0 140
0 141
0 143
0 144
0 145
0 146
0 147
0 148
0 151
0 153
0 154
0 155
0 158
0 159
0 160
0 161
0 165
0 169
1 3
1 11
1 13
1 14
1 16
1 18
1 30
1 32
1 35
1 38
1 40
1 41
1 53
1 58
1 74
1 76
1 79
1 89
1 97
1 98
1 101
1 105
1 108
1 111
1 112
1 117
1 118
1 121
1 122
1 126
1 129
1 137
1 146
1 153
1 158
1 168
1 169
2 4
2 12
2 15
2 16
2 18
2 27
2 29
2 31
2 33
2 34
2 35
2 43
2 49
2 51
2 56
2 57
2 58
2 59
2 66
2 71
2 78
2 82
2 87
2 88
2 92
2 94
2 95
2 98
2 100
2 107
2 108
2 109
2 110
2 114
2 115
2 117
2 119
2 127
2 128
2 135
2 144
2 152
2 157
2 158
2 168
3 1
3 11
3 13
3 14
3 16
3 30
3 32
3 35
3 38
3 40
3 41
3 53
3 58
3 74
3 76
3 79
3 89
3 97
3 98
3 101
3 105
3 111
3 112
3 117
3 118
3 121
3 122
3 126
3 129
3 137
3 146
3 153
3 158
3 168
3 169
4 0
4 2
4 6
4 8
4 12
4 15
4 18
4 19
4 22
4 26
4 27
4 28
4 29
4 31
4 33
4 34
4 37
4 43
4 44
4 48
4 49
4 50
4 51
4 54
4 55
4 56
4 57
4 58
4 59
4 60
4 61
4 63
4 66
4 67
4 70
4 71
4 72
4 73
4 82
4 85
4 87
4 88
4 91
4 93
4 95
4 96
4 99
4 100
4 102
4 109
4 113
4 115
4 116
4 118
4 119
4 120
4 121
4 124
4 127
4 128
4 134
4 139
4 141
4 143
4 144
4 145
4 149
4 151
4 154
4 156
4 157
4 158
4 159
4 161
4 163
4 164
4 165
4 167
5 7
5 10
5 20
5 21
5 23
5 24
5 25
5 36
5 39
5 42
5 45
5 46
5 47
5 52
5 62
5 69
5 75
5 77
5 80
5 81
5 86
5 90
5 132
5 136
5 140
5 147
5 148
5 150
5 155
5 162
5 166
6 0
6 4
6 7
6 9
6 10
6 12
6 13
6 14
6 18
6 19
6 22
6 23
6 25
6 26
6 28
6 29
6 30
6 35
6 36
6 37
6 41
6 44
6 47
6 48
6 51
6 54
6 55
6 56
6 57
6 58
6 60
6 61
6 62
6 63
6 65
6 67
6 68
6 69
6 70
6 71
6 72
6 73
6 75
6 77
6 79
6 81
6 82
6 84
6 85
6 86
6 90
6 91
6 93
6 95
6 96
6 99
6 102
6 104
6 113
6 116
6 118
6 120
6 121
6 123
6 124
6 127
6 129
6 130
6 131
6 132
6 134
6 136
6 138
6 139
6 140
6 141
6 143
6 144
6 145
6 147
6 148
6 151
6 153
6 154
6 155
6 158
6 159
6 160
6 161
6 162
6 165
6 169
7 0
7 5
7 6
7 10
7 14
7 20
7 21
7 22
7 23
7 24
7 25
7 26
7 28
7 30
7 36
7 38
7 39
7 42
7 44
7 45
7 46
7 47
7 52
7 55
7 60
7 61
7 62
7 63
7 65
7 68
7 69
7 75
7 76
7 77
7 79
7 80
7 81
7 86
7 90
7 104
7 112
7 118
7 121
7 123
7 124
7 129
7 130
7 131
7 132
7 136
7 137
7 138
7 140
7 141
7 143
7 146
7 147
7 148
7 150
7 153
7 155
7 159
7 160
7 162
7 166
8 4
8 9
8 12
8 17
8 19
8 26
8 29
8 31
8 37
8 43
8 48
8 50
8 51
8 54
8 64
8 66
8 67
8 70
8 72
8 73
8 82
8 83
8 84
8 85
8 91
8 93
8 96
8 99
8 102
8 103
8 106
8 113
8 116
8 120
8 124
8 125
8 133
8 134
8 139
8 141
8 142
8 144
8 145
8 149
8 151
8 154
8 156
8 159
8 161
8 163
8 164
8 165
8 167
9 6
9 8
9 10
9 17
9 19
9 26
9 48
9 50
9 63
9 64
9 65
9 68
9 70
9 72
9 73
9 77
9 83
9 84
9 85
9 91
9 102
9 103
9 104
9 106
9 113
9 116
9 123
9 124
9 125
9 130
9 131
9 132
9 133
9 134
9 136
9 138
9 139
9 141
9 142
9 143
9 145
9 148
9 149
9 151
9 154
9 156
9 159
9 160
9 162
9 163
9 165
9 167
10 0
10 5
10 6
10 7
10 9
10 17
10 19
10 20
10 22
10 23
10 24
10 25
10 26
10 28
10 36
10 42
10 44
10 45
10 46
10 47
10 52
10 54
10 55
10 60
10 61
10 62
10 63
10 64
10 65
10 68
10 69
10 72
10 73
10 75
10 77
10 80
10 81
10 84
10 85
10 86
10 90
10 99
10 102
10 103
10 104
10 113
10 121
10 123
10 124
10 125
10 130
10 131
10 132
10 134
10 136
10 138
10 140
10 141
10 142
10 143
10 145
10 147
10 148
10 150
10 151
10 153
10 155
10 159
10 160
10 161
10 162
10 165
10 166
11 1
11 3
11 13
11 14
11 16
11 18
11 30
11 32
11 35
11 38
11 40
11 41
11 53
11 58
11 71
11 74
11 76
11 79
11 89
11 95
11 97
11 98
11 101
11 105
11 107
11 108
11 111
11 112
11 117
11 118
11 122
11 126
11 129
11 137
11 158
11 168
11 169
12 0
12 2
12 4
12 6
12 8
12 13
12 15
12 18
12 19
12 22
12 26
12 27
12 28
12 29
12 30
12 31
12 33
12 34
12 37
12 43
12 44
12 48
12 49
12 50
12 51
12 54
12 55
12 56
12 57
12 58
12 59
12 60
12 61
12 63
12 66
12 67
12 70
12 71
12 72
12 73
12 82
12 85
12 87
12 88
12 92
12 93
12 94
12 95
12 96
12 99
12 100
12 102
12 107
12 109
12 113
12 115
12 116
12 117
12 118
12 119
12 120
12 121
12 124
12 127
12 128
12 134
12 139
12 141
12 143
12 144
12 151
12 152
12 154
12 156
12 157
12 158
12 159
12 161
12 163
12 164
12 165
12 167
13 0
13 1
13 3
13 6
13 11
13 12
13 14
13 16
13 18
13 19
13 22
13 25
13 28
13 29
13 30
13 32
13 35
13 36
13 38
13 40
13 41
13 44
13 53
13 54
13 55
13 56
13 57
13 58
13 60
13 61
13 62
13 67
13 71
13 75
13 76
13 79
13 82
13 89
13 94
13 95
13 97
13 98
13 99
13 101
13 105
13 107
13 108
13 111
13 112
13 115
13 117
13 118
13 121
13 122
13 126
13 127
13 129
13 137
13 141
13 143
13 146
13 151
13 153
13 158
13 161
13 168
13 169
14 0
14 1
14 3
14 6
14 7
14 11
14 13
14 18
14 22
14 23
14 25
14 28
14 30
14 32
14 35
14 36
14 38
14 39
14 40
14 41
14 42
14 44
14 47
14 53
14 54
14 55
14 58
14 60
14 61
14 62
14 63
14 74
14 75
14 76
14 79
14 81
14 86
14 89
14 90
14 95
14 97
14 98
14 101
14 105
14 111
14 112
14 117
14 118
14 121
14 122
14 126
14 127
14 129
14 137
14 140
14 141
14 143
14 146
14 147
14 153
14 158
14 161
14 169
15 2
15 4
15 12
15 16
15 18
15 27
15 29
15 31
15 33
15 34
15 37
15 43
15 48
15 49
15 51
15 54
15 56
15 57
15 58
15 59
15 66
15 67
15 70
15 71
15 78
15 82
15 87
15 88
15 92
15 93
15 94
15 95
15 96
15 99
15 100
15 107
15 108
15 109
15 110
15 114
15 115
15 116
15 117
15 119
15 120
15 127
15 128
15 135
15 139
15 144
15 151
15 152
15 154
15 157
15 158
15 161
15 164
15 165
16 1
16 2
16 3
16 11
16 13
16 15
16 18
16 29
16 30
16 32
16 33
16 35
16 41
16 53
16 56
16 57
16 58
16 71
16 87
16 88
16 89
16 92
16 94
16 95
16 98
16 100
16 105
16 107
16 108
16 111
16 114
16 115
16 117
16 118
16 121
16 126
16 127
16 128
16 135
16 152
16 158
16 168
16 169
17 8
17 9
17 10
17 19
17 26
17 50
17 63
17 64
17 65
17 68
17 70
17 72
17 73
17 77
17 83
17 84
17 85
17 91
17 102
17 103
17 104
17 106
17 113
17 123
17 124
17 125
17 130
17 131
17 132
17 133
17 134
17 136
17 138
17 142
17 145
17 148
17 149
17 156
17 159
17 160
17 162
17 163
17 165
17 167
18 0
18 1
18 2
18 4
18 6
18 11
18 12
18 13
18 14
18 15
18 16
18 19
18 22
18 28
18 29
18 30
18 32
18 33
18 34
18 35
18 36
18 37
18 41
18 44
18 48
18 49
18 51
18 53
18 54
18 55
18 56
18 57
18 58
18 60
18 61
18 67
18 71
18 76
18 79
18 82
18 87
18 88
18 89
18 92
18 93
18 94
18 95
18 96
18 98
18 99
18 100
18 105
18 107
18 108
18 111
18 114
18 115
18 117
18 118
18 120
18 121
18 126
18 127
18 128
18 129
18 135
18 137
18 141
18 143
18 144
18 151
18 153
18 154
18 157
18 158
18 159
18 161
18 165
18 168
18 169
19 0
19 4
19 6
19 8
19 9
19 10
19 12
19 13
19 17
19 18
19 22
19 25
19 26
19 28
19 29
19 30
19 36
19 37
19 44
19 48
19 50
19 51
19 54
19 55
19 56
19 57
19 58
19 60
19 61
19 62
19 63
19 64
19 65
19 67
19 68
19 70
19 71
19 72
19 73
19 75
19 77
19 82
19 84
19 85
19 86
19 90
19 91
19 93
19 95
19 96
19 99
19 102
19 103
19 104
19 113
19 116
19 118
19 120
19 121
19 123
19 124
19 125
19 127
19 130
19 131
19 132
19 133
19 134
19 136
19 138
19 139
19 141
19 142
19 143
19 144
19 145
19 147
19 148
19 149
19 151
19 153
19 154
19 156
19 157
19 158
19 159
19 160
19 161
19 163
19 164
19 165
19 167
20 5
20 7
20 10
20 21
20 23
20 24
20 25
20 36
20 39
20 42
20 45
20 46
20 47
20 52
20 62
20 65
20 68
20 69
20 75
20 77
20 80
20 81
20 86
20 90
20 104
20 123
20 130
20 131
20 132
20 136
20 138
20 140
20 147
20 148
20 150
20 155
20 160
20 162
20 166
21 5
21 7
21 20
21 23
21 24
21 42
21 45
21 46
21 47
21 52
21 69
21 77
21 80
21 81
21 86
21 90
21 136
21 140
21 150
21 155
21 162
21 166
22 0
22 4
22 6
22 7
22 10
22 12
22 13
22 14
22 18
22 19
22 23
22 25
22 26
22 28
22 29
22 30
22 32
22 35
22 36
22 37
22 39
22 41
22 42
22 44
22 47
22 48
22 54
22 55
22 56
22 57
22 58
22 60
22 61
22 62
22 63
22 67
22 68
22 69
22 71
22 73
22 75
22 76
22 77
22 79
22 81
22 82
22 85
22 86
22 89
22 90
22 93
22 95
22 96
22 98
22 99
22 101
22 104
22 111
22 112
22 113
22 117
22 118
22 120
22 121
22 123
22 124
22 127
22 129
22 132
22 136
22 137
22 138
22 140
22 141
22 143
22 144
22 146
22 147
22 148
22 151
22 153
22 154
22 155
22 158
22 159
22 160
22 161
22 165
22 169
23 5
23 6
23 7
23 10
23 14
23 20
23 21
23 22
23 24
23 25
23 28
23 36
23 39
23 42
23 44
23 45
23 46
23 47
23 52
23 55
23 60
23 62
23 63
23 65
23 68
23 69
23 75
23 77
23 79
23 80
23 81
23 86
23 90
23 104
23 123
23 124
23 129
23 130
23 131
23 132
23 136
23 138
23 140
23 143
23 146
23 147
23 148
23 150
23 153
23 155
23 160
23 162
23 166
24 5
24 7
24 10
24 20
24 21
24 23
24 25
24 42
24 45
24 46
24 47
24 52
24 62
24 65
24 69
24 75
24 77
24 80
24 81
24 86
24 90
24 123
24 131
24 132
24 136
24 140
24 147
24 148
24 150
24 155
24 160
24 162
24 166
25 0
25 5
25 6
25 7
25 10
25 13
25 14
25 19
25 20
25 22
25 23
25 24
25 26
25 28
25 30
25 32
25 36
25 38
25 39
25 42
25 44
25 45
25 46
25 47
25 52
25 54
25 55
25 58
25 60
25 61
25 62
25 63
25 65
25 68
25 69
25 75
25 76
25 77
25 79
25 80
25 81
25 86
25 90
25 99
25 104
25 118
25 121
25 123
25 124
25 129
25 130
25 131
25 132
25 136
25 137
25 138
25 140
25 141
25 143
25 146
25 147
25 148
25 150
25 151
25 153
25 155
25 158
25 159
25 160
25 161
25 162
25 166
25 169
26 0
26 4
26 6
26 7
26 8
26 9
26 10
26 12
26 17
26 19
26 22
26 25
26 28
26 29
26 36
26 37
26 44
26 45
26 48
26 54
26 55
26 60
26 61
26 62
26 63
26 64
26 65
26 67
26 68
26 69
26 70
26 72
26 73
26 75
26 77
26 83
26 84
26 85
26 86
26 90
26 91
26 93
26 96
26 99
26 102
26 103
26 104
26 106
26 113
26 116
26 120
26 121
26 123
26 124
26 125
26 130
26 131
26 132
26 133
26 134
26 136
26 138
26 139
26 141
26 142
26 143
26 145
26 147
26 148
26 149
26 151
26 154
26 155
26 156
26 159
26 160
26 161
26 162
26 163
26 165
26 167
27 2
27 4
27 12
27 15
27 29
27 31
27 33
27 34
27 37
27 43
27 48
27 49
27 51
27 54
27 56
27 57
27 59
27 66
27 67
27 70
27 71
27 78
27 82
27 87
27 88
27 92
27 93
27 94
27 96
27 100
27 109
27 110
27 114
27 115
27 116
27 119
27 120
27 127
27 128
27 135
27 139
27 144
27 152
27 154
27 157
27 164
27 165
28 0
28 4
28 6
28 7
28 10
28 12
28 13
28 14
28 18
28 19
28 22
28 23
28 25
28 26
28 29
28 30
28 32
28 35
28 36
28 37
28 38
28 39
28 41
28 42
28 44
28 47
28 48
28 54
28 55
28 56
28 57
28 58
28 60
28 61
28 62
28 63
28 67
28 68
28 71
28 75
28 76
28 79
28 81
28 82
28 85
28 86
28 89
28 90
28 93
28 95
28 96
28 98
28 99
28 101
28 104
28 111
28 112
28 115
28 117
28 118
28 120
28 121
28 122
28 123
28 124
28 126
28 127
28 129
28 132
28 137
28 138
28 140
28 141
28 143
28 144
28 146
28 147
28 148
28 151
28 153
28 154
28 155
28 158
28 159
28 160
28 161
28 165
28 169
29 0
29 2
29 4
29 6
29 8
29 12
29 13
29 15
29 16
29 18
29 19
29 22
29 26
29 27
29 28
29 30
29 31
29 33
29 34
29 35
29 36
29 37
29 43
29 44
29 48
29 49
29 51
29 54
29 55
29 56
29 57
29 58
29 59
29 60
29 61
29 63
29 66
29 67
29 70
29 71
29 72
29 73
29 82
29 85
29 87
29 88
29 92
29 93
29 94
29 95
29 96
29 98
29 99
29 100
29 107
29 108
29 109
29 113
29 115
29 116
29 117
29 118
29 119
29 120
29 121
29 124
29 127
29 128
29 134
29 139
29 141
29 143
29 144
29 151
29 154
29 157
29 158
29 159
29 161
29 163
29 164
29 165
30 0
30 1
30 3
30 6
30 7
30 11
30 12
30 13
30 14
30 16
30 18
30 19
30 22
30 25
30 28
30 29
30 32
30 35
30 36
30 38
30 39
30 40
30 41
30 42
30 44
30 47
30 53
30 54
30 55
30 56
30 57
30 58
30 60
30 61
30 62
30 63
30 67
30 68
30 71
30 75
30 76
30 79
30 82
30 86
30 89
30 90
30 93
30 95
30 97
30 98
30 99
30 101
30 105
30 107
30 108
30 111
30 112
30 115
30 117
30 118
30 121
30 122
30 124
30 126
30 127
30 129
30 137
30 138
30 140
30 141
30 143
30 146
30 147
30 151
30 153
30 158
30 159
30 160
30 161
30 168
30 169
31 2
31 4
31 8
31 12
31 15
31 27
31 29
31 33
31 34
31 37
31 43
31 48
31 49
31 51
31 54
31 56
31 57
31 59
31 66
31 67
31 70
31 71
31 78
31 82
31 87
31 88
31 92
31 93
31 96
31 100
31 109
31 110
31 114
31 115
31 116
31 119
31 120
31 127
31 128
31 135
31 139
31 144
31 152
31 154
31 157
31 164
31 165
32 0
32 1
32 3
32 11
32 13
32 14
32 16
32 18
32 22
32 25
32 28
32 30
32 35
32 36
32 38
32 39
32 40
32 41
32 42
32 44
32 47
32 53
32 55
32 57
32 58
32 60
32 61
32 62
32 71
32 74
32 75
32 76
32 79
32 89
32 95
32 97
32 98
32 101
32 105
32 108
32 111
32 112
32 117
32 118
32 121
32 122
32 126
32 127
32 129
32 137
32 140
32 146
32 153
32 158
32 168
32 169
33 2
33 4
33 12
33 15
33 16
33 18
33 27
33 29
33 31
33 34
33 37
33 43
33 48
33 49
33 51
33 54
33 56
33 57
33 59
33 66
33 67
33 71
33 78
33 82
33 87
33 88
33 92
33 93
33 94
33 95
33 96
33 99
33 100
33 107
33 108
33 109
33 110
33 114
33 115
33 116
33 117
33 119
33 120
33 127
33 128
33 135
33 139
33 144
33 151
33 152
33 154
33 157
33 161
33 164
33 165
34 2
34 4
34 12
34 15
34 18
34 27
34 29
34 31
34 33
34 37
34 43
34 48
34 49
34 51
34 54
34 56
34 57
34 59
34 66
34 67
34 70
34 71
34 78
34 82
34 87
34 88
34 92
34 93
34 94
34 95
34 96
34 99
34 100
34 107
34 109
34 110
34 114
34 115
34 116
34 119
34 120
34 127
34 128
34 135
34 139
34 144
34 151
34 152
34 154
34 157
34 161
34 164
34 165
35 0
35 1
35 2
35 3
35 6
35 11
35 13
35 14
35 16
35 18
35 22
35 28
35 29
35 30
35 32
35 36
35 38
35 40
35 41
35 44
35 53
35 54
35 55
35 56
35 57
35 58
35 60
35 61
35 71
35 74
35 76
35 79
35 89
35 92
35 94
35 95
35 97
35 98
35 99
35 101
35 105
35 107
35 108
35 111
35 112
35 115
35 117
35 118
35 121
35 122
35 126
35 127
35 129
35 135
35 137
35 146
35 153
35 158
35 161
35 168
35 169
36 0
36 5
36 6
36 7
36 10
36 13
36 14
36 18
36 19
36 20
36 22
36 23
36 25
36 26
36 28
36 29
36 30
36 32
36 35
36 38
36 39
36 41
36 42
36 44
36 45
36 47
36 54
36 55
36 58
36 60
36 61
36 62
36 63
36 65
36 68
36 69
36 75
36 76
36 77
36 79
36 81
36 86
36 90
36 99
36 101
36 104
36 112
36 118
36 121
36 123
36 124
36 127
36 129
36 130
36 132
36 136
36 137
36 138
36 140
36 141
36 143
36 146
36 147
36 148
36 150
36 151
36 153
36 155
36 158
36 159
36 160
36 161
36 162
36 169
37 0
37 4
37 6
37 8
37 12
37 15
37 18
37 19
37 22
37 26
37 27
37 28
37 29
37 31
37 33
37 34
37 43
37 44
37 48
37 49
37 50
37 51
37 54
37 55
37 56
37 57
37 58
37 59
37 61
37 63
37 66
37 67
37 70
37 71
37 72
37 73
37 82
37 85
37 87
37 88
37 91
37 93
37 95
37 96
37 99
37 100
37 102
37 109
37 113
37 115
37 116
37 119
37 120
37 121
37 124
37 127
37 128
37 134
37 139
37 141
37 143
37 144
37 145
37 149
37 151
37 154
37 156
37 157
37 158
37 159
37 161
37 163
37 164
37 165
37 167
38 1
38 3
38 7
38 11
38 13
38 14
38 25
38 28
38 30
38 32
38 35
38 36
38 39
38 40
38 41
38 42
38 47
38 55
38 60
38 62
38 74
38 75
38 76
38 79
38 89
38 97
38 98
38 101
38 105
38 111
38 112
38 118
38 121
38 122
38 126
38 129
38 137
38 140
38 146
38 153
38 169
39 5
39 7
39 14
39 20
39 22
39 23
39 25
39 28
39 30
39 32
39 36
39 38
39 42
39 47
39 52
39 55
39 60
39 62
39 69
39 74
39 75
39 76
39 79
39 80
39 81
39 86
39 90
39 97
39 101
39 111
39 112
39 118
39 121
39 122
39 129
39 137
39 140
39 146
39 147
39 150
39 153
39 155
39 169
40 1
40 3
40 11
40 13
40 14
40 30
40 32
40 35
40 38
40 41
40 53
40 58
40 74
40 76
40 79
40 89
40 97
40 98
40 101
40 105
40 111
40 112
40 117
40 118
40 121
40 122
40 126
40 129
40 137
40 146
40 153
40 158
40 168
40 169
41 0
41 1
41 3
41 6
41 11
41 13
41 14
41 16
41 18
41 22
41 28
41 30
41 32
41 35
41 36
41 38
41 40
41 44
41 53
41 54
41 55
41 56
41 57
41 58
41 60
41 61
41 62
41 71
41 74
41 75
41 76
41 79
41 89
41 94
41 95
41 97
41 98
41 99
41 101
41 105
41 107
41 108
41 111
41 112
41 115
41 117
41 118
41 121
41 122
41 126
41 127
41 129
41 137
41 141
41 146
41 153
41 158
41 161
41 168
41 169
42 5
42 7
42 10
42 14
42 20
42 21
42 22
42 23
42 24
42 25
42 28
42 30
42 32
42 36
42 38
42 39
42 44
42 45
42 46
42 47
42 52
42 55
42 60
42 62
42 68
42 69
42 75
42 76
42 77
42 79
42 80
42 81
42 86
42 90
42 97
42 101
42 112
42 118
42 121
42 122
42 129
42 136
42 137
42 140
42 146
42 147
42 148
42 150
42 153
42 155
42 160
42 162
42 166
42 169
43 2
43 4
43 8
43 12
43 15
43 27
43 29
43 31
43 33
43 34
43 37
43 48
43 49
43 50
43 51
43 54
43 56
43 57
43 59
43 66
43 67
43 70
43 78
43 82
43 87
43 88
43 93
43 96
43 99
43 100
43 109
43 110
43 115
43 116
43 119
43 120
43 127
43 128
43 139
43 144
43 151
43 152
43 154
43 156
43 157
43 161
43 163
43 164
43 165
44 0
44 4
44 6
44 7
44 10
44 12
44 13
44 14
44 18
44 19
44 22
44 23
44 25
44 26
44 28
44 29
44 30
44 32
44 35
44 36
44 37
44 41
44 42
44 47
44 48
44 51
44 54
44 55
44 56
44 57
44 58
44 60
44 61
44 62
44 63
44 67
44 68
44 69
44 71
44 73
44 75
44 76
44 77
44 79
44 81
44 82
44 85
44 86
44 90
44 93
44 95
44 96
44 98
44 99
44 101
44 104
44 111
44 112
44 113
44 117
44 118
44 120
44 121
44 123
44 124
44 127
44 129
44 132
44 136
44 137
44 138
44 140
44 141
44 143
44 144
44 146
44 147
44 148
44 151
44 153
44 154
44 155
44 158
44 159
44 160
44 161
44 165
44 169
45 5
45 7
45 10
45 20
45 21
45 23
45 24
45 25
45 26
45 36
45 42
45 46
45 47
45 52
45 62
45 63
45 65
45 68
45 69
45 75
45 77
45 80
45 81
45 84
45 86
45 90
45 104
45 123
45 124
45 130
45 131
45 132
45 136
45 138
45 140
45 147
45 148
45 150
45 155
45 160
45 162
45 166
46 5
46 7
46 10
46 20
46 21
46 23
46 24
46 25
46 42
46 45
46 47
46 52
46 62
46 65
46 68
46 69
46 75
46 77
46 80
46 81
46 86
46 90
46 104
46 123
46 130
46 131
46 132
46 136
46 138
46 140
46 147
46 148
46 150
46 155
46 160
46 162
46 166
47 5
47 6
47 7
47 10
47 14
47 20
47 21
47 22
47 23
47 24
47 25
47 28
47 30
47 32
47 36
47 38
47 39
47 42
47 44
47 45
47 46
47 52
47 55
47 60
47 62
47 63
47 68
47 69
47 75
47 76
47 77
47 79
47 80
47 81
47 86
47 90
47 97
47 101
47 112
47 118
47 121
47 129
47 132
47 136
47 137
47 138
47 140
47 143
47 146
47 147
47 148
47 150
47 153
47 155
47 160
47 162
47 166
47 169
48 0
48 4
48 6
48 8
48 9
48 12
48 15
48 18
48 19
48 22
48 26
48 27
48 28
48 29
48 31
48 33
48 34
48 37
48 43
48 44
48 49
48 50
48 51
48 54
48 55
48 56
48 57
48 59
48 60
48 61
48 63
48 64
48 66
48 67
48 68
48 70
48 71
48 72
48 73
48 82
48 84
48 85
48 87
48 91
48 93
48 95
48 96
48 99
48 102
48 104
48 113
48 116
48 118
48 120
48 121
48 123
48 124
48 127
48 128
48 133
48 134
48 138
48 139
48 141
48 143
48 144
48 145
48 149
48 151
48 154
48 156
48 157
48 158
48 159
48 160
48 161
48 163
48 164
48 165
48 167
49 2
49 4
49 12
49 15
49 18
49 27
49 29
49 31
49 33
49 34
49 37
49 43
49 48
49 51
49 54
49 56
49 57
49 59
49 66
49 67
49 71
49 78
49 82
49 87
49 88
49 92
49 93
49 94
49 95
49 96
49 100
49 107
49 108
49 109
49 110
49 114
49 115
49 116
49 119
49 120
49 127
49 128
49 135
49 139
49 144
49 152
49 154
49 157
49 164
49 165
50 4
50 8
50 9
50 12
50 17
50 19
50 37
50 43
50 48
50 64
50 67
50 70
50 72
50 73
50 83
50 85
50 91
50 93
50 96
50 102
50 103
50 106
50 113
50 116
50 120
50 125
50 133
50 134
50 139
50 144
50 145
50 149
50 154
50 156
50 163
50 164
50 165
50 167
51 0
51 2
51 4
51 6
51 8
51 12
51 15
51 18
51 19
51 27
51 29
51 31
51 33
51 34
51 37
51 43
51 44
51 48
51 49
51 54
51 56
51 57
51 58
51 59
51 61
51 66
51 67
51 70
51 71
51 73
51 78
51 82
51 85
51 87
51 88
51 92
51 93
51 94
51 95
51 96
51 99
51 100
51 107
51 109
51 114
51 115
51 116
51 119
51 120
51 127
51 128
51 135
51 139
51 141
51 144
51 151
51 152
51 154
51 156
51 157
51 158
51 159
51 161
51 163
51 164
51 165
52 5
52 7
52 10
52 20
52 21
52 23
52 24
52 25
52 39
52 42
52 45
52 46
52 47
52 62
52 65
52 68
52 69
52 75
52 77
52 80
52 81
52 86
52 90
52 123
52 130
52 131
52 132
52 136
52 138
52 140
52 147
52 148
52 150
52 155
52 160
52 162
52 166
53 1
53 3
53 11
53 13
53 14
53 16
53 18
53 30
53 32
53 35
53 40
53 41
53 56
53 58
53 71
53 74
53 76
53 79
53 89
53 94
53 95
53 98
53 101
53 105
53 107
53 108
53 111
53 112
53 115
53 117
53 118
53 121
53 122
53 126
53 135
53 137
53 158
53 168
53 169
54 0
54 4
54 6
54 8
54 10
54 12
54 13
54 14
54 15
54 18
54 19
54 22
54 25
54 26
54 27
54 28
54 29
54 30
54 31
54 33
54 34
54 35
54 36
54 37
54 41
54 43
54 44
54 48
54 49
54 51
54 55
54 56
54 57
54 58
54 60
54 61
54 62
54 63
54 67
54 68
54 70
54 71
54 72
54 73
54 75
54 82
54 85
54 87
54 93
54 95
54 96
54 98
54 99
54 102
54 104
54 107
54 113
54 115
54 116
54 117
54 118
54 120
54 121
54 123
54 124
54 127
54 128
54 132
54 134
54 138
54 139
54 141
54 143
54 144
54 145
54 147
54 148
54 151
54 153
54 154
54 157
54 158
54 159
54 160
54 161
54 163
54 164
54 165
54 169
55 0
55 4
55 6
55 7
55 10
55 12
55 13
55 14
55 18
55 19
55 22
55 23
55 25
55 26
55 28
55 29
55 30
55 32
55 35
55 36
55 37
55 38
55 39
55 41
55 42
55 44
55 47
55 48
55 54
55 56
55 57
55 58
55 60
55 61
55 62
55 63
55 67
55 68
55 69
55 71
55 75
55 76
55 77
55 79
55 81
55 82
55 85
55 86
55 89
55 90
55 93
55 95
55 98
55 99
55 101
55 104
55 111
55 112
55 117
55 118
55 120
55 121
55 122
55 123
55 124
55 126
55 127
55 129
55 132
55 137
55 138
55 140
55 141
55 143
55 146
55 147
55 148
55 151
55 153
55 154
55 155
55 158
55 159
55 160
55 161
55 165
55 169
56 0
56 2
56 4
56 6
56 12
56 13
56 15
56 16
56 18
56 19
56 22
56 27
56 28
56 29
56 30
56 31
56 33
56 34
56 35
56 37
56 41
56 43
56 44
56 48
56 49
56 51
56 53
56 54
56 55
56 57
56 58
56 59
56 61
56 66
56 67
56 71
56 78
56 82
56 87
56 88
56 92
56 93
56 94
56 95
56 96
56 98
56 99
56 100
56 107
56 108
56 109
56 110
56 114
56 115
56 117
56 118
56 119
56 120
56 121
56 127
56 128
56 135
56 141
56 144
56 151
56 152
56 154
56 157
56 158
56 161
56 165
56 168
57 0
57 2
57 4
57 6
57 12
57 13
57 15
57 16
57 18
57 19
57 22
57 27
57 28
57 29
57 30
57 31
57 32
57 33
57 34
57 35
57 37
57 41
57 43
57 44
57 48
57 49
57 51
57 54
57 55
57 56
57 58
57 59
57 60
57 61
57 66
57 67
57 71
57 82
57 87
57 88
57 92
57 93
57 94
57 95
57 96
57 98
57 99
57 100
57 107
57 108
57 109
57 114
57 115
57 116
57 117
57 118
57 119
57 120
57 121
57 127
57 128
57 135
57 139
57 141
57 143
57 144
57 151
57 152
57 153
57 154
57 157
57 158
57 159
57 161
57 164
57 165
57 168
57 169
58 0
58 1
58 2
58 3
58 4
58 6
58 11
58 12
58 13
58 14
58 15
58 16
58 18
58 19
58 22
58 25
58 28
58 29
58 30
58 32
58 35
58 36
58 37
58 40
58 41
58 44
58 51
58 53
58 54
58 55
58 56
58 57
58 60
58 61
58 62
58 67
58 71
58 75
58 76
58 79
58 82
58 89
58 92
58 93
58 94
58 95
58 98
58 99
58 101
58 105
58 107
58 108
58 111
58 112
58 115
58 117
58 118
58 121
58 122
58 126
58 127
58 129
58 135
58 137
58 141
58 143
58 144
58 146
58 151
58 153
58 158
58 159
58 161
58 168
58 169
59 2
59 4
59 12
59 15
59 27
59 29
59 31
59 33
59 34
59 37
59 43
59 48
59 49
59 51
59 56
59 57
59 66
59 67
59 71
59 78
59 82
59 87
59 88
59 92
59 93
59 94
59 96
59 100
59 109
59 110
59 114
59 115
59 116
59 119
59 120
59 127
59 128
59 135
59 139
59 144
59 152
59 154
59 157
59 164
60 0
60 4
60 6
60 7
60 10
60 12
60 13
60 14
60 18
60 19
60 22
60 23
60 25
60 26
60 28
60 29
60 30
60 32
60 35
60 36
60 38
60 39
60 41
60 42
60 44
60 47
60 48
60 54
60 55
60 57
60 58
60 61
60 62
60 63
60 65
60 67
60 68
60 69
60 71
60 72
60 73
60 75
60 76
60 77
60 79
60 81
60 82
60 85
60 86
60 90
60 93
60 95
60 98
60 99
60 101
60 104
60 112
60 113
60 118
60 120
60 121
60 123
60 124
60 127
60 129
60 130
60 132
60 136
60 137
60 138
60 140
60 141
60 143
60 146
60 147
60 148
60 151
60 153
60 154
60 155
60 158
60 159
60 160
60 161
60 162
60 165
60 169
61 0
61 4
61 6
61 7
61 10
61 12
61 13
61 14
61 18
61 19
61 22
61 25
61 26
61 28
61 29
61 30
61 32
61 35
61 36
61 37
61 41
61 44
61 48
61 51
61 54
61 55
61 56
61 57
61 58
61 60
61 62
61 63
61 67
61 68
61 70
61 71
61 72
61 73
61 75
61 76
61 77
61 79
61 82
61 85
61 86
61 90
61 93
61 95
61 96
61 98
61 99
61 102
61 104
61 113
61 115
61 116
61 117
61 118
61 120
61 121
61 123
61 124
61 127
61 129
61 130
61 132
61 134
61 136
61 137
61 138
61 139
61 140
61 141
61 143
61 144
61 145
61 147
61 148
61 151
61 153
61 154
61 155
61 157
61 158
61 159
61 160
61 161
61 165
61 169
62 0
62 5
62 6
62 7
62 10
62 13
62 14
62 19
62 20
62 22
62 23
62 24
62 25
62 26
62 28
62 30
62 32
62 36
62 38
62 39
62 41
62 42
62 44
62 45
62 46
62 47
62 52
62 54
62 55
62 58
62 60
62 61
62 63
62 65
62 68
62 69
62 75
62 76
62 77
62 79
62 80
62 81
62 86
62 90
62 97
62 99
62 101
62 104
62 112
62 118
62 121
62 123
62 124
62 129
62 130
62 132
62 136
62 137
62 138
62 140
62 141
62 143
62 146
62 147
62 148
62 150
62 151
62 153
62 155
62 158
62 159
62 160
62 161
62 162
62 166
62 169
63 0
63 4
63 6
63 7
63 9
63 10
63 12
63 14
63 17
63 19
63 22
63 23
63 25
63 26
63 28
63 29
63 30
63 36
63 37
63 44
63 45
63 47
63 48
63 54
63 55
63 60
63 61
63 62
63 64
63 65
63 67
63 68
63 69
63 70
63 72
63 73
63 75
63 77
63 81
63 82
63 83
63 84
63 85
63 86
63 90
63 91
63 93
63 96
63 99
63 102
63 103
63 104
63 113
63 116
63 118
63 120
63 121
63 123
63 124
63 125
63 127
63 130
63 131
63 132
63 134
63 136
63 138
63 139
63 140
63 141
63 142
63 143
63 145
63 147
63 148
63 151
63 153
63 154
63 155
63 158
63 159
63 160
63 161
63 162
63 165
63 167
64 8
64 9
64 10
64 17
64 19
64 26
64 48
64 50
64 63
64 65
64 68
64 70
64 72
64 73
64 77
64 83
64 84
64 85
64 91
64 93
64 96
64 102
64 103
64 104
64 106
64 113
64 116
64 120
64 123
64 124
64 125
64 130
64 131
64 132
64 133
64 134
64 136
64 138
64 139
64 141
64 142
64 143
64 145
64 148
64 149
64 151
64 154
64 156
64 159
64 160
64 163
64 165
64 167
65 6
65 7
65 9
65 10
65 17
65 19
65 20
65 23
65 24
65 25
65 26
65 36
65 45
65 46
65 52
65 60
65 62
65 63
65 64
65 68
65 69
65 72
65 73
65 75
65 77
65 81
65 83
65 84
65 85
65 86
65 90
65 91
65 102
65 103
65 104
65 113
65 123
65 124
65 125
65 130
65 131
65 132
65 134
65 136
65 138
65 140
65 141
65 142
65 143
65 145
65 147
65 148
65 151
65 155
65 159
65 160
65 162
65 166
66 2
66 4
66 8
66 12
66 15
66 27
66 29
66 31
66 33
66 34
66 37
66 43
66 48
66 49
66 51
66 56
66 57
66 59
66 67
66 70
66 78
66 82
66 87
66 88
66 92
66 93
66 96
66 100
66 109
66 110
66 115
66 116
66 119
66 120
66 127
66 128
66 139
66 144
66 152
66 154
66 157
66 164
66 165
67 0
67 4
67 6
67 8
67 12
67 13
67 15
67 18
67 19
67 22
67 26
67 27
67 28
67 29
67 30
67 31
67 33
67 34
67 37
67 43
67 44
67 48
67 49
67 50
67 51
67 54
67 55
67 56
67 57
67 58
67 59
67 60
67 61
67 63
67 66
67 68
67 70
67 71
67 72
67 73
67 82
67 85
67 87
67 88
67 91
67 93
67 95
67 96
67 99
67 100
67 102
67 109
67 113
67 115
67 116
67 118
67 119
67 120
67 121
67 124
67 127
67 128
67 134
67 138
67 139
67 141
67 143
67 144
67 145
67 149
67 151
67 154
67 156
67 157
67 158
67 159
67 161
67 163
67 164
67 165
67 167
68 0
68 6
68 7
68 9
68 10
68 17
68 19
68 20
68 22
68 23
68 25
68 26
68 28
68 30
68 36
68 42
68 44
68 45
68 46
68 47
68 48
68 52
68 54
68 55
68 60
68 61
68 62
68 63
68 64
68 65
68 67
68 69
68 72
68 73
68 75
68 77
68 81
68 83
68 84
68 85
68 86
68 90
68 91
68 93
68 99
68 102
68 103
68 104
68 113
68 118
68 120
68 121
68 123
68 124
68 125
68 130
68 131
68 132
68 134
68 136
68 138
68 140
68 141
68 142
68 143
68 145
68 147
68 148
68 151
68 153
68 154
68 155
68 159
68 160
68 161
68 162
68 165
68 166
69 5
69 6
69 7
69 10
69 20
69 21
69 22
69 23
69 24
69 25
69 26
69 36
69 39
69 42
69 44
69 45
69 46
69 47
69 52
69 55
69 60
69 62
69 63
69 65
69 68
69 75
69 77
69 80
69 81
69 84
69 86
69 90
69 104
69 123
69 124
69 130
69 131
69 132
69 136
69 138
69 140
69 143
69 146
69 147
69 148
69 150
69 153
69 155
69 159
69 160
69 162
69 166
70 0
70 4
70 6
70 8
70 9
70 12
70 15
70 17
70 19
70 26
70 27
70 29
70 31
70 34
70 37
70 43
70 48
70 50
70 51
70 54
70 61
70 63
70 64
70 66
70 67
70 72
70 73
70 82
70 83
70 84
70 85
70 91
70 93
70 96
70 99
70 102
70 103
70 104
70 106
70 113
70 116
70 120
70 124
70 125
70 127
70 133
70 134
70 138
70 139
70 141
70 142
70 143
70 144
70 145
70 149
70 151
70 154
70 156
70 157
70 159
70 161
70 163
70 164
70 165
70 167
71 0
71 2
71 4
71 6
71 11
71 12
71 13
71 15
71 16
71 18
71 19
71 22
71 27
71 28
71 29
71 30
71 31
71 32
71 33
71 34
71 35
71 37
71 41
71 44
71 48
71 49
71 51
71 53
71 54
71 55
71 56
71 57
71 58
71 59
71 60
71 61
71 67
71 82
71 87
71 88
71 89
71 92
71 93
71 94
71 95
71 96
71 98
71 99
71 100
71 105
71 107
71 108
71 109
71 111
71 114
71 115
71 117
71 118
71 119
71 120
71 121
71 126
71 127
71 128
71 135
71 141
71 144
71 151
71 152
71 153
71 154
71 157
71 158
71 161
71 168
71 169
72 0
72 4
72 6
72 8
72 9
72 10
72 12
72 17
72 19
72 26
72 29
72 37
72 48
72 50
72 54
72 60
72 61
72 63
72 64
72 65
72 67
72 68
72 70
72 73
72 77
72 82
72 83
72 84
72 85
72 90
72 91
72 93
72 96
72 99
72 102
72 103
72 104
72 106
72 113
72 116
72 120
72 123
72 124
72 125
72 130
72 131
72 132
72 133
72 134
72 136
72 138
72 139
72 141
72 142
72 143
72 144
72 145
72 147
72 148
72 149
72 151
72 154
72 156
72 159
72 160
72 161
72 163
72 164
72 165
72 167
73 0
73 4
73 6
73 8
73 9
73 10
73 12
73 17
73 19
73 22
73 26
73 29
73 37
73 44
73 48
73 50
73 51
73 54
73 60
73 61
73 63
73 64
73 65
73 67
73 68
73 70
73 72
73 77
73 82
73 83
73 84
73 85
73 90
73 91
73 93
73 96
73 99
73 102
73 103
73 104
73 106
73 113
73 116
73 120
73 123
73 124
73 125
73 127
73 130
73 131
73 132
73 133
73 134
73 136
73 138
73 139
73 141
73 142
73 143
73 144
73 145
73 147
73 148
73 149
73 151
73 154
73 156
73 159
73 160
73 161
73 163
73 164
73 165
73 167
74 1
74 3
74 11
74 14
74 32
74 35
74 38
74 39
74 40
74 41
74 53
74 76
74 79
74 89
74 97
74 101
74 105
74 111
74 112
74 122
74 126
74 129
74 137
74 146
74 169
75 0
75 5
75 6
75 7
75 10
75 13
75 14
75 19
75 20
75 22
75 23
75 24
75 25
75 26
75 28
75 30
75 32
75 36
75 38
75 39
75 41
75 42
75 44
75 45
75 46
75 47
75 52
75 54
75 55
75 58
75 60
75 61
75 62
75 63
75 65
75 68
75 69
75 76
75 77
75 79
75 80
75 81
75 86
75 90
75 99
75 104
75 112
75 118
75 121
75 123
75 124
75 129
75 130
75 131
75 132
75 136
75 137
75 138
75 140
75 141
75 143
75 146
75 147
75 148
75 150
75 151
75 153
75 155
75 158
75 159
75 160
75 161
75 162
75 166
75 169
76 0
76 1
76 3
76 7
76 11
76 13
76 14
76 18
76 22
76 25
76 28
76 30
76 32
76 35
76 36
76 38
76 39
76 40
76 41
76 42
76 44
76 47
76 53
76 55
76 58
76 60
76 61
76 62
76 74
76 75
76 79
76 89
76 95
76 97
76 98
76 101
76 105
76 111
76 112
76 117
76 118
76 121
76 122
76 126
76 129
76 137
76 140
76 146
76 153
76 158
76 169
77 0
77 5
77 6
77 7
77 9
77 10
77 17
77 19
77 20
77 21
77 22
77 23
77 24
77 25
77 26
77 36
77 42
77 44
77 45
77 46
77 47
77 52
77 55
77 60
77 61
77 62
77 63
77 64
77 65
77 68
77 69
77 72
77 73
77 75
77 80
77 81
77 84
77 85
77 86
77 90
77 102
77 103
77 104
77 113
77 123
77 124
77 125
77 130
77 131
77 132
77 134
77 136
77 138
77 140
77 141
77 142
77 143
77 145
77 147
77 148
77 150
77 151
77 155
77 159
77 160
77 162
77 166
78 2
78 15
78 27
78 31
78 33
78 34
78 43
78 49
78 51
78 56
78 59
78 66
78 82
78 87
78 88
78 92
78 94
78 100
78 107
78 109
78 110
78 114
78 115
78 119
78 128
78 135
78 144
78 152
78 157
79 0
79 1
79 3
79 6
79 7
79 11
79 13
79 14
79 18
79 22
79 23
79 25
79 28
79 30
79 32
79 35
79 36
79 38
79 39
79 40
79 41
79 42
79 44
79 47
79 53
79 55
79 58
79 60
79 61
79 62
79 74
79 75
79 76
79 81
79 86
79 89
79 90
79 97
79 98
79 101
79 105
79 111
79 112
79 117
79 118
79 121
79 122
79 126
79 129
79 137
79 140
79 143
79 146
79 147
79 153
79 158
79 169
80 5
80 7
80 10
80 20
80 21
80 23
80 24
80 25
80 39
80 42
80 45
80 46
80 47
80 52
80 62
80 69
80 75
80 77
80 81
80 86
80 90
80 136
80 140
80 146
80 147
80 148
80 150
80 155
80 162
80 166
81 5
81 6
81 7
81 10
81 14
81 20
81 21
81 22
81 23
81 24
81 25
81 28
81 36
81 39
81 42
81 44
81 45
81 46
81 47
81 52
81 55
81 60
81 62
81 63
81 65
81 68
81 69
81 75
81 77
81 79
81 80
81 86
81 90
81 104
81 123
81 124
81 129
81 130
81 131
81 132
81 136
81 138
81 140
81 143
81 146
81 147
81 148
81 150
81 153
81 155
81 160
81 162
81 166
82 0
82 2
82 4
82 6
82 8
82 12
82 13
82 15
82 18
82 19
82 22
82 27
82 28
82 29
82 30
82 31
82 33
82 34
82 37
82 43
82 44
82 48
82 49
82 51
82 54
82 55
82 56
82 57
82 58
82 59
82 60
82 61
82 63
82 66
82 67
82 70
82 71
82 72
82 73
82 78
82 85
82 87
82 88
82 92
82 93
82 94
82 95
82 96
82 98
82 99
82 100
82 107
82 108
82 109
82 113
82 115
82 116
82 117
82 118
82 119
82 120
82 121
82 124
82 127
82 128
82 134
82 135
82 139
82 141
82 143
82 144
82 151
82 152
82 154
82 157
82 158
82 159
82 161
82 163
82 164
82 165
83 8
83 9
83 17
83 26
83 50
83 63
83 64
83 65
83 68
83 70
83 72
83 73
83 84
83 85
83 91
83 102
83 103
83 104
83 106
83 113
83 116
83 123
83 124
83 125
83 130
83 131
83 132
83 133
83 134
83 138
83 139
83 142
83 145
83 149
83 156
83 159
83 160
83 163
83 165
83 167
84 6
84 8
84 9
84 10
84 17
84 19
84 26
84 45
84 48
84 63
84 64
84 65
84 68
84 69
84 70
84 72
84 73
84 77
84 83
84 85
84 86
84 90
84 91
84 99
84 102
84 103
84 104
84 106
84 113
84 123
84 124
84 125
84 130
84 131
84 132
84 133
84 134
84 136
84 138
84 139
84 141
84 142
84 143
84 145
84 147
84 148
84 149
84 151
84 155
84 156
84 159
84 160
84 162
84 163
84 165
84 167
85 0
85 4
85 6
85 8
85 9
85 10
85 12
85 17
85 19
85 22
85 26
85 28
85 29
85 37
85 44
85 48
85 50
85 51
85 54
85 55
85 60
85 61
85 63
85 64
85 65
85 67
85 68
85 70
85 72
85 73
85 77
85 82
85 83
85 84
85 90
85 91
85 93
85 96
85 99
85 102
85 103
85 104
85 106
85 113
85 116
85 120
85 123
85 124
85 125
85 127
85 130
85 131
85 132
85 133
85 134
85 136
85 138
85 139
85 141
85 142
85 143
85 144
85 145
85 147
85 148
85 149
85 151
85 154
85 156
85 159
85 160
85 161
85 163
85 164
85 165
85 167
86 0
86 5
86 6
86 7
86 10
86 14
86 19
86 20
86 21
86 22
86 23
86 24
86 25
86 26
86 28
86 30
86 36
86 39
86 42
86 44
86 45
86 46
86 47
86 52
86 55
86 60
86 61
86 62
86 63
86 65
86 68
86 69
86 75
86 77
86 79
86 80
86 81
86 84
86 90
86 99
86 104
86 118
86 121
86 123
86 124
86 129
86 130
86 131
86 132
86 136
86 138
86 140
86 141
86 143
86 146
86 147
86 148
86 150
86 151
86 153
86 155
86 159
86 160
86 161
86 162
86 166
87 2
87 4
87 12
87 15
87 16
87 18
87 27
87 29
87 31
87 33
87 34
87 37
87 43
87 48
87 49
87 51
87 54
87 56
87 57
87 59
87 66
87 67
87 71
87 78
87 82
87 88
87 92
87 93
87 94
87 95
87 96
87 100
87 107
87 108
87 109
87 110
87 114
87 115
87 119
87 120
87 127
87 128
87 135
87 144
87 152
87 154
87 157
87 164
87 168
88 2
88 4
88 12
88 15
88 16
88 18
88 27
88 29
88 31
88 33
88 34
88 37
88 43
88 49
88 51
88 56
88 57
88 59
88 66
88 67
88 71
88 78
88 82
88 87
88 92
88 94
88 95
88 100
88 107
88 108
88 109
88 110
88 114
88 115
88 117
88 119
88 127
88 128
88 135
88 144
88 152
88 157
88 168
89 1
89 3
89 11
89 13
89 14
89 16
89 18
89 22
89 28
89 30
89 32
89 35
89 38
89 40
89 41
89 53
89 55
89 58
89 71
89 74
89 76
89 79
89 95
89 97
89 98
89 101
89 105
89 107
89 108
89 111
89 112
89 117
89 118
89 121
89 122
89 126
89 129
89 137
89 146
89 153
89 158
89 168
89 169
90 0
90 5
90 6
90 7
90 10
90 14
90 19
90 20
90 21
90 22
90 23
90 24
90 25
90 26
90 28
90 30
90 36
90 39
90 42
90 44
90 45
90 46
90 47
90 52
90 55
90 60
90 61
90 62
90 63
90 65
90 68
90 69
90 72
90 73
90 75
90 77
90 79
90 80
90 81
90 84
90 85
90 86
90 99
90 102
90 104
90 113
90 118
90 121
90 123
90 124
90 129
90 130
90 131
90 132
90 136
90 138
90 140
90 141
90 142
90 143
90 145
90 146
90 147
90 148
90 150
90 151
90 153
90 155
90 159
90 160
90 161
90 162
90 166
91 4
91 6
91 8
91 9
91 17
91 19
91 26
91 37
91 48
91 50
91 63
91 64
91 65
91 67
91 68
91 70
91 72
91 73
91 83
91 84
91 85
91 93
91 96
91 99
91 102
91 103
91 104
91 106
91 113
91 116
91 120
91 123
91 124
91 125
91 130
91 131
91 132
91 133
91 134
91 138
91 139
91 141
91 142
91 143
91 145
91 149
91 151
91 154
91 156
91 159
91 160
91 161
91 163
91 164
91 165
91 167
92 2
92 12
92 15
92 16
92 18
92 27
92 29
92 31
92 33
92 34
92 35
92 49
92 51
92 56
92 57
92 58
92 59
92 66
92 71
92 78
92 82
92 87
92 88
92 94
92 95
92 98
92 100
92 107
92 108
92 109
92 110
92 114
92 115
92 117
92 119
92 127
92 128
92 135
92 144
92 152
92 157
92 168
93 0
93 4
93 6
93 8
93 12
93 15
93 18
93 19
93 22
93 26
93 27
93 28
93 29
93 30
93 31
93 33
93 34
93 37
93 43
93 44
93 48
93 49
93 50
93 51
93 54
93 55
93 56
93 57
93 58
93 59
93 60
93 61
93 63
93 64
93 66
93 67
93 68
93 70
93 71
93 72
93 73
93 82
93 85
93 87
93 91
93 95
93 96
93 99
93 102
93 104
93 113
93 115
93 116
93 118
93 120
93 121
93 123
93 124
93 127
93 128
93 133
93 134
93 138
93 139
93 141
93 143
93 144
93 145
93 149
93 151
93 154
93 156
93 157
93 158
93 159
93 160
93 161
93 163
93 164
93 165
93 167
94 2
94 12
94 13
94 15
94 16
94 18
94 27
94 29
94 33
94 34
94 35
94 41
94 49
94 51
94 53
94 56
94 57
94 58
94 59
94 71
94 78
94 82
94 87
94 88
94 92
94 95
94 98
94 100
94 105
94 107
94 108
94 109
94 110
94 114
94 115
94 117
94 119
94 127
94 128
94 135
94 144
94 152
94 157
94 158
94 168
95 0
95 2
95 4
95 6
95 11
95 12
95 13
95 14
95 15
95 16
95 18
95 19
95 22
95 28
95 29
95 30
95 32
95 33
95 34
95 35
95 37
95 41
95 44
95 48
95 49
95 51
95 53
95 54
95 55
95 56
95 57
95 58
95 60
95 61
95 67
95 71
95 76
95 82
95 87
95 88
95 89
95 92
95 93
95 94
95 96
95 98
95 99
95 100
95 105
95 107
95 108
95 109
95 111
95 114
95 115
95 117
95 118
95 120
95 121
95 126
95 127
95 128
95 135
95 141
95 143
95 144
95 151
95 152
95 153
95 154
95 157
95 158
95 161
95 165
95 168
95 169
96 0
96 4
96 6
96 8
96 12
96 15
96 18
96 19
96 22
96 26
96 27
96 28
96 29
96 31
96 33
96 34
96 37
96 43
96 44
96 48
96 49
96 50
96 51
96 54
96 56
96 57
96 59
96 61
96 63
96 64
96 66
96 67
96 70
96 71
96 72
96 73
96 82
96 85
96 87
96 91
96 93
96 95
96 99
96 102
96 113
96 115
96 116
96 119
96 120
96 124
96 127
96 128
96 133
96 134
96 139
96 141
96 143
96 144
96 145
96 149
96 151
96 154
96 156
96 157
96 159
96 161
96 163
96 164
96 165
96 167
97 1
97 3
97 11
97 13
97 14
97 30
97 32
97 35
97 38
97 39
97 40
97 41
97 42
97 47
97 62
97 74
97 76
97 79
97 89
97 101
97 105
97 111
97 112
97 118
97 122
97 126
97 129
97 137
97 140
97 146
97 153
97 169
98 0
98 1
98 2
98 3
98 11
98 13
98 14
98 16
98 18
98 22
98 28
98 29
98 30
98 32
98 35
98 38
98 40
98 41
98 44
98 53
98 54
98 55
98 56
98 57
98 58
98 60
98 61
98 71
98 76
98 79
98 82
98 89
98 92
98 94
98 95
98 99
98 101
98 105
98 107
98 108
98 111
98 112
98 114
98 115
98 117
98 118
98 121
98 122
98 126
98 127
98 129
98 135
98 137
98 153
98 158
98 161
98 168
98 169
99 0
99 4
99 6
99 8
99 10
99 12
99 13
99 15
99 18
99 19
99 22
99 25
99 26
99 28
99 29
99 30
99 33
99 34
99 35
99 36
99 37
99 41
99 43
99 44
99 48
99 51
99 54
99 55
99 56
99 57
99 58
99 60
99 61
99 62
99 63
99 67
99 68
99 70
99 71
99 72
99 73
99 75
99 82
99 84
99 85
99 86
99 90
99 91
99 93
99 95
99 96
99 98
99 102
99 104
99 113
99 115
99 116
99 117
99 118
99 120
99 121
99 123
99 124
99 127
99 130
99 132
99 134
99 138
99 139
99 141
99 143
99 144
99 145
99 147
99 148
99 151
99 153
99 154
99 156
99 157
99 158
99 159
99 160
99 161
99 163
99 164
99 165
99 167
100 2
100 4
100 12
100 15
100 16
100 18
100 27
100 29
100 31
100 33
100 34
100 37
100 43
100 49
100 51
100 56
100 57
100 59
100 66
100 67
100 71
100 78
100 82
100 87
100 88
100 92
100 94
100 95
100 107
100 108
100 109
100 110
100 114
100 115
100 117
100 119
100 127
100 128
100 135
100 144
100 152
100 157
100 168
101 1
101 3
101 11
101 13
101 14
101 22
101 28
101 30
101 32
101 35
101 36
101 38
101 39
101 40
101 41
101 42
101 44
101 47
101 53
101 55
101 58
101 60
101 62
101 74
101 76
101 79
101 89
101 97
101 98
101 105
101 111
101 112
101 117
101 118
101 121
101 122
101 126
101 129
101 137
101 140
101 146
101 153
101 158
101 169
102 0
102 4
102 6
102 8
102 9
102 10
102 12
102 17
102 19
102 26
102 37
102 48
102 50
102 54
102 61
102 63
102 64
102 65
102 67
102 68
102 70
102 72
102 73
102 77
102 83
102 84
102 85
102 90
102 91
102 93
102 96
102 99
102 103
102 104
102 106
102 113
102 116
102 120
102 123
102 124
102 125
102 130
102 131
102 132
102 133
102 134
102 136
102 138
102 139
102 141
102 142
102 143
102 145
102 147
102 148
102 149
102 151
102 154
102 156
102 159
102 160
102 161
102 163
102 165
102 167
103 8
103 9
103 10
103 17
103 19
103 26
103 50
103 63
103 64
103 65
103 68
103 70
103 72
103 73
103 77
103 83
103 84
103 85
103 91
103 102
103 104
103 106
103 113
103 123
103 124
103 125
103 130
103 131
103 132
103 133
103 134
103 136
103 138
103 139
103 142
103 143
103 145
103 148
103 149
103 156
103 159
103 160
103 162
103 163
103 165
103 167
104 0
104 6
104 7
104 9
104 10
104 17
104 19
104 20
104 22
104 23
104 25
104 26
104 28
104 36
104 44
104 45
104 46
104 48
104 54
104 55
104 60
104 61
104 62
104 63
104 64
104 65
104 68
104 69
104 70
104 72
104 73
104 75
104 77
104 81
104 83
104 84
104 85
104 86
104 90
104 91
104 93
104 99
104 102
104 103
104 113
104 120
104 121
104 123
104 124
104 125
104 130
104 131
104 132
104 133
104 134
104 136
104 138
104 140
104 141
104 142
104 143
104 145
104 147
104 148
104 151
104 153
104 154
104 155
104 159
104 160
104 161
104 162
104 165
104 166
104 167
105 1
105 3
105 11
105 13
105 14
105 16
105 18
105 30
105 32
105 35
105 38
105 40
105 41
105 53
105 58
105 71
105 74
105 76
105 79
105 89
105 94
105 95
105 97
105 98
105 101
105 107
105 108
105 111
105 112
105 117
105 118
105 122
105 126
105 137
105 158
105 168
105 169
106 8
106 9
106 17
106 26
106 50
106 64
106 70
106 72
106 73
106 83
106 84
106 85
106 91
106 102
106 103
106 113
106 116
106 125
106 130
106 133
106 134
106 139
106 142
106 145
106 149
106 156
106 163
106 167
107 2
107 11
107 12
107 13
107 15
107 16
107 18
107 29
107 30
107 33
107 34
107 35
107 41
107 49
107 51
107 53
107 54
107 56
107 57
107 58
107 71
107 78
107 82
107 87
107 88
107 89
107 92
107 94
107 95
107 98
107 100
107 105
107 108
107 109
107 110
107 114
107 115
107 117
107 118
107 119
107 126
107 127
107 128
107 135
107 144
107 152
107 157
107 158
107 168
108 1
108 2
108 11
108 13
108 15
108 16
108 18
108 29
108 30
108 32
108 33
108 35
108 41
108 49
108 53
108 56
108 57
108 58
108 71
108 82
108 87
108 88
108 89
108 92
108 94
108 95
108 98
108 100
108 105
108 107
108 109
108 110
108 111
108 114
108 115
108 117
108 118
108 121
108 126
108 127
108 128
108 135
108 152
108 157
108 158
108 168
108 169
109 2
109 4
109 12
109 15
109 27
109 29
109 31
109 33
109 34
109 37
109 43
109 49
109 51
109 56
109 57
109 59
109 66
109 67
109 71
109 78
109 82
109 87
109 88
109 92
109 94
109 95
109 100
109 107
109 108
109 110
109 114
109 115
109 119
109 128
109 135
109 144
109 152
109 157
109 164
110 2
110 15
110 27
110 31
110 33
110 34
110 43
110 49
110 56
110 59
110 66
110 78
110 87
110 88
110 92
110 94
110 100
110 107
110 108
110 109
110 114
110 115
110 119
110 128
110 135
110 152
110 157
111 1
111 3
111 11
111 13
111 14
111 16
111 18
111 22
111 28
111 30
111 32
111 35
111 38
111 39
111 40
111 41
111 44
111 53
111 55
111 58
111 71
111 74
111 76
111 79
111 89
111 95
111 97
111 98
111 101
111 105
111 108
111 112
111 117
111 118
111 121
111 122
111 126
111 129
111 137
111 146
111 153
111 158
111 168
111 169
112 1
112 3
112 7
112 11
112 13
112 14
112 22
112 28
112 30
112 32
112 35
112 36
112 38
112 39
112 40
112 41
112 42
112 44
112 47
112 53
112 55
112 58
112 60
112 62
112 74
112 75
112 76
112 79
112 89
112 97
112 98
112 101
112 105
112 111
112 118
112 121
112 122
112 126
112 129
112 137
112 140
112 146
112 153
112 158
112 169
113 0
113 4
113 6
113 8
113 9
113 10
113 12
113 17
113 19
113 22
113 26
113 29
113 37
113 44
113 48
113 50
113 54
113 60
113 61
113 63
113 64
113 65
113 67
113 68
113 70
113 72
113 73
113 77
113 82
113 83
113 84
113 85
113 90
113 91
113 93
113 96
113 99
113 102
113 103
113 104
113 106
113 116
113 120
113 123
113 124
113 125
113 130
113 131
113 132
113 133
113 134
113 136
113 138
113 139
113 141
113 142
113 143
113 144
113 145
113 147
113 148
113 149
113 151
113 154
113 156
113 159
113 160
113 161
113 163
113 164
113 165
113 167
114 2
114 15
114 16
114 18
114 27
114 31
114 33
114 34
114 49
114 51
114 56
114 57
114 59
114 71
114 78
114 87
114 88
114 92
114 94
114 95
114 98
114 100
114 107
114 108
114 109
114 110
114 115
114 117
114 119
114 127
114 128
114 135
114 152
114 157
114 168
115 0
115 2
115 4
115 12
115 13
115 15
115 16
115 18
115 27
115 28
115 29
115 30
115 31
115 33
115 34
115 35
115 37
115 41
115 43
115 49
115 51
115 53
115 54
115 56
115 57
115 58
115 59
115 61
115 66
115 67
115 71
115 78
115 82
115 87
115 88
115 92
115 93
115 94
115 95
115 96
115 98
115 99
115 100
115 107
115 108
115 109
115 110
115 114
115 117
115 118
115 119
115 121
115 127
115 128
115 135
115 144
115 151
115 152
115 157
115 158
115 161
115 168
116 0
116 4
116 6
116 8
116 9
116 12
116 15
116 19
116 26
116 27
116 29
116 31
116 33
116 34
116 37
116 43
116 48
116 49
116 50
116 51
116 54
116 57
116 59
116 61
116 63
116 64
116 66
116 67
116 70
116 72
116 73
116 82
116 83
116 85
116 91
116 93
116 96
116 99
116 102
116 106
116 113
116 120
116 124
116 127
116 128
116 133
116 134
116 139
116 141
116 143
116 144
116 145
116 149
116 151
116 154
116 156
116 157
116 159
116 161
116 163
116 164
116 165
116 167
117 0
117 1
117 2
117 3
117 11
117 12
117 13
117 14
117 15
117 16
117 18
117 22
117 28
117 29
117 30
117 32
117 33
117 35
117 40
117 41
117 44
117 53
117 54
117 55
117 56
117 57
117 58
117 61
117 71
117 76
117 79
117 82
117 88
117 89
117 92
117 94
117 95
117 98
117 99
117 100
117 101
117 105
117 107
117 108
117 111
117 114
117 115
117 118
117 121
117 122
117 126
117 127
117 128
117 129
117 135
117 137
117 153
117 158
117 161
117 168
117 169
118 0
118 1
118 3
118 4
118 6
118 7
118 11
118 12
118 13
118 14
118 16
118 18
118 19
118 22
118 25
118 28
118 29
118 30
118 32
118 35
118 36
118 38
118 39
118 40
118 41
118 42
118 44
118 47
118 48
118 53
118 54
118 55
118 56
118 57
118 58
118 60
118 61
118 62
118 63
118 67
118 68
118 71
118 75
118 76
118 79
118 82
118 86
118 89
118 90
118 93
118 95
118 97
118 98
118 99
118 101
118 105
118 107
118 108
118 111
118 112
118 115
118 117
118 121
118 122
118 124
118 126
118 127
118 129
118 137
118 138
118 140
118 141
118 143
118 146
118 147
118 148
118 151
118 153
118 158
118 159
118 160
118 161
118 168
118 169
119 2
119 4
119 12
119 15
119 27
119 29
119 31
119 33
119 34
119 37
119 43
119 49
119 51
119 56
119 57
119 59
119 66
119 67
119 71
119 78
119 82
119 87
119 88
119 92
119 94
119 96
119 100
119 107
119 109
119 110
119 114
119 115
119 128
119 135
119 144
119 152
119 157
119 164
120 0
120 4
120 6
120 8
120 12
120 15
120 18
120 19
120 22
120 26
120 27
120 28
120 29
120 31
120 33
120 34
120 37
120 43
120 44
120 48
120 49
120 50
120 51
120 54
120 55
120 56
120 57
120 59
120 60
120 61
120 63
120 64
120 66
120 67
120 68
120 70
120 71
120 72
120 73
120 82
120 85
120 87
120 91
120 93
120 95
120 96
120 99
120 102
120 104
120 113
120 116
120 121
120 124
120 127
120 128
120 133
120 134
120 138
120 139
120 141
120 143
120 144
120 145
120 149
120 151
120 154
120 156
120 157
120 158
120 159
120 160
120 161
120 163
120 164
120 165
120 167
121 0
121 1
121 3
121 4
121 6
121 7
121 10
121 12
121 13
121 14
121 16
121 18
121 19
121 22
121 25
121 26
121 28
121 29
121 30
121 32
121 35
121 36
121 37
121 38
121 39
121 40
121 41
121 42
121 44
121 47
121 48
121 53
121 54
121 55
121 56
121 57
121 58
121 60
121 61
121 62
121 63
121 67
121 68
121 71
121 75
121 76
121 79
121 82
121 86
121 89
121 90
121 93
121 95
121 98
121 99
121 101
121 104
121 108
121 111
121 112
121 115
121 117
121 118
121 120
121 122
121 124
121 126
121 127
121 129
121 132
121 137
121 138
121 140
121 141
121 143
121 144
121 146
121 147
121 148
121 151
121 153
121 154
121 158
121 159
121 160
121 161
121 165
121 168
121 169
122 1
122 3
122 11
122 13
122 14
122 28
122 30
122 32
122 35
122 38
122 39
122 40
122 41
122 42
122 53
122 55
122 58
122 74
122 76
122 79
122 89
122 97
122 98
122 101
122 105
122 111
122 112
122 117
122 118
122 121
122 126
122 129
122 137
122 146
122 153
122 158
122 169
123 0
123 6
123 7
123 9
123 10
123 17
123 19
123 20
123 22
123 23
123 24
123 25
123 26
123 28
123 36
123 44
123 45
123 46
123 48
123 52
123 54
123 55
123 60
123 61
123 62
123 63
123 64
123 65
123 68
123 69
123 72
123 73
123 75
123 77
123 81
123 83
123 84
123 85
123 86
123 90
123 91
123 93
123 99
123 102
123 103
123 104
123 113
123 124
123 125
123 130
123 131
123 132
123 133
123 134
123 136
123 138
123 140
123 141
123 142
123 143
123 145
123 147
123 148
123 151
123 155
123 159
123 160
123 161
123 162
123 165
123 166
123 167
124 0
124 4
124 6
124 7
124 8
124 9
124 10
124 12
124 17
124 19
124 22
124 23
124 25
124 26
124 28
124 29
124 30
124 36
124 37
124 44
124 45
124 48
124 54
124 55
124 60
124 61
124 62
124 63
124 64
124 65
124 67
124 68
124 69
124 70
124 72
124 73
124 75
124 77
124 81
124 82
124 83
124 84
124 85
124 86
124 90
124 91
124 93
124 96
124 99
124 102
124 103
124 104
124 113
124 116
124 118
124 120
124 121
124 123
124 125
124 127
124 130
124 131
124 132
124 133
124 134
124 136
124 138
124 139
124 140
124 141
124 142
124 143
124 145
124 147
124 148
124 151
124 153
124 154
124 155
124 156
124 159
124 160
124 161
124 162
124 163
124 165
124 167
125 8
125 9
125 10
125 17
125 19
125 26
125 50
125 63
125 64
125 65
125 68
125 70
125 72
125 73
125 77
125 83
125 84
125 85
125 91
125 102
125 103
125 104
125 106
125 113
125 123
125 124
125 130
125 131
125 132
125 133
125 134
125 136
125 138
125 139
125 142
125 145
125 148
125 149
125 156
125 159
125 160
125 163
125 165
125 167
126 1
126 3
126 11
126 13
126 14
126 16
126 18
126 28
126 30
126 32
126 35
126 38
126 40
126 41
126 53
126 55
126 58
126 71
126 74
126 76
126 79
126 89
126 95
126 97
126 98
126 101
126 105
126 107
126 108
126 111
126 112
126 117
126 118
126 121
126 122
126 129
126 137
126 146
126 153
126 158
126 168
126 169
127 0
127 2
127 4
127 6
127 12
127 13
127 14
127 15
127 16
127 18
127 19
127 22
127 27
127 28
127 29
127 30
127 31
127 32
127 33
127 34
127 35
127 36
127 37
127 41
127 43
127 44
127 48
127 49
127 51
127 54
127 55
127 56
127 57
127 58
127 59
127 60
127 61
127 63
127 66
127 67
127 70
127 71
127 73
127 82
127 85
127 87
127 88
127 92
127 93
127 94
127 95
127 96
127 98
127 99
127 100
127 107
127 108
127 114
127 115
127 116
127 117
127 118
127 120
127 121
127 124
127 128
127 135
127 139
127 141
127 143
127 144
127 151
127 153
127 154
127 157
127 158
127 159
127 161
127 165
127 168
127 169
128 2
128 4
128 12
128 15
128 16
128 18
128 27
128 29
128 31
128 33
128 34
128 37
128 43
128 48
128 49
128 51
128 54
128 56
128 57
128 59
128 66
128 67
128 71
128 78
128 82
128 87
128 88
128 92
128 93
128 94
128 95
128 96
128 100
128 107
128 108
128 109
128 110
128 114
128 115
128 116
128 117
128 119
128 120
128 127
128 135
128 144
128 152
128 154
128 157
128 164
128 168
129 0
129 1
129 3
129 6
129 7
129 11
129 13
129 14
129 18
129 22
129 23
129 25
129 28
129 30
129 32
129 35
129 36
129 38
129 39
129 40
129 41
129 42
129 44
129 47
129 55
129 58
129 60
129 61
129 62
129 74
129 75
129 76
129 79
129 81
129 86
129 89
129 90
129 97
129 98
129 101
129 111
129 112
129 117
129 118
129 121
129 122
129 126
129 137
129 140
129 143
129 146
129 147
129 153
129 155
129 158
129 169
130 6
130 7
130 9
130 10
130 17
130 19
130 20
130 23
130 25
130 26
130 36
130 45
130 46
130 52
130 60
130 61
130 62
130 63
130 64
130 65
130 68
130 69
130 72
130 73
130 75
130 77
130 81
130 83
130 84
130 85
130 86
130 90
130 91
130 99
130 102
130 103
130 104
130 106
130 113
130 123
130 124
130 125
130 131
130 132
130 133
130 134
130 136
130 138
130 141
130 142
130 143
130 145
130 147
130 148
130 151
130 155
130 159
130 160
130 162
130 165
130 166
130 167
131 6
131 7
131 9
131 10
131 17
131 19
131 20
131 23
131 24
131 25
131 26
131 45
131 46
131 52
131 63
131 64
131 65
131 68
131 69
131 72
131 73
131 75
131 77
131 81
131 83
131 84
131 85
131 86
131 90
131 91
131 102
131 103
131 104
131 113
131 123
131 124
131 125
131 130
131 132
131 134
131 136
131 138
131 142
131 143
131 145
131 147
131 148
131 155
131 159
131 160
131 162
131 166
132 0
132 5
132 6
132 7
132 9
132 10
132 17
132 19
132 20
132 22
132 23
132 24
132 25
132 26
132 28
132 36
132 44
132 45
132 46
132 47
132 52
132 54
132 55
132 60
132 61
132 62
132 63
132 64
132 65
132 68
132 69
132 72
132 73
132 75
132 77
132 81
132 83
132 84
132 85
132 86
132 90
132 91
132 99
132 102
132 103
132 104
132 113
132 121
132 123
132 124
132 125
132 130
132 131
132 134
132 136
132 138
132 140
132 141
132 142
132 143
132 145
132 147
132 148
132 150
132 151
132 153
132 155
132 159
132 160
132 161
132 162
132 165
132 166
133 8
133 9
133 17
133 19
133 26
133 48
133 50
133 64
133 70
133 72
133 73
133 83
133 84
133 85
133 91
133 93
133 96
133 102
133 103
133 104
133 106
133 113
133 116
133 120
133 123
133 124
133 125
133 130
133 134
133 139
133 142
133 145
133 149
133 154
133 156
133 159
133 163
133 164
133 165
133 167
134 0
134 4
134 6
134 8
134 9
134 10
134 12
134 17
134 19
134 26
134 29
134 37
134 48
134 50
134 54
134 61
134 63
134 64
134 65
134 67
134 68
134 70
134 72
134 73
134 77
134 82
134 83
134 84
134 85
134 91
134 93
134 96
134 99
134 102
134 103
134 104
134 106
134 113
134 116
134 120
134 123
134 124
134 125
134 130
134 131
134 132
134 133
134 138
134 139
134 141
134 142
134 143
134 144
134 145
134 148
134 149
134 151
134 154
134 156
134 159
134 160
134 161
134 163
134 164
134 165
134 167
135 2
135 15
135 16
135 18
135 27
135 31
135 33
135 34
135 35
135 49
135 51
135 53
135 56
135 57
135 58
135 59
135 71
135 78
135 82
135 87
135 88
135 92
135 94
135 95
135 98
135 100
135 107
135 108
135 109
135 110
135 114
135 115
135 117
135 119
135 127
135 128
135 152
135 157
135 168
136 5
136 6
136 7
136 9
136 10
136 17
136 19
136 20
136 21
136 22
136 23
136 24
136 25
136 26
136 36
136 42
136 44
136 45
136 46
136 47
136 52
136 60
136 61
136 62
136 63
136 64
136 65
136 68
136 69
136 72
136 73
136 75
136 77
136 80
136 81
136 84
136 85
136 86
136 90
136 102
136 103
136 104
136 113
136 123
136 124
136 125
136 130
136 131
136 132
136 138
136 140
136 141
136 142
136 143
136 145
136 147
136 148
136 150
136 155
136 159
136 160
136 162
136 166
137 0
137 1
137 3
137 7
137 11
137 13
137 14
137 18
137 22
137 25
137 28
137 30
137 32
137 35
137 36
137 38
137 39
137 40
137 41
137 42
137 44
137 47
137 53
137 55
137 58
137 60
137 61
137 62
137 74
137 75
137 76
137 79
137 89
137 97
137 98
137 101
137 105
137 111
137 112
137 117
137 118
137 121
137 122
137 126
137 129
137 140
137 146
137 153
137 158
137 169
138 0
138 6
138 7
138 9
138 10
138 17
138 19
138 20
138 22
138 23
138 25
138 26
138 28
138 30
138 36
138 44
138 45
138 46
138 47
138 48
138 52
138 54
138 55
138 60
138 61
138 62
138 63
138 64
138 65
138 67
138 68
138 69
138 70
138 72
138 73
138 75
138 77
138 81
138 83
138 84
138 85
138 86
138 90
138 91
138 93
138 99
138 102
138 103
138 104
138 113
138 118
138 120
138 121
138 123
138 124
138 125
138 130
138 131
138 132
138 134
138 136
138 140
138 141
138 142
138 143
138 145
138 147
138 148
138 151
138 153
138 154
138 155
138 159
138 160
138 161
138 162
138 165
138 166
138 167
139 0
139 4
139 6
139 8
139 9
139 12
139 15
139 19
139 26
139 27
139 29
139 31
139 33
139 34
139 37
139 43
139 48
139 49
139 50
139 51
139 54
139 57
139 59
139 61
139 63
139 64
139 66
139 67
139 70
139 72
139 73
139 82
139 83
139 84
139 85
139 91
139 93
139 96
139 99
139 102
139 103
139 106
139 113
139 116
139 120
139 124
139 125
139 127
139 133
139 134
139 141
139 143
139 144
139 145
139 149
139 151
139 154
139 156
139 157
139 159
139 161
139 163
139 164
139 165
139 167
140 0
140 5
140 6
140 7
140 10
140 14
140 20
140 21
140 22
140 23
140 24
140 25
140 28
140 30
140 32
140 36
140 38
140 39
140 42
140 44
140 45
140 46
140 47
140 52
140 55
140 60
140 61
140 62
140 63
140 65
140 68
140 69
140 75
140 76
140 77
140 79
140 80
140 81
140 86
140 90
140 97
140 101
140 104
140 112
140 118
140 121
140 123
140 124
140 129
140 132
140 136
140 137
140 138
140 141
140 143
140 146
140 147
140 148
140 150
140 153
140 155
140 160
140 162
140 166
140 169
141 0
141 4
141 6
141 7
141 8
141 9
141 10
141 12
141 13
141 14
141 18
141 19
141 22
141 25
141 26
141 28
141 29
141 30
141 36
141 37
141 41
141 44
141 48
141 51
141 54
141 55
141 56
141 57
141 58
141 60
141 61
141 62
141 63
141 64
141 65
141 67
141 68
141 70
141 71
141 72
141 73
141 75
141 77
141 82
141 84
141 85
141 86
141 90
141 91
141 93
141 95
141 96
141 99
141 102
141 104
141 113
141 116
141 118
141 120
141 121
141 123
141 124
141 127
141 130
141 132
141 134
141 136
141 138
141 139
141 140
141 143
141 144
141 145
141 147
141 148
141 151
141 153
141 154
141 155
141 157
141 158
141 159
141 160
141 161
141 163
141 165
141 167
142 8
142 9
142 10
142 17
142 19
142 26
142 63
142 64
142 65
142 68
142 70
142 72
142 73
142 77
142 83
142 84
142 85
142 90
142 91
142 102
142 103
142 104
142 106
142 113
142 123
142 124
142 125
142 130
142 131
142 132
142 133
142 134
142 136
142 138
142 143
142 145
142 148
142 149
142 156
142 159
142 160
142 162
142 163
142 165
142 167
143 0
143 4
143 6
143 7
143 9
143 10
143 12
143 13
143 14
143 18
143 19
143 22
143 23
143 25
143 26
143 28
143 29
143 30
143 36
143 37
143 44
143 47
143 48
143 54
143 55
143 57
143 58
143 60
143 61
143 62
143 63
143 64
143 65
143 67
143 68
143 69
143 70
143 72
143 73
143 75
143 77
143 79
143 81
143 82
143 84
143 85
143 86
143 90
143 91
143 93
143 95
143 96
143 99
143 102
143 103
143 104
143 113
143 116
143 118
143 120
143 121
143 123
143 124
143 127
143 129
143 130
143 131
143 132
143 134
143 136
143 138
143 139
143 140
143 141
143 142
143 144
143 145
143 147
143 148
143 151
143 153
143 154
143 155
143 158
143 159
143 160
143 161
143 162
143 165
143 167
144 0
144 2
144 4
144 6
144 8
144 12
144 15
144 18
144 19
144 22
144 27
144 28
144 29
144 31
144 33
144 34
144 37
144 43
144 44
144 48
144 49
144 50
144 51
144 54
144 56
144 57
144 58
144 59
144 61
144 66
144 67
144 70
144 71
144 72
144 73
144 78
144 82
144 85
144 87
144 88
144 92
144 93
144 94
144 95
144 96
144 99
144 100
144 107
144 109
144 113
144 115
144 116
144 119
144 120
144 121
144 127
144 128
144 134
144 139
144 141
144 143
144 149
144 151
144 152
144 154
144 156
144 157
144 158
144 159
144 161
144 163
144 164
144 165
144 167
145 0
145 4
145 6
145 8
145 9
145 10
145 17
145 19
145 26
145 37
145 48
145 50
145 54
145 61
145 63
145 64
145 65
145 67
145 68
145 70
145 72
145 73
145 77
145 83
145 84
145 85
145 90
145 91
145 93
145 96
145 99
145 102
145 103
145 104
145 106
145 113
145 116
145 120
145 123
145 124
145 125
145 130
145 131
145 132
145 133
145 134
145 136
145 138
145 139
145 141
145 142
145 143
145 147
145 148
145 149
145 151
145 154
145 156
145 159
145 160
145 161
145 162
145 163
145 165
145 167
146 0
146 1
146 3
146 7
146 13
146 14
146 22
146 23
146 25
146 28
146 30
146 32
146 35
146 36
146 38
146 39
146 40
146 41
146 42
146 44
146 47
146 55
146 58
146 60
146 62
146 69
146 74
146 75
146 76
146 79
146 80
146 81
146 86
146 89
146 90
146 97
146 101
146 111
146 112
146 118
146 121
146 122
146 126
146 129
146 137
146 140
146 147
146 150
146 153
146 155
146 158
146 169
147 0
147 5
147 6
147 7
147 10
147 14
147 19
147 20
147 22
147 23
147 24
147 25
147 26
147 28
147 30
147 36
147 39
147 42
147 44
147 45
147 46
147 47
147 52
147 54
147 55
147 60
147 61
147 62
147 63
147 65
147 68
147 69
147 72
147 73
147 75
147 77
147 79
147 80
147 81
147 84
147 85
147 86
147 90
147 99
147 102
147 104
147 113
147 118
147 121
147 123
147 124
147 129
147 130
147 131
147 132
147 136
147 138
147 140
147 141
147 143
147 145
147 146
147 148
147 150
147 151
147 153
147 155
147 158
147 159
147 160
147 161
147 162
147 165
147 166
148 0
148 5
148 6
148 7
148 9
148 10
148 17
148 19
148 20
148 22
148 23
148 24
148 25
148 26
148 28
148 36
148 42
148 44
148 45
148 46
148 47
148 52
148 54
148 55
148 60
148 61
148 62
148 63
148 64
148 65
148 68
148 69
148 72
148 73
148 75
148 77
148 80
148 81
148 84
148 85
148 86
148 90
148 99
148 102
148 103
148 104
148 113
148 118
148 121
148 123
148 124
148 125
148 130
148 131
148 132
148 134
148 136
148 138
148 140
148 141
148 142
148 143
148 145
148 147
148 150
148 151
148 153
148 155
148 159
148 160
148 161
148 162
148 165
148 166
149 4
149 8
149 9
149 17
149 19
149 26
149 37
149 48
149 50
149 64
149 67
149 70
149 72
149 73
149 83
149 84
149 85
149 91
149 93
149 96
149 102
149 103
149 106
149 113
149 116
149 120
149 125
149 133
149 134
149 139
149 142
149 144
149 145
149 154
149 156
149 159
149 163
149 164
149 165
149 167
150 5
150 7
150 10
150 20
150 21
150 23
150 24
150 25
150 36
150 39
150 42
150 45
150 46
150 47
150 52
150 62
150 69
150 75
150 77
150 80
150 81
150 86
150 90
150 132
150 136
150 140
150 146
150 147
150 148
150 155
150 160
150 162
150 166
151 0
151 4
151 6
151 8
151 9
151 10
151 12
151 13
151 15
151 18
151 19
151 22
151 25
151 26
151 28
151 29
151 30
151 33
151 34
151 36
151 37
151 43
151 44
151 48
151 51
151 54
151 55
151 56
151 57
151 58
151 60
151 61
151 62
151 63
151 64
151 65
151 67
151 68
151 70
151 71
151 72
151 73
151 75
151 77
151 82
151 84
151 85
151 86
151 90
151 91
151 93
151 95
151 96
151 99
151 102
151 104
151 113
151 115
151 116
151 118
151 120
151 121
151 123
151 124
151 127
151 130
151 132
151 134
151 138
151 139
151 141
151 143
151 144
151 145
151 147
151 148
151 153
151 154
151 156
151 157
151 158
151 159
151 160
151 161
151 163
151 164
151 165
151 167
152 2
152 12
152 15
152 16
152 27
152 31
152 33
152 34
152 43
152 49
152 51
152 56
152 57
152 59
152 66
152 71
152 78
152 82
152 87
152 88
152 92
152 94
152 95
152 100
152 107
152 108
152 109
152 110
152 114
152 115
152 119
152 128
152 135
152 144
152 157
152 168
153 0
153 1
153 3
153 6
153 7
153 10
153 13
153 14
153 18
153 19
153 22
153 23
153 25
153 28
153 30
153 32
153 35
153 36
153 38
153 39
153 40
153 41
153 42
153 44
153 47
153 54
153 55
153 57
153 58
153 60
153 61
153 62
153 63
153 68
153 69
153 71
153 75
153 76
153 79
153 81
153 86
153 89
153 90
153 95
153 97
153 98
153 99
153 101
153 104
153 111
153 112
153 117
153 118
153 121
153 122
153 124
153 126
153 127
153 129
153 132
153 137
153 138
153 140
153 141
153 143
153 146
153 147
153 148
153 151
153 155
153 158
153 159
153 160
153 161
153 169
154 0
154 4
154 6
154 8
154 9
154 12
154 15
154 18
154 19
154 22
154 26
154 27
154 28
154 29
154 31
154 33
154 34
154 37
154 43
154 44
154 48
154 49
154 50
154 51
154 54
154 55
154 56
154 57
154 59
154 60
154 61
154 63
154 64
154 66
154 67
154 68
154 70
154 71
154 72
154 73
154 82
154 85
154 87
154 91
154 93
154 95
154 96
154 99
154 102
154 104
154 113
154 116
154 120
154 121
154 124
154 127
154 128
154 133
154 134
154 138
154 139
154 141
154 143
154 144
154 145
154 149
154 151
154 156
154 157
154 159
154 160
154 161
154 163
154 164
154 165
154 167
155 0
155 5
155 6
155 7
155 10
155 20
155 21
155 22
155 23
155 24
155 25
155 26
155 28
155 36
155 39
155 42
155 44
155 45
155 46
155 47
155 52
155 55
155 60
155 61
155 62
155 63
155 65
155 68
155 69
155 75
155 77
155 80
155 81
155 84
155 86
155 90
155 104
155 123
155 124
155 129
155 130
155 131
155 132
155 136
155 138
155 140
155 141
155 143
155 146
155 147
155 148
155 150
155 153
155 159
155 160
155 162
155 166
156 4
156 8
156 9
156 12
156 17
156 19
156 26
156 37
156 43
156 48
156 50
156 51
156 64
156 67
156 70
156 72
156 73
156 83
156 84
156 85
156 91
156 93
156 96
156 99
156 102
156 103
156 106
156 113
156 116
156 120
156 124
156 125
156 133
156 134
156 139
156 142
156 144
156 145
156 149
156 151
156 154
156 159
156 163
156 164
156 165
156 167
157 2
157 4
157 12
157 15
157 18
157 19
157 27
157 29
157 31
157 33
157 34
157 37
157 43
157 48
157 49
157 51
157 54
157 56
157 57
157 59
157 61
157 66
157 67
157 70
157 71
157 78
157 82
157 87
157 88
157 92
157 93
157 94
157 95
157 96
157 99
157 100
157 107
157 108
157 109
157 110
157 114
157 115
157 116
157 119
157 120
157 127
157 128
157 135
157 139
157 141
157 144
157 151
157 152
157 154
157 161
157 164
157 165
158 0
158 1
158 2
158 3
158 4
158 6
158 11
158 12
158 13
158 14
158 15
158 16
158 18
158 19
158 22
158 25
158 28
158 29
158 30
158 32
158 35
158 36
158 37
158 40
158 41
158 44
158 48
158 51
158 53
158 54
158 55
158 56
158 57
158 58
158 60
158 61
158 62
158 63
158 67
158 71
158 75
158 76
158 79
158 82
158 89
158 93
158 94
158 95
158 98
158 99
158 101
158 105
158 107
158 108
158 111
158 112
158 115
158 117
158 118
158 120
158 121
158 122
158 126
158 127
158 129
158 137
158 141
158 143
158 144
158 146
158 147
158 151
158 153
158 159
158 161
158 165
158 168
158 169
159 0
159 4
159 6
159 7
159 8
159 9
159 10
159 12
159 17
159 18
159 19
159 22
159 25
159 26
159 28
159 29
159 30
159 36
159 37
159 44
159 48
159 51
159 54
159 55
159 57
159 58
159 60
159 61
159 62
159 63
159 64
159 65
159 67
159 68
159 69
159 70
159 72
159 73
159 75
159 77
159 82
159 83
159 84
159 85
159 86
159 90
159 91
159 93
159 96
159 99
159 102
159 103
159 104
159 113
159 116
159 118
159 120
159 121
159 123
159 124
159 125
159 127
159 130
159 131
159 132
159 133
159 134
159 136
159 138
159 139
159 141
159 142
159 143
159 144
159 145
159 147
159 148
159 149
159 151
159 153
159 154
159 155
159 156
159 158
159 160
159 161
159 162
159 163
159 165
159 167
160 0
160 6
160 7
160 9
160 10
160 17
160 19
160 20
160 22
160 23
160 24
160 25
160 26
160 28
160 30
160 36
160 42
160 44
160 45
160 46
160 47
160 48
160 52
160 54
160 55
160 60
160 61
160 62
160 63
160 64
160 65
160 68
160 69
160 72
160 73
160 75
160 77
160 81
160 83
160 84
160 85
160 86
160 90
160 91
160 93
160 99
160 102
160 103
160 104
160 113
160 118
160 120
160 121
160 123
160 124
160 125
160 130
160 131
160 132
160 134
160 136
160 138
160 140
160 141
160 142
160 143
160 145
160 147
160 148
160 150
160 151
160 153
160 154
160 155
160 159
160 161
160 162
160 165
160 166
161 0
161 4
161 6
161 8
161 10
161 12
161 13
161 14
161 15
161 18
161 19
161 22
161 25
161 26
161 28
161 29
161 30
161 33
161 34
161 35
161 36
161 37
161 41
161 43
161 44
161 48
161 51
161 54
161 55
161 56
161 57
161 58
161 60
161 61
161 62
161 63
161 67
161 68
161 70
161 71
161 72
161 73
161 75
161 82
161 85
161 86
161 90
161 91
161 93
161 95
161 96
161 98
161 99
161 102
161 104
161 113
161 115
161 116
161 117
161 118
161 120
161 121
161 123
161 124
161 127
161 132
161 134
161 138
161 139
161 141
161 143
161 144
161 145
161 147
161 148
161 151
161 153
161 154
161 157
161 158
161 159
161 160
161 163
161 164
161 165
161 167
161 169
162 5
162 6
162 7
162 9
162 10
162 17
162 20
162 21
162 23
162 24
162 25
162 26
162 36
162 42
162 45
162 46
162 47
162 52
162 60
162 62
162 63
162 65
162 68
162 69
162 75
162 77
162 80
162 81
162 84
162 86
162 90
162 103
162 104
162 123
162 124
162 130
162 131
162 132
162 136
162 138
162 140
162 142
162 143
162 145
162 147
162 148
162 150
162 155
162 159
162 160
162 166
163 4
163 8
163 9
163 12
163 17
163 19
163 26
163 29
163 37
163 43
163 48
163 50
163 51
163 54
163 64
163 67
163 70
163 72
163 73
163 82
163 83
163 84
163 85
163 91
163 93
163 96
163 99
163 102
163 103
163 106
163 113
163 116
163 120
163 124
163 125
163 133
163 134
163 139
163 141
163 142
163 144
163 145
163 149
163 151
163 154
163 156
163 159
163 161
163 164
163 165
163 167
164 4
164 8
164 12
164 15
164 19
164 27
164 29
164 31
164 33
164 34
164 37
164 43
164 48
164 49
164 50
164 51
164 54
164 57
164 59
164 66
164 67
164 70
164 72
164 73
164 82
164 85
164 87
164 91
164 93
164 96
164 99
164 109
164 113
164 116
164 119
164 120
164 128
164 133
164 134
164 139
164 144
164 149
164 151
164 154
164 156
164 157
164 161
164 163
164 165
164 167
165 0
165 4
165 6
165 8
165 9
165 10
165 12
165 15
165 17
165 18
165 19
165 22
165 26
165 27
165 28
165 29
165 31
165 33
165 34
165 37
165 43
165 44
165 48
165 49
165 50
165 51
165 54
165 55
165 56
165 57
165 60
165 61
165 63
165 64
165 66
165 67
165 68
165 70
165 72
165 73
165 82
165 83
165 84
165 85
165 91
165 93
165 95
165 96
165 99
165 102
165 103
165 104
165 113
165 116
165 120
165 121
165 123
165 124
165 125
165 127
165 130
165 132
165 133
165 134
165 138
165 139
165 141
165 142
165 143
165 144
165 145
165 147
165 148
165 149
165 151
165 154
165 156
165 157
165 158
165 159
165 160
165 161
165 163
165 164
165 167
166 5
166 7
166 10
166 20
166 21
166 23
166 24
166 25
166 42
166 45
166 46
166 47
166 52
166 62
166 65
166 68
166 69
166 75
166 77
166 80
166 81
166 86
166 90
166 104
166 123
166 130
166 131
166 132
166 136
166 138
166 140
166 147
166 148
166 150
166 155
166 160
166 162
167 4
167 8
167 9
167 12
167 17
167 19
167 26
167 37
167 48
167 50
167 63
167 64
167 67
167 70
167 72
167 73
167 83
167 84
167 85
167 91
167 93
167 96
167 99
167 102
167 103
167 104
167 106
167 113
167 116
167 120
167 123
167 124
167 125
167 130
167 133
167 134
167 138
167 139
167 141
167 142
167 143
167 144
167 145
167 149
167 151
167 154
167 156
167 159
167 161
167 163
167 164
167 165
168 1
168 2
168 3
168 11
168 13
168 16
168 18
168 30
168 32
168 35
168 40
168 41
168 53
168 56
168 57
168 58
168 71
168 87
168 88
168 89
168 92
168 94
168 95
168 98
168 100
168 105
168 107
168 108
168 111
168 114
168 115
168 117
168 118
168 121
168 126
168 127
168 128
168 135
168 152
168 158
168 169
169 0
169 1
169 3
169 6
169 11
169 13
169 14
169 16
169 18
169 22
169 25
169 28
169 30
169 32
169 35
169 36
169 38
169 39
169 40
169 41
169 42
169 44
169 47
169 53
169 54
169 55
169 57
169 58
169 60
169 61
169 62
169 71
169 74
169 75
169 76
169 79
169 89
169 95
169 97
169 98
169 101
169 105
169 108
169 111
169 112
169 117
169 118
169 121
169 122
169 126
169 127
169 129
169 137
169 140
169 146
169 153
169 158
169 161
169 168
