4
2 1
180
0 50.000000 50.000000 15 99999999 3
1 81.213932 77.299018 15 112 3
2 61.834267 43.952043 15 125 1
3 80.016037 40.606800 15 126 2
4 17.471464 77.603225 15 119 4
5 59.504428 44.337501 15 120 2
6 94.422748 9.440913 15 127 3
7 84.961300 39.519675 15 112 1
8 10.352792 89.985834 15 106 1
9 37.851250 41.532383 15 119 5
10 97.144249 76.190374 15 117 4
11 88.744428 11.210239 15 122 3
12 26.777600 4.171755 15 106 5
13 94.111618 94.130746 15 139 3
14 25.202928 37.473075 15 101 3
15 50.141378 40.742580 15 143 1
16 18.415177 10.458468 15 119 3
17 23.498317 87.970550 15 129 2
18 18.247444 43.387585 15 104 4
19 72.365035 7.513057 15 143 3
20 67.141342 98.687368 15 109 4
21 15.825624 94.744220 15 121 1
22 34.447190 38.317329 15 110 3
23 83.267396 16.350667 15 100 4
24 89.059737 5.498982 15 129 5
25 17.142321 67.734816 15 108 4
26 65.321028 6.236309 15 132 1
27 54.233220 94.727528 15 106 3
28 12.142342 73.772567 15 134 5
29 40.655284 52.161601 15 101 1
30 71.216221 36.053254 15 144 4
31 89.193001 48.733138 15 129 5
32 17.138331 19.411166 15 123 5
33 30.485693 2.556133 15 109 1
34 80.218793 91.903407 15 107 3
35 69.825255 62.214742 15 122 1
36 63.408606 25.617149 15 119 2
37 23.518472 23.249153 15 118 1
38 94.346559 81.884828 15 110 2
39 67.830861 72.034665 15 112 2
40 66.446360 23.327439 15 105 2
41 74.764410 71.937109 15 147 1
42 17.829222 84.802573 15 124 4
43 62.646644 72.172227 15 112 1
44 44.982423 60.048695 15 121 5
45 68.831782 8.115260 15 122 1
46 88.300778 27.545718 15 107 4
47 78.709903 93.294863 15 139 1
48 77.411515 43.615031 15 139 2
49 27.709131 45.249350 15 141 5
50 15.030833 95.521255 15 149 3
51 0.963527 40.995729 15 147 2
52 56.762265 64.729718 15 134 3
53 41.557830 28.218815 15 137 2
54 19.784043 22.124295 15 122 1
55 47.028833 48.510078 15 121 4
56 54.077438 12.681103 15 118 5
57 34.117507 0.550232 15 148 3
58 53.158966 94.900555 15 120 4
59 35.116470 93.407211 15 109 3
60 40.407706 36.448091 15 129 2
61 60.702391 5.366905 15 143 4
62 26.462338 74.941242 15 124 2
63 58.730140 96.006765 15 138 5
64 67.981166 38.349558 15 101 2
65 94.772238 11.469935 15 144 2
66 74.747166 42.644560 15 113 5
67 78.279301 93.743598 15 138 3
68 26.026886 70.924130 15 114 1
69 62.888449 25.869795 15 107 4
70 94.035356 92.089742 15 124 2
71 22.928764 14.333184 15 127 3
72 56.742774 0.714966 15 106 2
73 14.123939 4.241274 15 127 4
74 66.070822 50.088859 15 106 4
75 62.786500 53.165721 15 124 5
76 7.019307 35.579258 15 132 3
77 94.422094 48.697065 15 129 1
78 36.494343 7.470300 15 147 4
79 6.951372 35.207125 15 117 1
80 8.838306 28.829255 15 128 4
81 24.815824 32.716887 15 113 1
82 43.716381 88.911098 15 145 5
83 82.137961 82.945772 15 142 3
84 2.584705 65.452843 15 123 3
85 49.962323 67.965423 15 118 2
86 55.093594 84.530926 15 131 2
87 10.364476 64.046176 15 116 5
88 96.643319 4.402157 15 102 1
89 11.998709 29.402044 15 140 1
90 89.175888 97.923927 15 102 5
91 70.334893 30.571720 15 124 1
92 47.644590 78.461681 15 136 5
93 13.924611 9.149909 15 112 3
94 25.673199 24.015781 15 146 5
95 3.495778 99.772001 15 104 5
96 2.180859 66.958889 15 106 3
97 26.249435 16.146424 15 109 1
98 25.036223 46.744661 15 129 2
99 66.970245 99.314451 15 112 3
100 93.957397 62.723139 15 146 3
101 67.203996 16.140558 15 107 3
102 91.801979 70.281700 15 117 4
103 88.264758 52.491449 15 139 1
104 83.392733 70.445005 15 120 1
105 66.392239 59.527409 15 119 3
106 42.078709 26.424457 15 101 2
107 87.151988 45.479949 15 102 2
108 58.081636 10.195191 15 141 4
109 68.527877 31.458763 15 146 3
110 7.146341 72.382934 15 109 5
111 46.653100 81.204165 15 117 1
112 59.983689 49.226326 15 108 1
113 13.449903 46.680628 15 104 2
114 80.487513 7.503798 15 106 1
115 73.823264 80.084991 15 106 1
116 51.232960 68.064050 15 127 5
117 76.341874 1.635427 15 112 3
118 19.898581 11.188027 15 114 1
119 47.043692 23.811558 15 136 3
120 69.547799 30.693746 15 122 4
121 38.966495 95.840609 15 135 3
122 15.889604 70.656112 15 116 2
123 34.459184 8.663771 15 146 5
124 64.580481 80.215354 15 143 5
125 37.510324 7.750693 15 120 3
126 81.383791 23.949728 15 103 1
127 38.580076 21.748333 15 106 3
128 51.368982 60.577073 15 130 3
129 4.588297 94.714996 15 106 5
130 43.550821 85.419480 15 0 4
131 20.015626 21.772008 15 0 5
132 1.149529 32.075380 15 0 3
133 93.384218 56.497669 15 0 3
134 96.460849 14.196819 15 0 2
135 12.097418 93.927601 15 0 2
136 71.232939 89.509296 15 0 3
137 23.938746 72.230740 15 0 4
138 3.516686 75.958891 15 0 3
139 12.538553 4.582276 15 0 2
140 18.673794 37.028987 15 0 2
141 32.177034 38.449754 15 0 3
142 17.124572 19.212367 15 0 2
143 31.592010 30.608579 15 0 1
144 26.853816 41.168167 15 0 5
145 88.255662 98.085822 15 0 3
146 62.177938 73.146692 15 0 4
147 50.896016 86.228060 15 0 4
148 88.110050 50.895903 15 0 5
149 64.587204 75.063040 15 0 3
150 63.015178 3.605703 15 0 3
151 36.705883 95.634481 15 0 3
152 30.741840 81.476901 15 0 5
153 87.260993 96.808090 15 0 3
154 61.532624 52.262058 15 0 4
155 57.901368 34.371646 15 0 1
156 68.372910 60.506069 15 0 2
157 41.455913 13.891380 15 0 3
158 4.949144 0.277533 15 0 1
159 80.608251 34.962137 15 0 2
160 23.697804 18.451262 15 0 5
161 25.194707 25.993520 15 0 5
162 48.059473 65.914040 15 0 4
163 51.761780 19.026011 15 0 2
164 3.380751 84.607110 15 0 1
165 84.056534 18.714577 15 0 2
166 78.393761 90.412878 15 0 4
167 84.283589 32.185037 15 0 3
168 13.699678 80.538014 15 0 3
169 96.811292 77.555498 15 0 4
170 51.573611 72.806140 15 0 5
171 85.569428 80.691434 15 0 3
172 87.270692 37.330609 15 0 4
173 51.807430 78.508034 15 0 3
174 87.157895 92.053799 15 0 2
175 58.835835 52.110086 15 0 4
176 99.216279 34.430693 15 0 4
177 39.606154 53.394675 15 0 4
178 17.780369 47.351686 15 0 3
179 7.663204 17.541694 15 0 3
6722
0 2
0 5
0 9
0 14
0 15
0 22
0 29
0 30
0 35
0 36
0 39
0 43
0 44
0 48
0 49
0 52
0 53
0 55
0 60
0 64
0 66
0 69
0 74
0 75
0 85
0 91
0 92
0 98
0 105
0 106
0 109
0 112
0 116
0 119
0 120
0 128
0 141
0 143
0 144
0 146
0 149
0 154
0 155
0 156
0 162
0 170
0 173
0 175
0 177
1 10
1 13
1 20
1 31
1 34
1 35
1 38
1 39
1 41
1 43
1 47
1 52
1 63
1 67
1 70
1 83
1 86
1 90
1 99
1 100
1 102
1 103
1 104
1 105
1 115
1 124
1 133
1 136
1 145
1 146
1 148
1 149
1 153
1 156
1 166
1 169
1 170
1 171
1 173
1 174
2 0
2 3
2 5
2 7
2 9
2 15
2 22
2 29
2 30
2 31
2 35
2 36
2 39
2 40
2 43
2 44
2 48
2 52
2 53
2 55
2 60
2 64
2 66
2 69
2 74
2 75
2 85
2 91
2 101
2 103
2 105
2 106
2 107
2 109
2 112
2 116
2 119
2 120
2 126
2 128
2 146
2 148
2 154
2 155
2 156
2 159
2 162
2 163
2 167
2 172
2 175
2 177
3 2
3 5
3 7
3 15
3 23
3 30
3 31
3 35
3 36
3 40
3 46
3 48
3 64
3 66
3 69
3 74
3 75
3 77
3 91
3 100
3 101
3 103
3 105
3 107
3 109
3 112
3 120
3 126
3 133
3 148
3 154
3 155
3 156
3 159
3 165
3 167
3 172
3 175
3 176
4 8
4 17
4 21
4 25
4 28
4 42
4 50
4 59
4 62
4 68
4 82
4 84
4 87
4 95
4 96
4 110
4 111
4 121
4 122
4 129
4 130
4 135
4 137
4 138
4 151
4 152
4 164
4 168
5 0
5 2
5 3
5 7
5 9
5 15
5 22
5 29
5 30
5 35
5 36
5 39
5 40
5 43
5 44
5 48
5 52
5 53
5 55
5 60
5 64
5 66
5 69
5 74
5 75
5 85
5 91
5 101
5 103
5 105
5 106
5 107
5 109
5 112
5 116
5 119
5 120
5 126
5 128
5 141
5 146
5 148
5 154
5 155
5 156
5 159
5 162
5 163
5 167
5 170
5 172
5 175
5 177
6 11
6 19
6 23
6 24
6 26
6 45
6 46
6 65
6 88
6 101
6 114
6 117
6 126
6 134
6 159
6 165
6 167
6 172
6 176
7 2
7 3
7 5
7 11
7 23
7 30
7 31
7 35
7 36
7 40
7 46
7 48
7 64
7 65
7 66
7 69
7 74
7 75
7 77
7 91
7 100
7 101
7 103
7 105
7 107
7 109
7 112
7 120
7 126
7 133
7 134
7 148
7 154
7 155
7 156
7 159
7 165
7 167
7 172
7 175
7 176
8 4
8 17
8 21
8 25
8 28
8 42
8 50
8 59
8 62
8 68
8 84
8 87
8 95
8 96
8 110
8 121
8 122
8 129
8 135
8 137
8 138
8 151
8 152
8 164
8 168
9 0
9 2
9 5
9 14
9 15
9 18
9 22
9 29
9 37
9 44
9 49
9 52
9 53
9 54
9 55
9 60
9 69
9 74
9 75
9 81
9 85
9 89
9 94
9 97
9 98
9 106
9 112
9 113
9 116
9 119
9 127
9 128
9 131
9 140
9 141
9 143
9 144
9 154
9 155
9 157
9 160
9 161
9 162
9 163
9 175
9 177
9 178
10 1
10 13
10 31
10 34
10 38
10 39
10 41
10 47
10 67
10 70
10 77
10 83
10 90
10 100
10 102
10 103
10 104
10 115
10 133
10 136
10 145
10 148
10 153
10 166
10 169
10 171
10 174
11 6
11 7
11 19
11 23
11 24
11 26
11 36
11 40
11 45
11 46
11 61
11 65
11 69
11 88
11 91
11 101
11 109
11 114
11 117
11 120
11 126
11 134
11 150
11 159
11 165
11 167
11 172
11 176
12 16
12 32
12 33
12 37
12 53
12 54
12 56
12 57
12 71
12 73
12 78
12 81
12 89
12 93
12 94
12 97
12 106
12 118
12 119
12 123
12 125
12 127
12 131
12 139
12 142
12 143
12 157
12 158
12 160
12 161
12 163
12 179
13 1
13 10
13 20
13 34
13 38
13 41
13 47
13 67
13 70
13 83
13 90
13 99
13 102
13 104
13 115
13 136
13 145
13 153
13 166
13 169
13 171
13 174
14 0
14 9
14 15
14 16
14 18
14 22
14 29
14 32
14 37
14 49
14 51
14 53
14 54
14 55
14 60
14 71
14 76
14 79
14 80
14 81
14 89
14 94
14 97
14 98
14 106
14 113
14 118
14 119
14 127
14 131
14 132
14 140
14 141
14 142
14 143
14 144
14 157
14 160
14 161
14 177
14 178
14 179
15 0
15 2
15 3
15 5
15 9
15 14
15 22
15 29
15 30
15 35
15 36
15 40
15 44
15 48
15 49
15 52
15 53
15 55
15 56
15 60
15 64
15 66
15 69
15 74
15 75
15 81
15 85
15 91
15 94
15 98
15 101
15 105
15 106
15 109
15 112
15 116
15 119
15 120
15 127
15 128
15 141
15 143
15 144
15 154
15 155
15 156
15 157
15 161
15 162
15 163
15 175
15 177
16 12
16 14
16 32
16 33
16 37
16 53
16 54
16 57
16 71
16 73
16 76
16 78
16 79
16 80
16 81
16 89
16 93
16 94
16 97
16 106
16 118
16 123
16 125
16 127
16 131
16 132
16 139
16 140
16 142
16 143
16 157
16 158
16 160
16 161
16 179
17 4
17 8
17 21
17 25
17 28
17 42
17 50
17 59
17 62
17 68
17 82
17 87
17 92
17 95
17 96
17 110
17 111
17 121
17 122
17 129
17 130
17 135
17 137
17 138
17 147
17 151
17 152
17 164
17 168
17 173
18 9
18 14
18 22
18 25
18 29
18 32
18 37
18 49
18 51
18 53
18 54
18 55
18 60
18 68
18 71
18 76
18 79
18 80
18 81
18 84
18 87
18 89
18 94
18 96
18 97
18 98
18 106
18 113
18 122
18 127
18 131
18 132
18 137
18 140
18 141
18 142
18 143
18 144
18 160
18 161
18 177
18 178
18 179
19 6
19 11
19 23
19 24
19 26
19 30
19 36
19 40
19 45
19 46
19 56
19 61
19 65
19 69
19 72
19 88
19 91
19 101
19 108
19 109
19 114
19 117
19 120
19 126
19 134
19 150
19 159
19 163
19 165
19 167
20 1
20 13
20 27
20 34
20 39
20 41
20 43
20 47
20 58
20 63
20 67
20 70
20 82
20 83
20 86
20 90
20 92
20 99
20 111
20 115
20 121
20 124
20 130
20 136
20 145
20 146
20 147
20 149
20 153
20 166
20 171
20 173
20 174
21 4
21 8
21 17
21 25
21 28
21 42
21 50
21 59
21 62
21 68
21 82
21 95
21 110
21 121
21 122
21 129
21 130
21 135
21 137
21 138
21 151
21 152
21 164
21 168
22 0
22 2
22 5
22 9
22 14
22 15
22 18
22 29
22 32
22 37
22 44
22 49
22 53
22 54
22 55
22 60
22 71
22 76
22 79
22 80
22 81
22 89
22 94
22 97
22 98
22 106
22 112
22 113
22 119
22 123
22 127
22 128
22 131
22 140
22 141
22 142
22 143
22 144
22 155
22 157
22 160
22 161
22 163
22 175
22 177
22 178
23 3
23 6
23 7
23 11
23 19
23 24
23 26
23 30
23 36
23 40
23 45
23 46
23 48
23 56
23 61
23 64
23 65
23 66
23 69
23 88
23 91
23 101
23 107
23 108
23 109
23 114
23 117
23 120
23 126
23 134
23 150
23 159
23 165
23 167
23 172
23 176
24 6
24 11
24 19
24 23
24 26
24 40
24 45
24 46
24 61
24 65
24 88
24 101
24 114
24 117
24 126
24 134
24 150
24 165
24 167
25 4
25 8
25 17
25 18
25 21
25 28
25 29
25 42
25 44
25 49
25 50
25 62
25 68
25 84
25 87
25 96
25 98
25 110
25 113
25 122
25 129
25 135
25 137
25 138
25 144
25 152
25 164
25 168
25 177
25 178
26 6
26 11
26 19
26 23
26 24
26 36
26 40
26 45
26 56
26 61
26 65
26 69
26 72
26 78
26 91
26 101
26 108
26 109
26 114
26 117
26 119
26 120
26 125
26 126
26 150
26 155
26 157
26 163
26 165
27 20
27 34
27 39
27 43
27 47
27 58
27 59
27 63
27 67
27 82
27 85
27 86
27 92
27 99
27 111
27 115
27 116
27 121
27 124
27 130
27 136
27 146
27 147
27 149
27 151
27 152
27 162
27 166
27 170
27 173
28 4
28 8
28 17
28 21
28 25
28 42
28 50
28 62
28 68
28 84
28 87
28 95
28 96
28 98
28 110
28 113
28 122
28 129
28 135
28 137
28 138
28 152
28 164
28 168
28 178
29 0
29 2
29 5
29 9
29 14
29 15
29 18
29 22
29 25
29 43
29 44
29 49
29 52
29 53
29 55
29 60
29 62
29 68
29 74
29 75
29 81
29 85
29 92
29 98
29 105
29 106
29 111
29 112
29 113
29 116
29 119
29 128
29 137
29 140
29 141
29 143
29 144
29 154
29 155
29 156
29 162
29 170
29 173
29 175
29 177
29 178
30 0
30 2
30 3
30 5
30 7
30 15
30 19
30 23
30 31
30 35
30 36
30 40
30 45
30 46
30 48
30 55
30 56
30 64
30 66
30 69
30 74
30 75
30 77
30 91
30 101
30 103
30 105
30 107
30 108
30 109
30 112
30 119
30 120
30 126
30 148
30 154
30 155
30 156
30 159
30 163
30 165
30 167
30 172
30 175
30 176
31 1
31 2
31 3
31 7
31 10
31 30
31 35
31 41
31 46
31 48
31 64
31 66
31 74
31 75
31 77
31 91
31 100
31 102
31 103
31 104
31 105
31 107
31 109
31 112
31 120
31 126
31 133
31 148
31 154
31 156
31 159
31 167
31 169
31 172
31 176
32 12
32 14
32 16
32 18
32 22
32 33
32 37
32 49
32 51
32 53
32 54
32 57
32 60
32 71
32 73
32 76
32 78
32 79
32 80
32 81
32 89
32 93
32 94
32 97
32 98
32 106
32 113
32 118
32 123
32 125
32 127
32 131
32 132
32 139
32 140
32 141
32 142
32 143
32 144
32 157
32 158
32 160
32 161
32 178
32 179
33 12
33 16
33 32
33 37
33 53
33 54
33 56
33 57
33 71
33 72
33 73
33 78
33 93
33 94
33 97
33 106
33 108
33 118
33 119
33 123
33 125
33 127
33 131
33 139
33 142
33 143
33 157
33 158
33 160
33 161
33 163
33 179
34 1
34 10
34 13
34 20
34 27
34 38
34 39
34 41
34 43
34 47
34 58
34 63
34 67
34 70
34 83
34 86
34 90
34 99
34 102
34 104
34 115
34 124
34 136
34 145
34 146
34 147
34 149
34 153
34 166
34 169
34 171
34 174
35 0
35 1
35 2
35 3
35 5
35 7
35 15
35 30
35 31
35 39
35 41
35 43
35 44
35 48
35 52
35 55
35 64
35 66
35 74
35 75
35 77
35 83
35 85
35 86
35 92
35 100
35 102
35 103
35 104
35 105
35 107
35 111
35 112
35 115
35 116
35 124
35 128
35 133
35 136
35 146
35 148
35 149
35 154
35 156
35 159
35 162
35 166
35 170
35 171
35 173
35 175
36 0
36 2
36 3
36 5
36 7
36 11
36 15
36 19
36 23
36 26
36 30
36 40
36 45
36 46
36 48
36 53
36 55
36 56
36 60
36 61
36 64
36 66
36 69
36 72
36 74
36 75
36 91
36 101
36 106
36 108
36 109
36 112
36 114
36 117
36 119
36 120
36 126
36 127
36 150
36 154
36 155
36 157
36 159
36 163
36 165
36 167
36 172
36 175
37 9
37 12
37 14
37 16
37 18
37 22
37 32
37 33
37 49
37 51
37 53
37 54
37 57
37 60
37 71
37 73
37 76
37 78
37 79
37 80
37 81
37 89
37 93
37 94
37 97
37 98
37 106
37 113
37 118
37 119
37 123
37 125
37 127
37 131
37 132
37 139
37 140
37 141
37 142
37 143
37 144
37 157
37 158
37 160
37 161
37 163
37 178
37 179
38 1
38 10
38 13
38 34
38 39
38 41
38 47
38 67
38 70
38 83
38 90
38 100
38 102
38 104
38 115
38 124
38 133
38 136
38 145
38 153
38 166
38 169
38 171
38 174
39 0
39 1
39 2
39 5
39 10
39 20
39 27
39 34
39 35
39 38
39 41
39 43
39 44
39 47
39 48
39 52
39 58
39 63
39 67
39 74
39 75
39 82
39 83
39 85
39 86
39 92
39 99
39 100
39 102
39 103
39 104
39 105
39 111
39 112
39 115
39 116
39 124
39 128
39 130
39 133
39 136
39 146
39 147
39 148
39 149
39 154
39 156
39 162
39 166
39 169
39 170
39 171
39 173
39 174
39 175
40 2
40 3
40 5
40 7
40 11
40 15
40 19
40 23
40 24
40 26
40 30
40 36
40 45
40 46
40 48
40 53
40 56
40 60
40 61
40 64
40 66
40 69
40 72
40 74
40 91
40 101
40 106
40 108
40 109
40 112
40 114
40 117
40 119
40 120
40 126
40 127
40 150
40 154
40 155
40 157
40 159
40 163
40 165
40 167
40 172
40 175
41 1
41 10
41 13
41 20
41 31
41 34
41 35
41 38
41 39
41 43
41 47
41 48
41 52
41 63
41 66
41 67
41 70
41 74
41 75
41 83
41 85
41 86
41 90
41 92
41 99
41 100
41 102
41 103
41 104
41 105
41 107
41 111
41 112
41 115
41 116
41 124
41 128
41 133
41 136
41 145
41 146
41 147
41 148
41 149
41 153
41 154
41 156
41 162
41 166
41 169
41 170
41 171
41 173
41 174
41 175
42 4
42 8
42 17
42 21
42 25
42 28
42 50
42 59
42 62
42 68
42 82
42 84
42 87
42 95
42 96
42 110
42 111
42 121
42 122
42 129
42 130
42 135
42 137
42 138
42 151
42 152
42 164
42 168
43 0
43 1
43 2
43 5
43 20
43 27
43 29
43 34
43 35
43 39
43 41
43 44
43 47
43 52
43 55
43 58
43 63
43 67
43 74
43 75
43 82
43 83
43 85
43 86
43 92
43 99
43 102
43 104
43 105
43 111
43 112
43 115
43 116
43 124
43 128
43 130
43 136
43 146
43 147
43 149
43 154
43 156
43 162
43 166
43 170
43 171
43 173
43 175
43 177
44 0
44 2
44 5
44 9
44 15
44 22
44 25
44 29
44 35
44 39
44 43
44 49
44 52
44 55
44 60
44 62
44 68
44 74
44 75
44 82
44 85
44 86
44 92
44 98
44 105
44 111
44 112
44 116
44 124
44 128
44 130
44 137
44 141
44 144
44 146
44 147
44 149
44 152
44 154
44 155
44 156
44 162
44 170
44 173
44 175
44 177
45 6
45 11
45 19
45 23
45 24
45 26
45 30
45 36
45 40
45 46
45 56
45 61
45 65
45 69
45 72
45 88
45 91
45 101
45 108
45 109
45 114
45 117
45 119
45 120
45 126
45 134
45 150
45 155
45 157
45 159
45 163
45 165
45 167
46 3
46 6
46 7
46 11
46 19
46 23
46 24
46 30
46 31
46 36
46 40
46 45
46 48
46 64
46 65
46 66
46 69
46 77
46 88
46 91
46 101
46 103
46 107
46 109
46 114
46 117
46 120
46 126
46 133
46 134
46 148
46 159
46 165
46 167
46 172
46 176
47 1
47 10
47 13
47 20
47 27
47 34
47 38
47 39
47 41
47 43
47 58
47 63
47 67
47 70
47 83
47 86
47 90
47 99
47 102
47 104
47 115
47 124
47 136
47 145
47 146
47 147
47 149
47 153
47 166
47 169
47 171
47 174
48 0
48 2
48 3
48 5
48 7
48 15
48 23
48 30
48 31
48 35
48 36
48 39
48 40
48 41
48 46
48 52
48 64
48 66
48 69
48 74
48 75
48 77
48 91
48 100
48 101
48 103
48 104
48 105
48 107
48 109
48 112
48 120
48 126
48 133
48 148
48 154
48 155
48 156
48 159
48 165
48 167
48 172
48 175
48 176
49 0
49 9
49 14
49 15
49 18
49 22
49 25
49 29
49 32
49 37
49 44
49 51
49 53
49 54
49 55
49 60
49 62
49 68
49 76
49 79
49 80
49 81
49 87
49 89
49 94
49 97
49 98
49 106
49 113
49 119
49 122
49 127
49 128
49 131
49 132
49 137
49 140
49 141
49 142
49 143
49 144
49 160
49 161
49 162
49 177
49 178
50 4
50 8
50 17
50 21
50 25
50 28
50 42
50 59
50 62
50 68
50 82
50 95
50 110
50 121
50 122
50 129
50 135
50 137
50 138
50 151
50 152
50 164
50 168
51 14
51 18
51 32
51 37
51 49
51 54
51 76
51 79
51 80
51 81
51 84
51 87
51 89
51 94
51 96
51 98
51 113
51 131
51 132
51 140
51 142
51 144
51 161
51 178
51 179
52 0
52 1
52 2
52 5
52 9
52 15
52 29
52 35
52 39
52 41
52 43
52 44
52 48
52 55
52 64
52 66
52 74
52 75
52 82
52 85
52 86
52 92
52 104
52 105
52 111
52 112
52 115
52 116
52 124
52 128
52 130
52 136
52 146
52 147
52 149
52 154
52 156
52 162
52 170
52 173
52 175
52 177
53 0
53 2
53 5
53 9
53 12
53 14
53 15
53 16
53 18
53 22
53 29
53 32
53 33
53 36
53 37
53 40
53 49
53 54
53 55
53 56
53 57
53 60
53 61
53 64
53 69
53 71
53 78
53 81
53 89
53 91
53 94
53 97
53 98
53 101
53 106
53 108
53 109
53 112
53 118
53 119
53 120
53 123
53 125
53 127
53 131
53 140
53 141
53 142
53 143
53 144
53 155
53 157
53 160
53 161
53 163
53 175
53 177
54 9
54 12
54 14
54 16
54 18
54 22
54 32
54 33
54 37
54 49
54 51
54 53
54 57
54 60
54 71
54 73
54 76
54 78
54 79
54 80
54 81
54 89
54 93
54 94
54 97
54 98
54 106
54 113
54 118
54 119
54 123
54 125
54 127
54 131
54 132
54 139
54 140
54 141
54 142
54 143
54 144
54 157
54 158
54 160
54 161
54 178
54 179
55 0
55 2
55 5
55 9
55 14
55 15
55 18
55 22
55 29
55 30
55 35
55 36
55 43
55 44
55 49
55 52
55 53
55 60
55 64
55 66
55 69
55 74
55 75
55 81
55 85
55 91
55 92
55 98
55 105
55 106
55 109
55 112
55 116
55 119
55 120
55 127
55 128
55 141
55 143
55 144
55 146
55 154
55 155
55 156
55 162
55 163
55 170
55 175
55 177
55 178
56 12
56 15
56 19
56 23
56 26
56 30
56 33
56 36
56 40
56 45
56 53
56 57
56 60
56 61
56 64
56 69
56 72
56 78
56 91
56 97
56 101
56 106
56 108
56 109
56 114
56 117
56 119
56 120
56 123
56 125
56 126
56 127
56 143
56 150
56 155
56 157
56 163
57 12
57 16
57 32
57 33
57 37
57 53
57 54
57 56
57 61
57 71
57 72
57 73
57 78
57 93
57 94
57 97
57 106
57 108
57 118
57 119
57 123
57 125
57 127
57 131
57 139
57 142
57 150
57 157
57 158
57 160
57 161
57 163
58 20
58 27
58 34
58 39
58 43
58 47
58 59
58 63
58 67
58 82
58 85
58 86
58 92
58 99
58 111
58 115
58 116
58 121
58 124
58 130
58 136
58 146
58 147
58 149
58 151
58 152
58 162
58 166
58 170
58 173
59 4
59 8
59 17
59 21
59 27
59 42
59 50
59 58
59 62
59 63
59 68
59 82
59 85
59 86
59 92
59 111
59 121
59 122
59 130
59 135
59 137
59 147
59 151
59 152
59 168
59 170
59 173
60 0
60 2
60 5
60 9
60 14
60 15
60 18
60 22
60 29
60 32
60 36
60 37
60 40
60 44
60 49
60 53
60 54
60 55
60 56
60 64
60 69
60 71
60 74
60 75
60 78
60 81
60 89
60 94
60 97
60 98
60 106
60 109
60 112
60 113
60 119
60 120
60 123
60 125
60 127
60 128
60 131
60 140
60 141
60 142
60 143
60 144
60 154
60 155
60 157
60 160
60 161
60 163
60 175
60 177
60 178
61 11
61 19
61 23
61 24
61 26
61 36
61 40
61 45
61 53
61 56
61 57
61 69
61 72
61 78
61 91
61 101
61 106
61 108
61 109
61 114
61 117
61 119
61 120
61 123
61 125
61 126
61 127
61 150
61 155
61 157
61 163
61 165
62 4
62 8
62 17
62 21
62 25
62 28
62 29
62 42
62 44
62 49
62 50
62 59
62 68
62 82
62 84
62 85
62 87
62 92
62 96
62 98
62 110
62 111
62 116
62 121
62 122
62 128
62 129
62 130
62 135
62 137
62 138
62 147
62 151
62 152
62 162
62 164
62 168
62 170
62 173
62 177
62 178
63 1
63 20
63 27
63 34
63 39
63 41
63 43
63 47
63 58
63 59
63 67
63 82
63 83
63 85
63 86
63 92
63 99
63 111
63 115
63 116
63 121
63 124
63 130
63 136
63 145
63 146
63 147
63 149
63 151
63 153
63 166
63 170
63 173
63 174
64 0
64 2
64 3
64 5
64 7
64 15
64 23
64 30
64 31
64 35
64 36
64 40
64 46
64 48
64 52
64 53
64 55
64 56
64 60
64 66
64 69
64 74
64 75
64 77
64 91
64 101
64 103
64 105
64 106
64 107
64 108
64 109
64 112
64 119
64 120
64 126
64 128
64 148
64 154
64 155
64 156
64 159
64 163
64 165
64 167
64 172
64 175
65 6
65 7
65 11
65 19
65 23
65 24
65 26
65 45
65 46
65 88
65 101
65 114
65 117
65 126
65 134
65 159
65 165
65 167
65 172
65 176
66 0
66 2
66 3
66 5
66 7
66 15
66 23
66 30
66 31
66 35
66 36
66 40
66 41
66 46
66 48
66 52
66 55
66 64
66 69
66 74
66 75
66 77
66 91
66 100
66 101
66 103
66 104
66 105
66 107
66 109
66 112
66 120
66 126
66 128
66 133
66 148
66 154
66 155
66 156
66 159
66 165
66 167
66 172
66 175
66 176
67 1
67 10
67 13
67 20
67 27
67 34
67 38
67 39
67 41
67 43
67 47
67 58
67 63
67 70
67 83
67 86
67 90
67 99
67 102
67 104
67 115
67 124
67 136
67 145
67 146
67 147
67 149
67 153
67 166
67 169
67 171
67 174
68 4
68 8
68 17
68 18
68 21
68 25
68 28
68 29
68 42
68 44
68 49
68 50
68 59
68 62
68 82
68 84
68 85
68 87
68 92
68 96
68 98
68 110
68 111
68 113
68 116
68 121
68 122
68 128
68 130
68 135
68 137
68 138
68 144
68 147
68 151
68 152
68 162
68 164
68 168
68 170
68 173
68 177
68 178
69 0
69 2
69 3
69 5
69 7
69 9
69 11
69 15
69 19
69 23
69 26
69 30
69 36
69 40
69 45
69 46
69 48
69 53
69 55
69 56
69 60
69 61
69 64
69 66
69 72
69 74
69 75
69 91
69 101
69 106
69 108
69 109
69 112
69 114
69 117
69 119
69 120
69 126
69 127
69 150
69 154
69 155
69 157
69 159
69 163
69 165
69 167
69 172
69 175
70 1
70 10
70 13
70 20
70 34
70 38
70 41
70 47
70 67
70 83
70 90
70 99
70 100
70 102
70 104
70 115
70 136
70 145
70 153
70 166
70 169
70 171
70 174
71 12
71 14
71 16
71 18
71 22
71 32
71 33
71 37
71 53
71 54
71 57
71 60
71 73
71 76
71 78
71 79
71 80
71 81
71 89
71 93
71 94
71 97
71 106
71 118
71 119
71 123
71 125
71 127
71 131
71 132
71 139
71 140
71 141
71 142
71 143
71 144
71 157
71 158
71 160
71 161
71 163
71 179
72 19
72 26
72 33
72 36
72 40
72 45
72 56
72 57
72 61
72 69
72 78
72 101
72 106
72 108
72 114
72 117
72 119
72 123
72 125
72 127
72 150
72 157
72 163
73 12
73 16
73 32
73 33
73 37
73 54
73 57
73 71
73 78
73 80
73 89
73 93
73 94
73 97
73 118
73 123
73 125
73 131
73 139
73 142
73 157
73 158
73 160
73 161
73 179
74 0
74 2
74 3
74 5
74 7
74 9
74 15
74 29
74 30
74 31
74 35
74 36
74 39
74 40
74 41
74 43
74 44
74 48
74 52
74 55
74 60
74 64
74 66
74 69
74 75
74 77
74 85
74 91
74 103
74 104
74 105
74 107
74 109
74 112
74 116
74 120
74 128
74 133
74 146
74 148
74 149
74 154
74 155
74 156
74 159
74 162
74 167
74 170
74 172
74 175
74 177
75 0
75 2
75 3
75 5
75 7
75 9
75 15
75 29
75 30
75 31
75 35
75 36
75 39
75 41
75 43
75 44
75 48
75 52
75 55
75 60
75 64
75 66
75 69
75 74
75 85
75 91
75 92
75 103
75 104
75 105
75 107
75 109
75 112
75 115
75 116
75 120
75 124
75 128
75 146
75 148
75 149
75 154
75 155
75 156
75 159
75 162
75 170
75 172
75 173
75 175
75 177
76 14
76 16
76 18
76 22
76 32
76 37
76 49
76 51
76 54
76 71
76 79
76 80
76 81
76 87
76 89
76 93
76 94
76 97
76 98
76 113
76 118
76 131
76 132
76 140
76 141
76 142
76 143
76 144
76 160
76 161
76 178
76 179
77 3
77 7
77 10
77 30
77 31
77 35
77 46
77 48
77 64
77 66
77 74
77 100
77 102
77 103
77 104
77 107
77 126
77 133
77 148
77 156
77 159
77 167
77 169
77 172
77 176
78 12
78 16
78 26
78 32
78 33
78 37
78 53
78 54
78 56
78 57
78 60
78 61
78 71
78 72
78 73
78 81
78 93
78 94
78 97
78 106
78 108
78 118
78 119
78 123
78 125
78 127
78 131
78 139
78 142
78 143
78 150
78 157
78 160
78 161
78 163
79 14
79 16
79 18
79 22
79 32
79 37
79 49
79 51
79 54
79 71
79 76
79 80
79 81
79 87
79 89
79 93
79 94
79 97
79 98
79 113
79 118
79 131
79 132
79 140
79 141
79 142
79 143
79 144
79 160
79 161
79 178
79 179
80 14
80 16
80 18
80 22
80 32
80 37
80 49
80 51
80 54
80 71
80 73
80 76
80 79
80 81
80 89
80 93
80 94
80 97
80 98
80 113
80 118
80 131
80 132
80 139
80 140
80 141
80 142
80 143
80 144
80 158
80 160
80 161
80 178
80 179
81 9
81 12
81 14
81 15
81 16
81 18
81 22
81 29
81 32
81 37
81 49
81 51
81 53
81 54
81 55
81 60
81 71
81 76
81 78
81 79
81 80
81 89
81 93
81 94
81 97
81 98
81 106
81 113
81 118
81 119
81 123
81 125
81 127
81 131
81 132
81 140
81 141
81 142
81 143
81 144
81 157
81 160
81 161
81 177
81 178
81 179
82 4
82 17
82 20
82 21
82 27
82 39
82 42
82 43
82 44
82 50
82 52
82 58
82 59
82 62
82 63
82 68
82 85
82 86
82 92
82 99
82 111
82 116
82 121
82 124
82 128
82 130
82 136
82 137
82 146
82 147
82 149
82 151
82 152
82 162
82 170
82 173
83 1
83 10
83 13
83 20
83 34
83 35
83 38
83 39
83 41
83 43
83 47
83 63
83 67
83 70
83 86
83 90
83 99
83 100
83 102
83 104
83 105
83 115
83 124
83 133
83 136
83 145
83 146
83 149
83 153
83 156
83 166
83 169
83 171
83 174
84 4
84 8
84 18
84 25
84 28
84 42
84 51
84 62
84 68
84 87
84 96
84 98
84 110
84 113
84 122
84 129
84 137
84 138
84 164
84 168
84 178
85 0
85 2
85 5
85 9
85 15
85 27
85 29
85 35
85 39
85 41
85 43
85 44
85 52
85 55
85 58
85 59
85 62
85 63
85 68
85 74
85 75
85 82
85 86
85 92
85 105
85 111
85 112
85 115
85 116
85 121
85 124
85 128
85 130
85 137
85 146
85 147
85 149
85 152
85 154
85 156
85 162
85 170
85 173
85 175
85 177
86 1
86 20
86 27
86 34
86 35
86 39
86 41
86 43
86 44
86 47
86 52
86 58
86 59
86 63
86 67
86 82
86 83
86 85
86 92
86 99
86 105
86 111
86 115
86 116
86 121
86 124
86 128
86 130
86 136
86 146
86 147
86 149
86 151
86 152
86 156
86 162
86 166
86 170
86 173
87 4
87 8
87 17
87 18
87 25
87 28
87 42
87 49
87 51
87 62
87 68
87 76
87 79
87 84
87 96
87 98
87 110
87 113
87 122
87 135
87 137
87 138
87 140
87 144
87 152
87 164
87 168
87 178
88 6
88 11
88 19
88 23
88 24
88 45
88 46
88 65
88 114
88 117
88 126
88 134
88 165
89 9
89 12
89 14
89 16
89 18
89 22
89 32
89 37
89 49
89 51
89 53
89 54
89 60
89 71
89 73
89 76
89 79
89 80
89 81
89 93
89 94
89 97
89 98
89 113
89 118
89 127
89 131
89 132
89 139
89 140
89 141
89 142
89 143
89 144
89 158
89 160
89 161
89 178
89 179
90 1
90 10
90 13
90 20
90 34
90 38
90 41
90 47
90 67
90 70
90 83
90 99
90 102
90 104
90 115
90 136
90 145
90 153
90 166
90 169
90 171
90 174
91 0
91 2
91 3
91 5
91 7
91 11
91 15
91 19
91 23
91 26
91 30
91 31
91 36
91 40
91 45
91 46
91 48
91 53
91 55
91 56
91 61
91 64
91 66
91 69
91 74
91 75
91 101
91 103
91 105
91 106
91 107
91 108
91 109
91 112
91 114
91 117
91 119
91 120
91 126
91 148
91 150
91 154
91 155
91 156
91 159
91 163
91 165
91 167
91 172
91 175
91 176
92 0
92 17
92 20
92 27
92 29
92 35
92 39
92 41
92 43
92 44
92 52
92 55
92 58
92 59
92 62
92 63
92 68
92 75
92 82
92 85
92 86
92 99
92 105
92 111
92 115
92 116
92 121
92 124
92 128
92 130
92 136
92 137
92 146
92 147
92 149
92 151
92 152
92 154
92 156
92 162
92 170
92 173
92 175
92 177
93 12
93 16
93 32
93 33
93 37
93 54
93 57
93 71
93 73
93 76
93 78
93 79
93 80
93 81
93 89
93 94
93 97
93 118
93 123
93 125
93 127
93 131
93 132
93 139
93 140
93 142
93 143
93 157
93 158
93 160
93 161
93 179
94 9
94 12
94 14
94 15
94 16
94 18
94 22
94 32
94 33
94 37
94 49
94 51
94 53
94 54
94 57
94 60
94 71
94 73
94 76
94 78
94 79
94 80
94 81
94 89
94 93
94 97
94 98
94 106
94 113
94 118
94 119
94 123
94 125
94 127
94 131
94 132
94 139
94 140
94 141
94 142
94 143
94 144
94 157
94 160
94 161
94 163
94 178
94 179
95 4
95 8
95 17
95 21
95 28
95 42
95 50
95 110
95 129
95 135
95 138
95 164
95 168
96 4
96 8
96 17
96 18
96 25
96 28
96 42
96 51
96 62
96 68
96 84
96 87
96 110
96 113
96 122
96 129
96 135
96 137
96 138
96 164
96 168
96 178
97 9
97 12
97 14
97 16
97 18
97 22
97 32
97 33
97 37
97 49
97 53
97 54
97 56
97 57
97 60
97 71
97 73
97 76
97 78
97 79
97 80
97 81
97 89
97 93
97 94
97 106
97 118
97 119
97 123
97 125
97 127
97 131
97 132
97 139
97 140
97 141
97 142
97 143
97 144
97 157
97 158
97 160
97 161
97 163
97 179
98 0
98 9
98 14
98 15
98 18
98 22
98 25
98 28
98 29
98 32
98 37
98 44
98 49
98 51
98 53
98 54
98 55
98 60
98 62
98 68
98 76
98 79
98 80
98 81
98 84
98 87
98 89
98 94
98 106
98 113
98 122
98 127
98 128
98 131
98 132
98 137
98 140
98 141
98 142
98 143
98 144
98 160
98 161
98 162
98 177
98 178
99 1
99 13
99 20
99 27
99 34
99 39
99 41
99 43
99 47
99 58
99 63
99 67
99 70
99 82
99 83
99 86
99 90
99 92
99 111
99 115
99 121
99 124
99 130
99 136
99 145
99 146
99 147
99 149
99 153
99 166
99 171
99 173
99 174
100 1
100 3
100 7
100 10
100 31
100 35
100 38
100 39
100 41
100 48
100 66
100 70
100 77
100 83
100 102
100 103
100 104
100 105
100 107
100 115
100 133
100 148
100 156
100 169
100 171
100 172
100 176
101 2
101 3
101 5
101 6
101 7
101 11
101 15
101 19
101 23
101 24
101 26
101 30
101 36
101 40
101 45
101 46
101 48
101 53
101 56
101 61
101 64
101 65
101 66
101 69
101 72
101 91
101 106
101 108
101 109
101 114
101 117
101 119
101 120
101 126
101 127
101 134
101 150
101 155
101 157
101 159
101 163
101 165
101 167
101 172
102 1
102 10
102 13
102 31
102 34
102 35
102 38
102 39
102 41
102 43
102 47
102 67
102 70
102 77
102 83
102 90
102 100
102 103
102 104
102 105
102 107
102 115
102 124
102 133
102 136
102 145
102 146
102 148
102 149
102 153
102 156
102 166
102 169
102 171
102 174
103 1
103 2
103 3
103 5
103 7
103 10
103 30
103 31
103 35
103 39
103 41
103 46
103 48
103 64
103 66
103 74
103 75
103 77
103 91
103 100
103 102
103 104
103 105
103 107
103 109
103 112
103 120
103 126
103 133
103 148
103 154
103 156
103 159
103 167
103 169
103 171
103 172
103 175
103 176
104 1
104 10
104 13
104 31
104 34
104 35
104 38
104 39
104 41
104 43
104 47
104 48
104 52
104 66
104 67
104 70
104 74
104 75
104 77
104 83
104 90
104 100
104 102
104 103
104 105
104 107
104 115
104 124
104 133
104 136
104 145
104 146
104 148
104 149
104 153
104 154
104 156
104 166
104 169
104 171
104 174
105 0
105 1
105 2
105 3
105 5
105 7
105 15
105 29
105 30
105 31
105 35
105 39
105 41
105 43
105 44
105 48
105 52
105 55
105 64
105 66
105 74
105 75
105 83
105 85
105 86
105 91
105 92
105 100
105 102
105 103
105 104
105 107
105 109
105 111
105 112
105 115
105 116
105 120
105 124
105 128
105 133
105 146
105 148
105 149
105 154
105 155
105 156
105 159
105 162
105 170
105 171
105 173
105 175
105 177
106 0
106 2
106 5
106 9
106 12
106 14
106 15
106 16
106 18
106 22
106 29
106 32
106 33
106 36
106 37
106 40
106 49
106 53
106 54
106 55
106 56
106 57
106 60
106 61
106 64
106 69
106 71
106 72
106 78
106 81
106 91
106 94
106 97
106 98
106 101
106 108
106 109
106 112
106 118
106 119
106 120
106 123
106 125
106 127
106 131
106 140
106 141
106 142
106 143
106 144
106 155
106 157
106 160
106 161
106 163
106 177
107 2
107 3
107 5
107 7
107 23
107 30
107 31
107 35
107 41
107 46
107 48
107 64
107 66
107 74
107 75
107 77
107 91
107 100
107 102
107 103
107 104
107 105
107 109
107 112
107 120
107 126
107 133
107 148
107 154
107 156
107 159
107 165
107 167
107 172
107 175
107 176
108 19
108 23
108 26
108 30
108 33
108 36
108 40
108 45
108 53
108 56
108 57
108 61
108 64
108 69
108 72
108 78
108 91
108 101
108 106
108 109
108 114
108 117
108 119
108 120
108 123
108 125
108 126
108 127
108 150
108 155
108 157
108 163
108 165
109 0
109 2
109 3
109 5
109 7
109 11
109 15
109 19
109 23
109 26
109 30
109 31
109 36
109 40
109 45
109 46
109 48
109 53
109 55
109 56
109 60
109 61
109 64
109 66
109 69
109 74
109 75
109 91
109 101
109 103
109 105
109 106
109 107
109 108
109 112
109 114
109 119
109 120
109 126
109 148
109 150
109 154
109 155
109 156
109 159
109 163
109 165
109 167
109 172
109 175
110 4
110 8
110 17
110 21
110 25
110 28
110 42
110 50
110 62
110 68
110 84
110 87
110 95
110 96
110 113
110 122
110 129
110 135
110 137
110 138
110 152
110 164
110 168
110 178
111 4
111 17
111 20
111 27
111 29
111 35
111 39
111 41
111 42
111 43
111 44
111 52
111 58
111 59
111 62
111 63
111 68
111 82
111 85
111 86
111 92
111 99
111 105
111 115
111 116
111 121
111 124
111 128
111 130
111 136
111 137
111 146
111 147
111 149
111 151
111 152
111 162
111 170
111 173
111 177
112 0
112 2
112 3
112 5
112 7
112 9
112 15
112 22
112 29
112 30
112 31
112 35
112 36
112 39
112 40
112 41
112 43
112 44
112 48
112 52
112 53
112 55
112 60
112 64
112 66
112 69
112 74
112 75
112 85
112 91
112 103
112 105
112 106
112 107
112 109
112 116
112 119
112 120
112 128
112 141
112 146
112 148
112 149
112 154
112 155
112 156
112 159
112 162
112 167
112 170
112 172
112 175
112 177
113 9
113 14
113 18
113 22
113 25
113 28
113 29
113 32
113 37
113 49
113 51
113 54
113 60
113 68
113 76
113 79
113 80
113 81
113 84
113 87
113 89
113 94
113 96
113 98
113 110
113 122
113 131
113 132
113 137
113 140
113 141
113 142
113 143
113 144
113 161
113 177
113 178
113 179
114 6
114 11
114 19
114 23
114 24
114 26
114 36
114 40
114 45
114 46
114 56
114 61
114 65
114 69
114 72
114 88
114 91
114 101
114 108
114 109
114 117
114 120
114 126
114 134
114 150
114 159
114 165
114 167
115 1
115 10
115 13
115 20
115 27
115 34
115 35
115 38
115 39
115 41
115 43
115 47
115 52
115 58
115 63
115 67
115 70
115 75
115 83
115 85
115 86
115 90
115 92
115 99
115 100
115 102
115 104
115 105
115 111
115 116
115 124
115 128
115 136
115 145
115 146
115 147
115 149
115 153
115 156
115 162
115 166
115 169
115 170
115 171
115 173
115 174
116 0
116 2
116 5
116 9
116 15
116 27
116 29
116 35
116 39
116 41
116 43
116 44
116 52
116 55
116 58
116 62
116 63
116 68
116 74
116 75
116 82
116 85
116 86
116 92
116 105
116 111
116 112
116 115
116 124
116 128
116 130
116 136
116 137
116 146
116 147
116 149
116 152
116 154
116 156
116 162
116 170
116 173
116 175
116 177
117 6
117 11
117 19
117 23
117 24
117 26
117 36
117 40
117 45
117 46
117 56
117 61
117 65
117 69
117 72
117 88
117 91
117 101
117 108
117 114
117 120
117 126
117 134
117 150
117 165
118 12
118 14
118 16
118 32
118 33
118 37
118 53
118 54
118 57
118 71
118 73
118 76
118 78
118 79
118 80
118 81
118 89
118 93
118 94
118 97
118 106
118 119
118 123
118 125
118 127
118 131
118 132
118 139
118 140
118 141
118 142
118 143
118 157
118 158
118 160
118 161
118 179
119 0
119 2
119 5
119 9
119 12
119 14
119 15
119 22
119 26
119 29
119 30
119 33
119 36
119 37
119 40
119 45
119 49
119 53
119 54
119 55
119 56
119 57
119 60
119 61
119 64
119 69
119 71
119 72
119 78
119 81
119 91
119 94
119 97
119 101
119 106
119 108
119 109
119 112
119 118
119 120
119 123
119 125
119 127
119 131
119 141
119 143
119 144
119 150
119 155
119 157
119 160
119 161
119 163
120 0
120 2
120 3
120 5
120 7
120 11
120 15
120 19
120 23
120 26
120 30
120 31
120 36
120 40
120 45
120 46
120 48
120 53
120 55
120 56
120 60
120 61
120 64
120 66
120 69
120 74
120 75
120 91
120 101
120 103
120 105
120 106
120 107
120 108
120 109
120 112
120 114
120 117
120 119
120 126
120 148
120 150
120 154
120 155
120 156
120 159
120 163
120 165
120 167
120 172
120 175
120 176
121 4
121 8
121 17
121 20
121 21
121 27
121 42
121 50
121 58
121 59
121 62
121 63
121 68
121 82
121 85
121 86
121 92
121 99
121 111
121 130
121 135
121 137
121 147
121 151
121 152
121 168
121 170
121 173
122 4
122 8
122 17
122 18
122 21
122 25
122 28
122 42
122 49
122 50
122 59
122 62
122 68
122 84
122 87
122 96
122 98
122 110
122 113
122 129
122 135
122 137
122 138
122 152
122 164
122 168
122 177
122 178
123 12
123 16
123 22
123 32
123 33
123 37
123 53
123 54
123 56
123 57
123 60
123 61
123 71
123 72
123 73
123 78
123 81
123 93
123 94
123 97
123 106
123 108
123 118
123 119
123 125
123 127
123 131
123 139
123 141
123 142
123 143
123 150
123 157
123 160
123 161
123 163
123 179
124 1
124 20
124 27
124 34
124 35
124 38
124 39
124 41
124 43
124 44
124 47
124 52
124 58
124 63
124 67
124 75
124 82
124 83
124 85
124 86
124 92
124 99
124 102
124 104
124 105
124 111
124 115
124 116
124 128
124 130
124 136
124 145
124 146
124 147
124 149
124 153
124 154
124 156
124 162
124 166
124 170
124 171
124 173
124 174
124 175
125 12
125 16
125 26
125 32
125 33
125 37
125 53
125 54
125 56
125 57
125 60
125 61
125 71
125 72
125 73
125 78
125 81
125 93
125 94
125 97
125 106
125 108
125 118
125 119
125 123
125 127
125 131
125 139
125 142
125 143
125 150
125 157
125 160
125 161
125 163
126 2
126 3
126 5
126 6
126 7
126 11
126 19
126 23
126 24
126 26
126 30
126 31
126 36
126 40
126 45
126 46
126 48
126 56
126 61
126 64
126 65
126 66
126 69
126 77
126 88
126 91
126 101
126 103
126 107
126 108
126 109
126 114
126 117
126 120
126 134
126 148
126 150
126 155
126 159
126 165
126 167
126 172
126 176
127 9
127 12
127 14
127 15
127 16
127 18
127 22
127 32
127 33
127 36
127 37
127 40
127 49
127 53
127 54
127 55
127 56
127 57
127 60
127 61
127 69
127 71
127 72
127 78
127 81
127 89
127 93
127 94
127 97
127 98
127 101
127 106
127 108
127 118
127 119
127 123
127 125
127 131
127 140
127 141
127 142
127 143
127 144
127 155
127 157
127 160
127 161
127 163
128 0
128 2
128 5
128 9
128 15
128 22
128 29
128 35
128 39
128 41
128 43
128 44
128 49
128 52
128 55
128 60
128 62
128 64
128 66
128 68
128 74
128 75
128 82
128 85
128 86
128 92
128 98
128 105
128 111
128 112
128 115
128 116
128 124
128 130
128 137
128 141
128 146
128 147
128 149
128 152
128 154
128 155
128 156
128 162
128 170
128 173
128 175
128 177
129 4
129 8
129 17
129 21
129 25
129 28
129 42
129 50
129 62
129 84
129 95
129 96
129 110
129 122
129 135
129 137
129 138
129 152
129 164
129 168
130 4
130 17
130 20
130 21
130 27
130 39
130 42
130 43
130 44
130 52
130 58
130 59
130 62
130 63
130 68
130 82
130 85
130 86
130 92
130 99
130 111
130 116
130 121
130 124
130 128
130 136
130 137
130 146
130 147
130 149
130 151
130 152
130 162
130 170
130 173
131 9
131 12
131 14
131 16
131 18
131 22
131 32
131 33
131 37
131 49
131 51
131 53
131 54
131 57
131 60
131 71
131 73
131 76
131 78
131 79
131 80
131 81
131 89
131 93
131 94
131 97
131 98
131 106
131 113
131 118
131 119
131 123
131 125
131 127
131 132
131 139
131 140
131 141
131 142
131 143
131 144
131 157
131 158
131 160
131 161
131 178
131 179
132 14
132 16
132 18
132 32
132 37
132 49
132 51
132 54
132 71
132 76
132 79
132 80
132 81
132 89
132 93
132 94
132 97
132 98
132 113
132 118
132 131
132 139
132 140
132 142
132 144
132 160
132 161
132 178
132 179
133 1
133 3
133 7
133 10
133 31
133 35
133 38
133 39
133 41
133 46
133 48
133 66
133 74
133 77
133 83
133 100
133 102
133 103
133 104
133 105
133 107
133 148
133 156
133 159
133 167
133 169
133 171
133 172
133 176
134 6
134 7
134 11
134 19
134 23
134 24
134 45
134 46
134 65
134 88
134 101
134 114
134 117
134 126
134 159
134 165
134 167
134 172
134 176
135 4
135 8
135 17
135 21
135 25
135 28
135 42
135 50
135 59
135 62
135 68
135 87
135 95
135 96
135 110
135 121
135 122
135 129
135 137
135 138
135 151
135 152
135 164
135 168
136 1
136 10
136 13
136 20
136 27
136 34
136 35
136 38
136 39
136 41
136 43
136 47
136 52
136 58
136 63
136 67
136 70
136 82
136 83
136 86
136 90
136 92
136 99
136 102
136 104
136 111
136 115
136 116
136 124
136 130
136 145
136 146
136 147
136 149
136 153
136 156
136 166
136 169
136 170
136 171
136 173
136 174
137 4
137 8
137 17
137 18
137 21
137 25
137 28
137 29
137 42
137 44
137 49
137 50
137 59
137 62
137 68
137 82
137 84
137 85
137 87
137 92
137 96
137 98
137 110
137 111
137 113
137 116
137 121
137 122
137 128
137 129
137 130
137 135
137 138
137 151
137 152
137 162
137 164
137 168
137 170
137 173
137 177
137 178
138 4
138 8
138 17
138 21
138 25
138 28
138 42
138 50
138 62
138 68
138 84
138 87
138 95
138 96
138 110
138 122
138 129
138 135
138 137
138 152
138 164
138 168
139 12
139 16
139 32
139 33
139 37
139 54
139 57
139 71
139 73
139 78
139 80
139 89
139 93
139 94
139 97
139 118
139 123
139 125
139 131
139 132
139 142
139 158
139 160
139 161
139 179
140 9
140 14
140 16
140 18
140 22
140 29
140 32
140 37
140 49
140 51
140 53
140 54
140 60
140 71
140 76
140 79
140 80
140 81
140 87
140 89
140 93
140 94
140 97
140 98
140 106
140 113
140 118
140 127
140 131
140 132
140 141
140 142
140 143
140 144
140 160
140 161
140 177
140 178
140 179
141 0
141 5
141 9
141 14
141 15
141 18
141 22
141 29
141 32
141 37
141 44
141 49
141 53
141 54
141 55
141 60
141 71
141 76
141 79
141 80
141 81
141 89
141 94
141 97
141 98
141 106
141 112
141 113
141 118
141 119
141 123
141 127
141 128
141 131
141 140
141 142
141 143
141 144
141 155
141 157
141 160
141 161
141 163
141 175
141 177
141 178
142 12
142 14
142 16
142 18
142 22
142 32
142 33
142 37
142 49
142 51
142 53
142 54
142 57
142 60
142 71
142 73
142 76
142 78
142 79
142 80
142 81
142 89
142 93
142 94
142 97
142 98
142 106
142 113
142 118
142 123
142 125
142 127
142 131
142 132
142 139
142 140
142 141
142 143
142 144
142 157
142 158
142 160
142 161
142 178
142 179
143 0
143 9
143 12
143 14
143 15
143 16
143 18
143 22
143 29
143 32
143 33
143 37
143 49
143 53
143 54
143 55
143 56
143 60
143 71
143 76
143 78
143 79
143 80
143 81
143 89
143 93
143 94
143 97
143 98
143 106
143 113
143 118
143 119
143 123
143 125
143 127
143 131
143 140
143 141
143 142
143 144
143 155
143 157
143 160
143 161
143 163
143 177
143 178
143 179
144 0
144 9
144 14
144 15
144 18
144 22
144 25
144 29
144 32
144 37
144 44
144 49
144 51
144 53
144 54
144 55
144 60
144 68
144 71
144 76
144 79
144 80
144 81
144 87
144 89
144 94
144 97
144 98
144 106
144 113
144 119
144 127
144 131
144 132
144 140
144 141
144 142
144 143
144 160
144 161
144 177
144 178
145 1
145 10
145 13
145 20
145 34
145 38
145 41
145 47
145 63
145 67
145 70
145 83
145 90
145 99
145 102
145 104
145 115
145 124
145 136
145 153
145 166
145 169
145 171
145 174
146 0
146 1
146 2
146 5
146 20
146 27
146 34
146 35
146 39
146 41
146 43
146 44
146 47
146 52
146 55
146 58
146 63
146 67
146 74
146 75
146 82
146 83
146 85
146 86
146 92
146 99
146 102
146 104
146 105
146 111
146 112
146 115
146 116
146 124
146 128
146 130
146 136
146 147
146 149
146 154
146 156
146 162
146 166
146 170
146 171
146 173
146 175
146 177
147 17
147 20
147 27
147 34
147 39
147 41
147 43
147 44
147 47
147 52
147 58
147 59
147 62
147 63
147 67
147 68
147 82
147 85
147 86
147 92
147 99
147 111
147 115
147 116
147 121
147 124
147 128
147 130
147 136
147 146
147 149
147 151
147 152
147 162
147 166
147 170
147 173
148 1
148 2
148 3
148 5
148 7
148 10
148 30
148 31
148 35
148 39
148 41
148 46
148 48
148 64
148 66
148 74
148 75
148 77
148 91
148 100
148 102
148 103
148 104
148 105
148 107
148 109
148 112
148 120
148 126
148 133
148 154
148 156
148 159
148 167
148 169
148 171
148 172
148 175
148 176
149 0
149 1
149 20
149 27
149 34
149 35
149 39
149 41
149 43
149 44
149 47
149 52
149 58
149 63
149 67
149 74
149 75
149 82
149 83
149 85
149 86
149 92
149 99
149 102
149 104
149 105
149 111
149 112
149 115
149 116
149 124
149 128
149 130
149 136
149 146
149 147
149 154
149 156
149 162
149 166
149 170
149 171
149 173
149 174
149 175
150 11
150 19
150 23
150 24
150 26
150 36
150 40
150 45
150 56
150 57
150 61
150 69
150 72
150 78
150 91
150 101
150 108
150 109
150 114
150 117
150 119
150 120
150 123
150 125
150 126
150 157
150 163
150 165
151 4
151 8
151 17
151 21
151 27
151 42
151 50
151 58
151 59
151 62
151 63
151 68
151 82
151 86
151 92
151 111
151 121
151 130
151 135
151 137
151 147
151 152
151 168
151 170
151 173
152 4
152 8
152 17
152 21
152 25
152 27
152 28
152 42
152 44
152 50
152 58
152 59
152 62
152 68
152 82
152 85
152 86
152 87
152 92
152 110
152 111
152 116
152 121
152 122
152 128
152 129
152 130
152 135
152 137
152 138
152 147
152 151
152 162
152 164
152 168
152 170
152 173
152 177
153 1
153 10
153 13
153 20
153 34
153 38
153 41
153 47
153 63
153 67
153 70
153 83
153 90
153 99
153 102
153 104
153 115
153 124
153 136
153 145
153 166
153 169
153 171
153 174
154 0
154 2
154 3
154 5
154 7
154 9
154 15
154 29
154 30
154 31
154 35
154 36
154 39
154 40
154 41
154 43
154 44
154 48
154 52
154 55
154 60
154 64
154 66
154 69
154 74
154 75
154 85
154 91
154 92
154 103
154 104
154 105
154 107
154 109
154 112
154 116
154 120
154 124
154 128
154 146
154 148
154 149
154 155
154 156
154 159
154 162
154 170
154 172
154 173
154 175
154 177
155 0
155 2
155 3
155 5
155 7
155 9
155 15
155 22
155 26
155 29
155 30
155 36
155 40
155 44
155 45
155 48
155 53
155 55
155 56
155 60
155 61
155 64
155 66
155 69
155 74
155 75
155 91
155 101
155 105
155 106
155 108
155 109
155 112
155 119
155 120
155 126
155 127
155 128
155 141
155 143
155 154
155 156
155 157
155 159
155 163
155 167
155 172
155 175
155 177
156 0
156 1
156 2
156 3
156 5
156 7
156 15
156 29
156 30
156 31
156 35
156 39
156 41
156 43
156 44
156 48
156 52
156 55
156 64
156 66
156 74
156 75
156 77
156 83
156 85
156 86
156 91
156 92
156 100
156 102
156 103
156 104
156 105
156 107
156 109
156 112
156 115
156 116
156 120
156 124
156 128
156 133
156 136
156 146
156 148
156 149
156 154
156 155
156 159
156 162
156 170
156 171
156 172
156 173
156 175
156 177
157 9
157 12
157 14
157 15
157 16
157 22
157 26
157 32
157 33
157 36
157 37
157 40
157 45
157 53
157 54
157 56
157 57
157 60
157 61
157 69
157 71
157 72
157 73
157 78
157 81
157 93
157 94
157 97
157 101
157 106
157 108
157 118
157 119
157 123
157 125
157 127
157 131
157 141
157 142
157 143
157 150
157 155
157 160
157 161
157 163
158 12
158 16
158 32
158 33
158 37
158 54
158 57
158 71
158 73
158 80
158 89
158 93
158 97
158 118
158 131
158 139
158 142
158 160
158 179
159 2
159 3
159 5
159 6
159 7
159 11
159 19
159 23
159 30
159 31
159 35
159 36
159 40
159 45
159 46
159 48
159 64
159 65
159 66
159 69
159 74
159 75
159 77
159 91
159 101
159 103
159 105
159 107
159 109
159 112
159 114
159 120
159 126
159 133
159 134
159 148
159 154
159 155
159 156
159 165
159 167
159 172
159 175
159 176
160 9
160 12
160 14
160 16
160 18
160 22
160 32
160 33
160 37
160 49
160 53
160 54
160 57
160 60
160 71
160 73
160 76
160 78
160 79
160 80
160 81
160 89
160 93
160 94
160 97
160 98
160 106
160 118
160 119
160 123
160 125
160 127
160 131
160 132
160 139
160 140
160 141
160 142
160 143
160 144
160 157
160 158
160 161
160 163
160 178
160 179
161 9
161 12
161 14
161 15
161 16
161 18
161 22
161 32
161 33
161 37
161 49
161 51
161 53
161 54
161 57
161 60
161 71
161 73
161 76
161 78
161 79
161 80
161 81
161 89
161 93
161 94
161 97
161 98
161 106
161 113
161 118
161 119
161 123
161 125
161 127
161 131
161 132
161 139
161 140
161 141
161 142
161 143
161 144
161 157
161 160
161 163
161 178
161 179
162 0
162 2
162 5
162 9
162 15
162 27
162 29
162 35
162 39
162 41
162 43
162 44
162 49
162 52
162 55
162 58
162 62
162 68
162 74
162 75
162 82
162 85
162 86
162 92
162 98
162 105
162 111
162 112
162 115
162 116
162 124
162 128
162 130
162 137
162 146
162 147
162 149
162 152
162 154
162 156
162 170
162 173
162 175
162 177
163 2
163 5
163 9
163 12
163 15
163 19
163 22
163 26
163 30
163 33
163 36
163 37
163 40
163 45
163 53
163 55
163 56
163 57
163 60
163 61
163 64
163 69
163 71
163 72
163 78
163 91
163 94
163 97
163 101
163 106
163 108
163 109
163 119
163 120
163 123
163 125
163 127
163 141
163 143
163 150
163 155
163 157
163 160
163 161
164 4
164 8
164 17
164 21
164 25
164 28
164 42
164 50
164 62
164 68
164 84
164 87
164 95
164 96
164 110
164 122
164 129
164 135
164 137
164 138
164 152
164 168
165 3
165 6
165 7
165 11
165 19
165 23
165 24
165 26
165 30
165 36
165 40
165 45
165 46
165 48
165 61
165 64
165 65
165 66
165 69
165 88
165 91
165 101
165 107
165 108
165 109
165 114
165 117
165 120
165 126
165 134
165 150
165 159
165 167
165 172
165 176
166 1
166 10
166 13
166 20
166 27
166 34
166 35
166 38
166 39
166 41
166 43
166 47
166 58
166 63
166 67
166 70
166 83
166 86
166 90
166 99
166 102
166 104
166 115
166 124
166 136
166 145
166 146
166 147
166 149
166 153
166 169
166 171
166 173
166 174
167 2
167 3
167 5
167 6
167 7
167 11
167 19
167 23
167 24
167 30
167 31
167 36
167 40
167 45
167 46
167 48
167 64
167 65
167 66
167 69
167 74
167 77
167 91
167 101
167 103
167 107
167 109
167 112
167 114
167 120
167 126
167 133
167 134
167 148
167 155
167 159
167 165
167 172
167 176
168 4
168 8
168 17
168 21
168 25
168 28
168 42
168 50
168 59
168 62
168 68
168 84
168 87
168 95
168 96
168 110
168 121
168 122
168 129
168 135
168 137
168 138
168 151
168 152
168 164
169 1
169 10
169 13
169 31
169 34
169 38
169 39
169 41
169 47
169 67
169 70
169 77
169 83
169 90
169 100
169 102
169 103
169 104
169 115
169 133
169 136
169 145
169 148
169 153
169 166
169 171
169 174
170 0
170 1
170 5
170 27
170 29
170 35
170 39
170 41
170 43
170 44
170 52
170 55
170 58
170 59
170 62
170 63
170 68
170 74
170 75
170 82
170 85
170 86
170 92
170 105
170 111
170 112
170 115
170 116
170 121
170 124
170 128
170 130
170 136
170 137
170 146
170 147
170 149
170 151
170 152
170 154
170 156
170 162
170 173
170 175
170 177
171 1
171 10
171 13
171 20
171 34
171 35
171 38
171 39
171 41
171 43
171 47
171 67
171 70
171 83
171 90
171 99
171 100
171 102
171 103
171 104
171 105
171 115
171 124
171 133
171 136
171 145
171 146
171 148
171 149
171 153
171 156
171 166
171 169
171 174
172 2
172 3
172 5
172 6
172 7
172 11
172 23
172 30
172 31
172 36
172 40
172 46
172 48
172 64
172 65
172 66
172 69
172 74
172 75
172 77
172 91
172 100
172 101
172 103
172 107
172 109
172 112
172 120
172 126
172 133
172 134
172 148
172 154
172 155
172 156
172 159
172 165
172 167
172 176
173 0
173 1
173 17
173 20
173 27
173 29
173 35
173 39
173 41
173 43
173 44
173 52
173 58
173 59
173 62
173 63
173 68
173 75
173 82
173 85
173 86
173 92
173 99
173 105
173 111
173 115
173 116
173 121
173 124
173 128
173 130
173 136
173 137
173 146
173 147
173 149
173 151
173 152
173 154
173 156
173 162
173 166
173 170
173 175
173 177
174 1
174 10
174 13
174 20
174 34
174 38
174 39
174 41
174 47
174 63
174 67
174 70
174 83
174 90
174 99
174 102
174 104
174 115
174 124
174 136
174 145
174 149
174 153
174 166
174 169
174 171
175 0
175 2
175 3
175 5
175 7
175 9
175 15
175 22
175 29
175 30
175 35
175 36
175 39
175 40
175 41
175 43
175 44
175 48
175 52
175 53
175 55
175 60
175 64
175 66
175 69
175 74
175 75
175 85
175 91
175 92
175 103
175 105
175 107
175 109
175 112
175 116
175 120
175 124
175 128
175 141
175 146
175 148
175 149
175 154
175 155
175 156
175 159
175 162
175 170
175 173
175 177
176 3
176 6
176 7
176 11
176 23
176 30
176 31
176 46
176 48
176 65
176 66
176 77
176 91
176 100
176 103
176 107
176 120
176 126
176 133
176 134
176 148
176 159
176 165
176 167
176 172
177 0
177 2
177 5
177 9
177 14
177 15
177 18
177 22
177 25
177 29
177 43
177 44
177 49
177 52
177 53
177 55
177 60
177 62
177 68
177 74
177 75
177 81
177 85
177 92
177 98
177 105
177 106
177 111
177 112
177 113
177 116
177 122
177 128
177 137
177 140
177 141
177 143
177 144
177 146
177 152
177 154
177 155
177 156
177 162
177 170
177 173
177 175
177 178
178 9
178 14
178 18
178 22
178 25
178 28
178 29
178 32
178 37
178 49
178 51
178 54
178 55
178 60
178 62
178 68
178 76
178 79
178 80
178 81
178 84
178 87
178 89
178 94
178 96
178 98
178 110
178 113
178 122
178 131
178 132
178 137
178 140
178 141
178 142
178 143
178 144
178 160
178 161
178 177
179 12
179 14
179 16
179 18
179 32
179 33
179 37
179 51
179 54
179 71
179 73
179 76
179 79
179 80
179 81
179 89
179 93
179 94
179 97
179 113
179 118
179 123
179 131
179 132
179 139
179 140
179 142
179 143
179 158
179 160
179 161
