4
2 1
180
0 50.000000 50.000000 10 99999999 5
1 38.379234 49.314628 10 136 3
2 20.195066 92.122968 10 137 2
3 54.700372 80.933694 10 107 4
4 84.816420 87.369848 10 122 3
5 82.123450 5.074362 10 124 4
6 68.200415 81.263394 10 104 3
7 77.829909 90.479242 10 139 2
8 87.395356 69.105331 10 106 2
9 19.904695 79.214736 10 115 3
10 96.588642 72.260655 10 147 4
11 24.222782 1.551898 10 115 2
12 86.452142 30.687453 10 113 3
13 64.126672 3.090835 10 122 4
14 92.298463 72.207459 10 116 4
15 20.931500 25.563272 10 122 2
16 62.349444 46.638150 10 142 2
17 94.832824 40.399903 10 114 3
18 75.267890 15.989990 10 145 5
19 91.871678 80.913226 10 110 5
20 80.759713 5.927741 10 139 4
21 71.634336 48.472544 10 108 5
22 11.664746 6.235976 10 132 2
23 67.370819 69.337295 10 105 2
24 83.646897 5.943069 10 124 3
25 37.769638 26.051851 10 122 4
26 93.572701 75.699745 10 145 2
27 77.846511 95.391492 10 114 1
28 91.034410 41.699936 10 133 5
29 19.570852 42.115525 10 117 2
30 93.003947 82.530495 10 133 5
31 39.699702 52.243581 10 148 3
32 27.278238 98.076614 10 112 2
33 12.590452 87.356782 10 139 2
34 26.363329 36.080072 10 127 5
35 74.104823 60.323947 10 127 3
36 67.295679 69.021007 10 114 5
37 48.219445 67.561984 10 148 3
38 5.770603 80.248177 10 130 3
39 38.836395 48.104290 10 101 4
40 36.804090 63.247089 10 137 2
41 58.772748 26.950355 10 143 5
42 58.188818 50.790539 10 127 1
43 50.476864 25.974758 10 128 2
44 85.765113 5.747591 10 139 1
45 65.945696 26.207657 10 101 3
46 38.938305 18.185745 10 100 1
47 75.648806 61.518835 10 138 3
48 43.423018 9.631620 10 125 2
49 20.277921 75.700325 10 102 4
50 83.721399 69.644641 10 140 5
51 28.834861 16.570750 10 121 3
52 6.165393 3.855753 10 147 2
53 30.976123 86.733957 10 112 2
54 40.687637 63.171000 10 103 5
55 58.331344 11.063322 10 113 3
56 59.523224 56.037044 10 123 4
57 44.868428 10.227511 10 133 1
58 47.089554 29.406215 10 105 2
59 59.485934 73.063689 10 111 2
60 56.396265 55.923648 10 129 1
61 37.701674 42.394268 10 108 1
62 94.232964 98.928865 10 142 1
63 14.871169 7.396762 10 121 3
64 88.764291 53.220425 10 131 3
65 98.811412 10.601091 10 108 2
66 15.931935 7.149309 10 133 3
67 85.291742 88.831189 10 113 1
68 38.389071 18.112348 10 132 3
69 88.151317 58.269963 10 138 4
70 94.188071 78.442564 10 131 5
71 72.758844 44.504742 10 137 1
72 10.309103 87.419314 10 102 5
73 61.571020 24.091396 10 133 2
74 26.276918 79.456072 10 138 1
75 31.860837 19.418995 10 111 3
76 84.373388 9.117629 10 115 4
77 69.954676 28.343617 10 140 3
78 94.580527 74.434364 10 131 2
79 8.445097 43.454517 10 132 5
80 43.850406 13.481705 10 136 5
81 50.540941 45.244208 10 129 4
82 54.051330 36.335444 10 101 1
83 68.992202 25.769637 10 106 4
84 1.930098 69.355033 10 128 4
85 49.488484 27.186428 10 148 2
86 99.122336 18.759796 10 121 3
87 92.227450 92.097881 10 138 4
88 13.038697 19.359196 10 136 1
89 10.867138 72.085526 10 139 2
90 43.723912 58.495742 10 132 2
91 88.044377 77.896760 10 145 5
92 66.829198 96.140606 10 142 5
93 75.199500 29.510522 10 124 1
94 54.381687 42.171951 10 104 1
95 59.572022 51.889261 10 126 3
96 60.699137 37.365926 10 108 1
97 66.769057 40.168885 10 107 4
98 45.664233 85.341574 10 130 5
99 97.730735 75.977736 10 135 3
100 31.090710 16.160887 10 133 1
101 45.253664 66.967770 10 141 5
102 65.645125 74.731953 10 118 2
103 58.903623 81.019936 10 130 1
104 34.773584 27.761061 10 111 3
105 19.256368 92.775471 10 131 2
106 22.278133 50.541387 10 101 4
107 86.047536 9.804278 10 125 2
108 26.136021 22.290711 10 117 4
109 91.730993 99.522206 10 108 5
110 63.641900 97.243424 10 135 4
111 15.820143 58.827937 10 144 1
112 75.632426 62.215249 10 139 4
113 97.902306 60.687993 10 127 3
114 94.707203 95.190250 10 124 5
115 79.778464 21.024760 10 125 1
116 74.248583 89.155647 10 108 2
117 22.736743 73.742566 10 149 1
118 29.982400 77.044950 10 113 2
119 43.538883 20.627113 10 149 3
120 42.774262 80.402046 10 132 5
121 27.233316 46.105347 10 121 4
122 16.429663 25.080541 10 120 4
123 35.261032 60.272316 10 127 2
124 85.704828 37.608631 10 133 3
125 76.671096 32.187360 10 134 5
126 21.325240 70.306202 10 112 3
127 78.359697 56.944113 10 140 2
128 9.510750 38.002335 10 106 3
129 64.299509 55.401949 10 138 3
130 31.916651 57.373102 10 0 3
131 38.428345 37.595330 10 0 1
132 19.056360 15.029395 10 0 1
133 43.166561 41.996596 10 0 1
134 53.490595 7.700749 10 0 4
135 46.655366 51.584156 10 0 2
136 26.544287 9.470079 10 0 3
137 13.497015 74.867202 10 0 3
138 15.875999 46.975809 10 0 2
139 56.123587 3.092181 10 0 1
140 29.165576 93.039223 10 0 3
141 87.318757 15.834911 10 0 2
142 71.225837 9.302087 10 0 5
143 58.634594 92.139088 10 0 2
144 36.209015 57.262752 10 0 4
145 78.131458 81.410236 10 0 2
146 5.670525 18.088690 10 0 4
147 7.345181 46.843202 10 0 3
148 9.834294 92.754234 10 0 3
149 12.723511 32.870085 10 0 3
150 80.477155 57.355360 10 0 4
151 13.118581 68.855365 10 0 2
152 85.431972 19.281228 10 0 5
153 74.992862 30.319159 10 0 5
154 26.910205 98.965880 10 0 1
155 4.207354 39.163235 10 0 2
156 95.722043 29.012388 10 0 3
157 21.887940 14.595678 10 0 2
158 45.377883 26.090401 10 0 4
159 79.737976 64.704112 10 0 4
160 66.041895 40.728273 10 0 2
161 78.856837 86.284760 10 0 2
162 23.488208 50.746167 10 0 5
163 11.479268 28.524259 10 0 4
164 46.798571 98.615882 10 0 2
165 35.526842 84.648477 10 0 5
166 41.164018 2.919175 10 0 4
167 15.171504 52.312814 10 0 3
168 92.836913 72.131327 10 0 3
169 64.997047 82.961005 10 0 5
170 5.239921 63.985239 10 0 5
171 4.600664 19.296954 10 0 2
172 44.874944 85.617040 10 0 5
173 2.418144 8.224421 10 0 2
174 84.528549 46.724315 10 0 1
175 17.258509 97.509604 10 0 3
176 5.610880 47.969307 10 0 4
177 50.654067 76.010948 10 0 5
178 57.659192 56.412973 10 0 1
179 10.479761 81.731064 10 0 1
3402
0 1
0 16
0 31
0 37
0 39
0 40
0 42
0 54
0 56
0 60
0 61
0 81
0 82
0 90
0 94
0 95
0 96
0 97
0 101
0 123
0 129
0 130
0 131
0 133
0 135
0 144
0 160
0 178
1 0
1 31
1 34
1 39
1 40
1 42
1 54
1 60
1 61
1 81
1 90
1 94
1 101
1 106
1 121
1 123
1 130
1 131
1 133
1 135
1 144
1 162
2 9
2 32
2 33
2 38
2 49
2 53
2 72
2 74
2 105
2 117
2 118
2 137
2 140
2 148
2 154
2 165
2 175
2 179
3 6
3 23
3 36
3 37
3 59
3 92
3 98
3 101
3 102
3 103
3 110
3 120
3 143
3 164
3 165
3 169
3 172
3 177
4 6
4 7
4 8
4 10
4 14
4 19
4 26
4 27
4 30
4 50
4 62
4 67
4 70
4 78
4 87
4 91
4 99
4 109
4 114
4 116
4 145
4 161
4 168
5 13
5 18
5 20
5 24
5 44
5 65
5 76
5 107
5 115
5 141
5 142
5 152
6 3
6 4
6 7
6 23
6 27
6 36
6 50
6 59
6 67
6 92
6 102
6 103
6 110
6 116
6 143
6 145
6 161
6 169
6 177
7 4
7 6
7 19
7 27
7 30
7 62
7 67
7 87
7 91
7 92
7 102
7 109
7 110
7 114
7 116
7 143
7 145
7 161
7 169
8 4
8 10
8 14
8 19
8 26
8 30
8 35
8 47
8 50
8 64
8 67
8 69
8 70
8 78
8 91
8 99
8 112
8 113
8 127
8 145
8 150
8 159
8 161
8 168
9 2
9 33
9 38
9 49
9 53
9 72
9 74
9 89
9 105
9 117
9 118
9 126
9 137
9 140
9 148
9 151
9 165
9 175
9 179
10 4
10 8
10 14
10 19
10 26
10 30
10 50
10 69
10 70
10 78
10 91
10 99
10 113
10 159
10 168
11 22
11 51
11 52
11 63
11 66
11 75
11 100
11 132
11 136
11 157
11 166
12 17
12 18
12 28
12 71
12 77
12 83
12 86
12 93
12 115
12 124
12 125
12 141
12 152
12 153
12 156
12 174
13 5
13 18
13 20
13 24
13 55
13 134
13 139
13 142
14 4
14 8
14 10
14 19
14 26
14 30
14 47
14 50
14 64
14 67
14 69
14 70
14 78
14 87
14 91
14 99
14 112
14 113
14 145
14 150
14 159
14 161
14 168
15 25
15 29
15 34
15 46
15 51
15 63
15 66
15 68
15 75
15 88
15 100
15 104
15 108
15 122
15 128
15 132
15 136
15 146
15 149
15 157
15 163
15 171
16 0
16 21
16 35
16 42
16 47
16 56
16 60
16 71
16 77
16 81
16 82
16 94
16 95
16 96
16 97
16 127
16 129
16 133
16 135
16 160
16 178
17 12
17 28
17 64
17 69
17 124
17 125
17 156
17 174
18 5
18 12
18 13
18 20
18 24
18 41
18 44
18 45
18 55
18 73
18 76
18 77
18 83
18 93
18 107
18 115
18 125
18 141
18 142
18 152
18 153
19 4
19 7
19 8
19 10
19 14
19 26
19 30
19 50
19 62
19 67
19 70
19 78
19 87
19 91
19 99
19 109
19 114
19 116
19 145
19 161
19 168
20 5
20 13
20 18
20 24
20 44
20 65
20 76
20 107
20 115
20 141
20 142
20 152
21 16
21 35
21 42
21 47
21 56
21 60
21 64
21 69
21 71
21 93
21 94
21 95
21 96
21 97
21 112
21 124
21 125
21 127
21 129
21 150
21 153
21 159
21 160
21 174
21 178
22 11
22 52
22 63
22 66
22 88
22 122
22 132
22 136
22 146
22 157
22 171
22 173
23 3
23 6
23 35
23 36
23 37
23 47
23 50
23 56
23 59
23 60
23 95
23 102
23 103
23 112
23 127
23 129
23 145
23 150
23 159
23 169
23 177
23 178
24 5
24 13
24 18
24 20
24 44
24 65
24 76
24 107
24 115
24 141
24 142
24 152
25 15
25 34
25 43
25 46
25 48
25 51
25 57
25 58
25 61
25 68
25 75
25 80
25 82
25 85
25 100
25 104
25 108
25 119
25 131
25 133
25 157
25 158
26 4
26 8
26 10
26 14
26 19
26 30
26 50
26 67
26 69
26 70
26 78
26 87
26 91
26 99
26 113
26 114
26 145
26 159
26 161
26 168
27 4
27 6
27 7
27 30
27 62
27 67
27 87
27 92
27 109
27 110
27 114
27 116
27 143
27 145
27 161
27 169
28 12
28 17
28 64
28 69
28 71
28 93
28 124
28 125
28 127
28 150
28 153
28 156
28 174
29 15
29 34
29 61
29 79
29 106
29 111
29 121
29 122
29 128
29 130
29 131
29 138
29 147
29 149
29 155
29 162
29 163
29 167
29 176
30 4
30 7
30 8
30 10
30 14
30 19
30 26
30 27
30 50
30 62
30 67
30 70
30 78
30 87
30 91
30 99
30 109
30 114
30 116
30 145
30 161
30 168
31 0
31 1
31 37
31 39
31 40
31 42
31 54
31 60
31 61
31 81
31 90
31 94
31 95
31 101
31 106
31 121
31 123
31 130
31 131
31 133
31 135
31 144
31 162
31 178
32 2
32 33
32 53
32 74
32 105
32 140
32 148
32 154
32 164
32 165
32 175
33 2
33 9
33 32
33 38
33 49
33 53
33 72
33 74
33 89
33 105
33 117
33 126
33 137
33 140
33 148
33 151
33 154
33 175
33 179
34 1
34 15
34 25
34 29
34 39
34 51
34 61
34 75
34 79
34 104
34 106
34 108
34 121
34 122
34 128
34 131
34 133
34 138
34 149
34 162
34 163
34 167
35 8
35 16
35 21
35 23
35 36
35 42
35 47
35 50
35 56
35 59
35 60
35 64
35 69
35 71
35 95
35 102
35 112
35 127
35 129
35 150
35 159
35 174
35 178
36 3
36 6
36 23
36 35
36 37
36 47
36 50
36 56
36 59
36 60
36 95
36 102
36 103
36 112
36 127
36 129
36 145
36 150
36 159
36 169
36 177
36 178
37 0
37 3
37 23
37 31
37 36
37 40
37 42
37 54
37 56
37 59
37 60
37 90
37 95
37 98
37 101
37 102
37 103
37 120
37 123
37 130
37 135
37 144
37 172
37 177
37 178
38 2
38 9
38 33
38 49
38 72
38 84
38 89
38 105
38 117
38 126
38 137
38 148
38 151
38 170
38 179
39 0
39 1
39 31
39 34
39 40
39 42
39 54
39 60
39 61
39 81
39 82
39 90
39 94
39 101
39 106
39 121
39 123
39 130
39 131
39 133
39 135
39 144
39 162
40 0
40 1
40 31
40 37
40 39
40 54
40 74
40 90
40 101
40 106
40 117
40 118
40 120
40 121
40 123
40 126
40 130
40 135
40 144
40 162
40 177
41 18
41 43
41 45
41 55
41 58
41 73
41 77
41 82
41 83
41 85
41 93
41 94
41 96
41 97
41 119
41 125
41 134
41 153
41 158
41 160
42 0
42 1
42 16
42 21
42 31
42 35
42 37
42 39
42 56
42 60
42 71
42 81
42 82
42 90
42 94
42 95
42 96
42 97
42 129
42 133
42 135
42 160
42 178
43 25
43 41
43 45
43 46
43 48
43 55
43 57
43 58
43 68
43 73
43 75
43 77
43 80
43 81
43 82
43 83
43 85
43 94
43 96
43 104
43 119
43 131
43 133
43 134
43 158
44 5
44 18
44 20
44 24
44 65
44 76
44 86
44 107
44 115
44 141
44 142
44 152
45 18
45 41
45 43
45 55
45 58
45 71
45 73
45 77
45 82
45 83
45 85
45 93
45 94
45 96
45 97
45 115
45 125
45 142
45 153
45 160
46 15
46 25
46 43
46 48
46 51
46 57
46 58
46 68
46 75
46 80
46 85
46 100
46 104
46 108
46 119
46 131
46 134
46 136
46 157
46 158
46 166
47 8
47 14
47 16
47 21
47 23
47 35
47 36
47 50
47 56
47 59
47 64
47 69
47 71
47 95
47 102
47 112
47 127
47 129
47 150
47 159
47 174
47 178
48 25
48 43
48 46
48 51
48 55
48 57
48 68
48 75
48 80
48 85
48 100
48 119
48 134
48 136
48 139
48 158
48 166
49 2
49 9
49 33
49 38
49 53
49 72
49 74
49 84
49 89
49 105
49 111
49 117
49 118
49 126
49 137
49 140
49 148
49 151
49 165
49 170
49 179
50 4
50 6
50 8
50 10
50 14
50 19
50 23
50 26
50 30
50 35
50 36
50 47
50 64
50 67
50 69
50 70
50 78
50 91
50 99
50 102
50 112
50 113
50 127
50 145
50 150
50 159
50 161
50 168
51 11
51 15
51 25
51 34
51 46
51 48
51 57
51 63
51 66
51 68
51 75
51 80
51 88
51 100
51 104
51 108
51 119
51 122
51 132
51 136
51 157
51 158
51 166
52 11
52 22
52 63
52 66
52 88
52 132
52 146
52 157
52 171
52 173
53 2
53 9
53 32
53 33
53 49
53 74
53 98
53 105
53 117
53 118
53 120
53 126
53 140
53 154
53 164
53 165
53 172
53 175
54 0
54 1
54 31
54 37
54 39
54 40
54 60
54 90
54 101
54 118
54 120
54 123
54 130
54 135
54 144
54 177
54 178
55 13
55 18
55 41
55 43
55 45
55 48
55 57
55 73
55 80
55 83
55 85
55 119
55 134
55 139
55 142
55 158
55 166
56 0
56 16
56 21
56 23
56 35
56 36
56 37
56 42
56 47
56 59
56 60
56 71
56 81
56 90
56 94
56 95
56 96
56 97
56 101
56 102
56 112
56 127
56 129
56 135
56 160
56 178
57 25
57 43
57 46
57 48
57 51
57 55
57 58
57 68
57 75
57 80
57 85
57 100
57 119
57 134
57 136
57 139
57 158
57 166
58 25
58 41
58 43
58 45
58 46
58 57
58 61
58 68
58 73
58 75
58 80
58 81
58 82
58 85
58 94
58 96
58 104
58 119
58 131
58 133
58 158
59 3
59 6
59 23
59 35
59 36
59 37
59 47
59 56
59 60
59 98
59 101
59 102
59 103
59 112
59 120
59 129
59 143
59 169
59 172
59 177
59 178
60 0
60 1
60 16
60 21
60 23
60 31
60 35
60 36
60 37
60 39
60 42
60 54
60 56
60 59
60 71
60 81
60 82
60 90
60 94
60 95
60 96
60 97
60 101
60 129
60 133
60 135
60 160
60 178
61 0
61 1
61 25
61 29
61 31
61 34
61 39
61 58
61 81
61 82
61 85
61 90
61 94
61 104
61 106
61 121
61 123
61 130
61 131
61 133
61 135
61 144
61 158
61 162
62 4
62 7
62 19
62 27
62 30
62 67
62 87
62 109
62 114
62 161
63 11
63 15
63 22
63 51
63 52
63 66
63 88
63 100
63 108
63 122
63 132
63 136
63 146
63 157
63 171
63 173
64 8
64 14
64 17
64 21
64 28
64 35
64 47
64 50
64 69
64 71
64 112
64 113
64 124
64 127
64 150
64 159
64 168
64 174
65 5
65 20
65 24
65 44
65 76
65 86
65 107
65 141
65 152
65 156
66 11
66 15
66 22
66 51
66 52
66 63
66 88
66 100
66 108
66 122
66 132
66 136
66 146
66 157
66 171
66 173
67 4
67 6
67 7
67 8
67 14
67 19
67 26
67 27
67 30
67 50
67 62
67 70
67 78
67 87
67 91
67 92
67 99
67 109
67 114
67 116
67 145
67 161
67 168
68 15
68 25
68 43
68 46
68 48
68 51
68 57
68 58
68 75
68 80
68 85
68 100
68 104
68 108
68 119
68 131
68 132
68 134
68 136
68 157
68 158
68 166
69 8
69 10
69 14
69 17
69 21
69 26
69 28
69 35
69 47
69 50
69 64
69 78
69 91
69 112
69 113
69 127
69 150
69 159
69 168
69 174
70 4
70 8
70 10
70 14
70 19
70 26
70 30
70 50
70 67
70 78
70 87
70 91
70 99
70 113
70 114
70 145
70 159
70 161
70 168
71 12
71 16
71 21
71 28
71 35
71 42
71 45
71 47
71 56
71 60
71 64
71 77
71 83
71 93
71 94
71 95
71 96
71 97
71 112
71 124
71 125
71 127
71 129
71 150
71 153
71 160
71 174
71 178
72 2
72 9
72 33
72 38
72 49
72 74
72 84
72 89
72 105
72 117
72 137
72 140
72 148
72 151
72 175
72 179
73 18
73 41
73 43
73 45
73 55
73 58
73 77
73 82
73 83
73 85
73 93
73 94
73 96
73 97
73 115
73 119
73 125
73 134
73 142
73 153
73 158
73 160
74 2
74 9
74 32
74 33
74 40
74 49
74 53
74 72
74 89
74 105
74 117
74 118
74 120
74 126
74 137
74 140
74 151
74 154
74 165
74 172
74 179
75 11
75 15
75 25
75 34
75 43
75 46
75 48
75 51
75 57
75 58
75 68
75 80
75 85
75 88
75 100
75 104
75 108
75 119
75 122
75 131
75 132
75 136
75 157
75 158
75 166
76 5
76 18
76 20
76 24
76 44
76 65
76 86
76 107
76 115
76 141
76 142
76 152
77 12
77 16
77 18
77 41
77 43
77 45
77 71
77 73
77 82
77 83
77 93
77 96
77 97
77 115
77 124
77 125
77 142
77 152
77 153
77 160
78 4
78 8
78 10
78 14
78 19
78 26
78 30
78 50
78 67
78 69
78 70
78 87
78 91
78 99
78 113
78 145
78 159
78 161
78 168
79 29
79 34
79 106
79 111
79 121
79 128
79 138
79 147
79 149
79 155
79 162
79 163
79 167
79 176
80 25
80 43
80 46
80 48
80 51
80 55
80 57
80 58
80 68
80 75
80 85
80 100
80 104
80 108
80 119
80 134
80 136
80 139
80 158
80 166
81 0
81 1
81 16
81 31
81 39
81 42
81 43
81 56
81 58
81 60
81 61
81 82
81 85
81 90
81 94
81 95
81 96
81 97
81 129
81 131
81 133
81 135
81 144
81 158
81 160
81 178
82 0
82 16
82 25
82 39
82 41
82 42
82 43
82 45
82 58
82 60
82 61
82 73
82 77
82 81
82 83
82 85
82 94
82 95
82 96
82 97
82 119
82 131
82 133
82 135
82 158
82 160
83 12
83 18
83 41
83 43
83 45
83 55
83 71
83 73
83 77
83 82
83 85
83 93
83 96
83 97
83 115
83 125
83 142
83 152
83 153
83 160
84 38
84 49
84 72
84 89
84 111
84 126
84 137
84 151
84 170
84 179
85 25
85 41
85 43
85 45
85 46
85 48
85 55
85 57
85 58
85 61
85 68
85 73
85 75
85 80
85 81
85 82
85 83
85 94
85 96
85 104
85 119
85 131
85 133
85 134
85 158
86 12
86 44
86 65
86 76
86 107
86 115
86 141
86 152
86 156
87 4
87 7
87 14
87 19
87 26
87 27
87 30
87 62
87 67
87 70
87 78
87 91
87 99
87 109
87 114
87 116
87 145
87 161
87 168
88 15
88 22
88 51
88 52
88 63
88 66
88 75
88 100
88 108
88 122
88 128
88 132
88 136
88 146
88 149
88 157
88 163
88 171
88 173
89 9
89 33
89 38
89 49
89 72
89 74
89 84
89 111
89 117
89 118
89 126
89 137
89 151
89 170
89 179
90 0
90 1
90 31
90 37
90 39
90 40
90 42
90 54
90 56
90 60
90 61
90 81
90 94
90 95
90 101
90 123
90 130
90 133
90 135
90 144
90 177
90 178
91 4
91 7
91 8
91 10
91 14
91 19
91 26
91 30
91 50
91 67
91 69
91 70
91 78
91 87
91 99
91 112
91 113
91 114
91 116
91 145
91 159
91 161
91 168
92 3
92 6
92 7
92 27
92 67
92 103
92 110
92 116
92 143
92 145
92 161
92 169
93 12
93 18
93 21
93 28
93 41
93 45
93 71
93 73
93 77
93 83
93 96
93 97
93 115
93 124
93 125
93 141
93 152
93 153
93 160
93 174
94 0
94 1
94 16
94 21
94 31
94 39
94 41
94 42
94 43
94 45
94 56
94 58
94 60
94 61
94 71
94 73
94 81
94 82
94 85
94 90
94 95
94 96
94 97
94 129
94 131
94 133
94 135
94 158
94 160
94 178
95 0
95 16
95 21
95 23
95 31
95 35
95 36
95 37
95 42
95 47
95 56
95 60
95 71
95 81
95 82
95 90
95 94
95 96
95 97
95 112
95 127
95 129
95 133
95 135
95 160
95 178
96 0
96 16
96 21
96 41
96 42
96 43
96 45
96 56
96 58
96 60
96 71
96 73
96 77
96 81
96 82
96 83
96 85
96 93
96 94
96 95
96 97
96 125
96 129
96 133
96 135
96 153
96 158
96 160
96 178
97 0
97 16
97 21
97 41
97 42
97 45
97 56
97 60
97 71
97 73
97 77
97 81
97 82
97 83
97 93
97 94
97 95
97 96
97 124
97 125
97 129
97 153
97 160
97 174
97 178
98 3
98 37
98 53
98 59
98 101
98 103
98 118
98 120
98 140
98 143
98 164
98 165
98 169
98 172
98 177
99 4
99 8
99 10
99 14
99 19
99 26
99 30
99 50
99 67
99 70
99 78
99 87
99 91
99 113
99 114
99 168
100 11
100 15
100 25
100 46
100 48
100 51
100 57
100 63
100 66
100 68
100 75
100 80
100 88
100 104
100 108
100 119
100 122
100 132
100 136
100 157
100 158
100 166
101 0
101 1
101 3
101 31
101 37
101 39
101 40
101 54
101 56
101 59
101 60
101 90
101 98
101 103
101 118
101 120
101 123
101 130
101 135
101 144
101 172
101 177
101 178
102 3
102 6
102 7
102 23
102 35
102 36
102 37
102 47
102 50
102 56
102 59
102 103
102 112
102 116
102 129
102 143
102 145
102 159
102 161
102 169
102 177
102 178
103 3
103 6
103 23
103 36
103 37
103 59
103 92
103 98
103 101
103 102
103 110
103 116
103 120
103 143
103 145
103 169
103 172
103 177
104 15
104 25
104 34
104 43
104 46
104 51
104 58
104 61
104 68
104 75
104 80
104 85
104 100
104 108
104 119
104 121
104 122
104 131
104 133
104 157
104 158
105 2
105 9
105 32
105 33
105 38
105 49
105 53
105 72
105 74
105 117
105 118
105 137
105 140
105 148
105 154
105 165
105 175
105 179
106 1
106 29
106 31
106 34
106 39
106 40
106 61
106 79
106 111
106 121
106 123
106 126
106 128
106 130
106 138
106 144
106 147
106 162
106 167
106 176
107 5
107 18
107 20
107 24
107 44
107 65
107 76
107 86
107 115
107 141
107 142
107 152
108 15
108 25
108 34
108 46
108 51
108 63
108 66
108 68
108 75
108 80
108 88
108 100
108 104
108 119
108 122
108 131
108 132
108 136
108 149
108 157
108 158
108 163
109 4
109 7
109 19
109 27
109 30
109 62
109 67
109 87
109 114
109 161
110 3
110 6
110 7
110 27
110 92
110 103
110 116
110 143
110 161
110 164
110 169
111 29
111 49
111 79
111 84
111 89
111 106
111 117
111 121
111 123
111 126
111 130
111 137
111 138
111 147
111 151
111 162
111 167
111 170
111 176
112 8
112 14
112 21
112 23
112 35
112 36
112 47
112 50
112 56
112 59
112 64
112 69
112 71
112 91
112 95
112 102
112 127
112 129
112 145
112 150
112 159
112 168
112 174
112 178
113 8
113 10
113 14
113 26
113 50
113 64
113 69
113 70
113 78
113 91
113 99
113 127
113 150
113 159
113 168
113 174
114 4
114 7
114 19
114 26
114 27
114 30
114 62
114 67
114 70
114 87
114 91
114 99
114 109
114 161
115 5
115 12
115 18
115 20
115 24
115 44
115 45
115 73
115 76
115 77
115 83
115 86
115 93
115 107
115 124
115 125
115 141
115 142
115 152
115 153
115 156
116 4
116 6
116 7
116 19
116 27
116 30
116 67
116 87
116 91
116 92
116 102
116 103
116 110
116 143
116 145
116 161
116 169
117 2
117 9
117 33
117 38
117 40
117 49
117 53
117 72
117 74
117 89
117 105
117 111
117 118
117 123
117 126
117 130
117 137
117 151
117 165
117 179
118 2
118 9
118 40
118 49
118 53
118 54
118 74
118 89
118 98
118 101
118 105
118 117
118 120
118 123
118 126
118 130
118 137
118 140
118 151
118 165
118 172
119 25
119 41
119 43
119 46
119 48
119 51
119 55
119 57
119 58
119 68
119 73
119 75
119 80
119 82
119 85
119 100
119 104
119 108
119 131
119 134
119 158
119 166
120 3
120 37
120 40
120 53
120 54
120 59
120 74
120 98
120 101
120 103
120 118
120 140
120 143
120 164
120 165
120 172
120 177
121 1
121 29
121 31
121 34
121 39
121 40
121 61
121 79
121 104
121 106
121 111
121 123
121 128
121 130
121 131
121 133
121 138
121 144
121 147
121 149
121 162
121 167
122 15
122 22
122 29
122 34
122 51
122 63
122 66
122 75
122 88
122 100
122 104
122 108
122 128
122 132
122 136
122 146
122 149
122 155
122 157
122 163
122 171
123 0
123 1
123 31
123 37
123 39
123 40
123 54
123 61
123 90
123 101
123 106
123 111
123 117
123 118
123 121
123 126
123 130
123 133
123 135
123 144
123 162
124 12
124 17
124 21
124 28
124 64
124 71
124 77
124 93
124 97
124 115
124 125
124 152
124 153
124 156
124 160
124 174
125 12
125 17
125 18
125 21
125 28
125 41
125 45
125 71
125 73
125 77
125 83
125 93
125 96
125 97
125 115
125 124
125 141
125 152
125 153
125 156
125 160
125 174
126 9
126 33
126 38
126 40
126 49
126 53
126 74
126 84
126 89
126 106
126 111
126 117
126 118
126 123
126 130
126 137
126 144
126 151
126 162
126 167
126 170
126 179
127 8
127 16
127 21
127 23
127 28
127 35
127 36
127 47
127 50
127 56
127 64
127 69
127 71
127 95
127 112
127 113
127 129
127 150
127 159
127 174
128 15
128 29
128 34
128 79
128 88
128 106
128 121
128 122
128 138
128 147
128 149
128 155
128 162
128 163
128 167
128 171
128 176
129 0
129 16
129 21
129 23
129 35
129 36
129 42
129 47
129 56
129 59
129 60
129 71
129 81
129 94
129 95
129 96
129 97
129 102
129 112
129 127
129 135
129 150
129 159
129 160
129 178
130 0
130 1
130 29
130 31
130 37
130 39
130 40
130 54
130 61
130 90
130 101
130 106
130 111
130 117
130 118
130 121
130 123
130 126
130 133
130 135
130 138
130 144
130 162
130 167
131 0
131 1
131 25
131 29
131 31
131 34
131 39
131 43
131 46
131 58
131 61
131 68
131 75
131 81
131 82
131 85
131 94
131 104
131 108
131 119
131 121
131 133
131 135
131 144
131 158
131 162
132 11
132 15
132 22
132 51
132 52
132 63
132 66
132 68
132 75
132 88
132 100
132 108
132 122
132 136
132 146
132 149
132 157
132 163
132 171
132 173
133 0
133 1
133 16
133 25
133 31
133 34
133 39
133 42
133 43
133 58
133 60
133 61
133 81
133 82
133 85
133 90
133 94
133 95
133 96
133 104
133 121
133 123
133 130
133 131
133 135
133 144
133 158
134 13
134 41
134 43
134 46
134 48
134 55
134 57
134 68
134 73
134 80
134 85
134 119
134 139
134 142
134 166
135 0
135 1
135 16
135 31
135 37
135 39
135 40
135 42
135 54
135 56
135 60
135 61
135 81
135 82
135 90
135 94
135 95
135 96
135 101
135 123
135 129
135 130
135 131
135 133
135 144
135 178
136 11
136 15
136 22
136 46
136 48
136 51
136 57
136 63
136 66
136 68
136 75
136 80
136 88
136 100
136 108
136 122
136 132
136 157
136 166
137 2
137 9
137 33
137 38
137 49
137 72
137 74
137 84
137 89
137 105
137 111
137 117
137 118
137 126
137 148
137 151
137 170
137 179
138 29
138 34
138 79
138 106
138 111
138 121
138 128
138 130
138 147
138 149
138 155
138 162
138 163
138 167
138 176
139 13
139 48
139 55
139 57
139 80
139 134
139 142
139 166
140 2
140 9
140 32
140 33
140 49
140 53
140 72
140 74
140 98
140 105
140 118
140 120
140 148
140 154
140 164
140 165
140 172
140 175
141 5
141 12
141 18
141 20
141 24
141 44
141 65
141 76
141 86
141 93
141 107
141 115
141 125
141 142
141 152
141 153
141 156
142 5
142 13
142 18
142 20
142 24
142 44
142 45
142 55
142 73
142 76
142 77
142 83
142 107
142 115
142 134
142 139
142 141
142 152
143 3
143 6
143 7
143 27
143 59
143 92
143 98
143 102
143 103
143 110
143 116
143 120
143 164
143 169
143 172
143 177
144 0
144 1
144 31
144 37
144 39
144 40
144 54
144 61
144 81
144 90
144 101
144 106
144 121
144 123
144 126
144 130
144 131
144 133
144 135
144 162
145 4
145 6
145 7
145 8
145 14
145 19
145 23
145 26
145 27
145 30
145 36
145 50
145 67
145 70
145 78
145 87
145 91
145 92
145 102
145 103
145 112
145 116
145 159
145 161
145 168
145 169
146 15
146 22
146 52
146 63
146 66
146 88
146 122
146 132
146 149
146 157
146 163
146 171
146 173
147 29
147 79
147 106
147 111
147 121
147 128
147 138
147 149
147 155
147 162
147 163
147 167
147 170
147 176
148 2
148 9
148 32
148 33
148 38
148 49
148 72
148 105
148 137
148 140
148 154
148 175
148 179
149 15
149 29
149 34
149 79
149 88
149 108
149 121
149 122
149 128
149 132
149 138
149 146
149 147
149 155
149 163
149 167
149 171
149 176
150 8
150 14
150 21
150 23
150 28
150 35
150 36
150 47
150 50
150 64
150 69
150 71
150 112
150 113
150 127
150 129
150 159
150 168
150 174
151 9
151 33
151 38
151 49
151 72
151 74
151 84
151 89
151 111
151 117
151 118
151 126
151 137
151 167
151 170
151 179
152 5
152 12
152 18
152 20
152 24
152 44
152 65
152 76
152 77
152 83
152 86
152 93
152 107
152 115
152 124
152 125
152 141
152 142
152 153
152 156
153 12
153 18
153 21
153 28
153 41
153 45
153 71
153 73
153 77
153 83
153 93
153 96
153 97
153 115
153 124
153 125
153 141
153 152
153 160
153 174
154 2
154 32
154 33
154 53
154 74
154 105
154 140
154 148
154 164
154 165
154 175
155 29
155 79
155 122
155 128
155 138
155 147
155 149
155 163
155 167
155 171
155 176
156 12
156 17
156 28
156 65
156 86
156 115
156 124
156 125
156 141
156 152
157 11
157 15
157 22
157 25
157 46
157 51
157 52
157 63
157 66
157 68
157 75
157 88
157 100
157 104
157 108
157 122
157 132
157 136
157 146
157 163
157 171
158 25
158 41
158 43
158 46
158 48
158 51
158 55
158 57
158 58
158 61
158 68
158 73
158 75
158 80
158 81
158 82
158 85
158 94
158 96
158 100
158 104
158 108
158 119
158 131
158 133
159 8
159 10
159 14
159 21
159 23
159 26
159 35
159 36
159 47
159 50
159 64
159 69
159 70
159 78
159 91
159 102
159 112
159 113
159 127
159 129
159 145
159 150
159 168
159 174
160 0
160 16
160 21
160 41
160 42
160 45
160 56
160 60
160 71
160 73
160 77
160 81
160 82
160 83
160 93
160 94
160 95
160 96
160 97
160 124
160 125
160 129
160 153
160 174
160 178
161 4
161 6
161 7
161 8
161 14
161 19
161 26
161 27
161 30
161 50
161 62
161 67
161 70
161 78
161 87
161 91
161 92
161 102
161 109
161 110
161 114
161 116
161 145
161 168
161 169
162 1
162 29
162 31
162 34
162 39
162 40
162 61
162 79
162 106
162 111
162 121
162 123
162 126
162 128
162 130
162 131
162 138
162 144
162 147
162 167
162 176
163 15
163 29
163 34
163 79
163 88
163 108
163 122
163 128
163 132
163 138
163 146
163 147
163 149
163 155
163 157
163 171
164 3
164 32
164 53
164 98
164 110
164 120
164 140
164 143
164 154
164 165
164 172
165 2
165 3
165 9
165 32
165 49
165 53
165 74
165 98
165 105
165 117
165 118
165 120
165 140
165 154
165 164
165 172
165 177
166 11
166 46
166 48
166 51
166 55
166 57
166 68
166 75
166 80
166 100
166 119
166 134
166 136
166 139
167 29
167 34
167 79
167 106
167 111
167 121
167 126
167 128
167 130
167 138
167 147
167 149
167 151
167 155
167 162
167 170
167 176
168 4
168 8
168 10
168 14
168 19
168 26
168 30
168 50
168 64
168 67
168 69
168 70
168 78
168 87
168 91
168 99
168 112
168 113
168 145
168 150
168 159
168 161
169 3
169 6
169 7
169 23
169 27
169 36
169 59
169 92
169 98
169 102
169 103
169 110
169 116
169 143
169 145
169 161
169 177
170 38
170 49
170 84
170 89
170 111
170 126
170 137
170 147
170 151
170 167
170 176
170 179
171 15
171 22
171 52
171 63
171 66
171 88
171 122
171 128
171 132
171 146
171 149
171 155
171 157
171 163
171 173
172 3
172 37
172 53
172 59
172 74
172 98
172 101
172 103
172 118
172 120
172 140
172 143
172 164
172 165
172 177
173 22
173 52
173 63
173 66
173 88
173 132
173 146
173 171
174 12
174 17
174 21
174 28
174 35
174 47
174 64
174 69
174 71
174 93
174 97
174 112
174 113
174 124
174 125
174 127
174 150
174 153
174 159
174 160
175 2
175 9
175 32
175 33
175 53
175 72
175 105
175 140
175 148
175 154
175 179
176 29
176 79
176 106
176 111
176 128
176 138
176 147
176 149
176 155
176 162
176 167
176 170
177 3
177 6
177 23
177 36
177 37
177 40
177 54
177 59
177 90
177 98
177 101
177 102
177 103
177 120
177 143
177 165
177 169
177 172
178 0
178 16
178 21
178 23
178 31
178 35
178 36
178 37
178 42
178 47
178 54
178 56
178 59
178 60
178 71
178 81
178 90
178 94
178 95
178 96
178 97
178 101
178 102
178 112
178 129
178 135
178 160
179 2
179 9
179 33
179 38
179 49
179 72
179 74
179 84
179 89
179 105
179 117
179 126
179 137
179 148
179 151
179 170
179 175
