4
2 1
110
0 50.000000 50.000000 15 99999999 1
1 15.079210 24.930836 15 107 2
2 59.162134 31.997302 15 130 1
3 52.526457 98.182482 15 123 1
4 44.634525 39.650490 15 145 5
5 90.283822 31.240508 15 132 2
6 17.142358 58.276780 15 146 3
7 65.534449 56.251770 15 119 4
8 35.006780 41.614628 15 126 1
9 83.933881 87.036041 15 148 5
10 15.430323 53.312847 15 149 1
11 58.108213 44.890255 15 146 1
12 14.155561 91.060868 15 116 4
13 90.460963 10.607524 15 135 4
14 48.205996 95.217143 15 103 4
15 30.597499 67.524583 15 111 3
16 67.653232 43.442440 15 129 2
17 36.782446 46.319363 15 146 5
18 44.130667 52.568764 15 132 1
19 58.680049 95.172196 15 148 4
20 43.389973 1.287371 15 105 4
21 52.618003 45.975668 15 109 5
22 92.033197 18.678494 15 129 2
23 59.886230 80.799140 15 143 2
24 3.671969 3.075816 15 105 5
25 99.267000 49.662008 15 110 2
26 68.742311 13.828533 15 103 1
27 57.029897 12.956059 15 110 5
28 85.662295 56.815283 15 101 2
29 12.431495 59.251939 15 118 5
30 9.234767 7.458187 15 120 5
31 96.828201 8.333906 15 140 5
32 81.702785 11.465780 15 129 3
33 51.298925 98.121900 15 142 3
34 75.717414 38.162899 15 132 4
35 56.846286 9.686963 15 149 3
36 59.938137 15.830046 15 124 3
37 39.676469 26.198628 15 107 4
38 26.397312 59.149668 15 131 5
39 43.607314 50.081504 15 107 4
40 91.033015 88.752100 15 112 3
41 98.824980 23.751815 15 107 5
42 16.620454 78.543175 15 103 1
43 27.042741 51.911877 15 112 1
44 7.178322 43.099276 15 149 2
45 41.642946 18.835528 15 147 5
46 58.400297 99.157744 15 141 3
47 77.286747 41.878179 15 127 4
48 66.248917 44.796714 15 120 4
49 31.729356 96.131221 15 128 1
50 82.928252 49.278211 15 144 2
51 91.944326 11.390323 15 123 3
52 20.293293 68.885662 15 112 5
53 58.218516 67.211094 15 140 4
54 75.380317 34.082313 15 148 1
55 91.902065 10.078642 15 123 3
56 33.057962 39.685161 15 109 5
57 89.238037 15.847833 15 123 3
58 21.777490 76.137414 15 108 1
59 65.850829 85.117180 15 119 3
60 24.016019 87.558262 15 103 2
61 0.026238 41.153442 15 126 1
62 23.271335 5.717165 15 101 1
63 59.543569 13.085547 15 112 1
64 13.153299 34.768121 15 141 3
65 61.710275 5.671726 15 111 1
66 93.946971 99.298660 15 145 5
67 54.751135 86.678339 15 115 2
68 70.097401 80.721943 15 147 1
69 28.519147 58.697677 15 129 5
70 73.238299 41.974550 15 122 5
71 48.684456 8.990413 15 113 5
72 96.181277 92.325682 15 135 2
73 16.410435 76.523549 15 122 3
74 77.316992 70.588411 15 126 3
75 16.987432 50.831689 15 143 1
76 87.338460 82.441130 15 111 5
77 31.962350 43.131139 15 120 5
78 16.398017 30.967556 15 138 1
79 86.138316 37.490426 15 147 1
80 17.824413 59.581705 15 135 2
81 24.595621 89.664515 15 130 4
82 37.128815 72.853877 15 126 5
83 93.195526 32.962349 15 120 3
84 95.123041 85.036614 15 116 4
85 33.916532 92.783884 15 145 1
86 15.567966 24.229689 15 121 4
87 85.316413 89.088605 15 120 1
88 21.273936 49.738987 15 146 5
89 34.865406 78.245972 15 103 5
90 41.003764 25.632347 15 111 4
91 34.222566 22.724665 15 123 1
92 51.689432 33.138751 15 138 1
93 30.437639 44.559197 15 108 1
94 48.152003 64.852390 15 120 2
95 48.230651 85.071030 15 100 3
96 89.382144 74.463517 15 126 3
97 62.559120 95.417169 15 137 1
98 10.858677 8.990155 15 102 4
99 97.067988 9.246710 15 127 2
100 27.964690 7.944375 15 144 3
101 86.646200 29.073984 15 112 4
102 57.153323 67.072051 15 114 2
103 16.717252 4.152591 15 133 3
104 64.575901 64.561018 15 123 2
105 30.696633 42.956433 15 149 3
106 16.087860 30.408204 15 107 3
107 57.770058 7.085784 15 109 4
108 40.104803 1.342624 15 122 3
109 25.715054 63.771446 15 123 5
2532
0 2
0 4
0 7
0 8
0 11
0 15
0 16
0 17
0 18
0 21
0 34
0 37
0 38
0 39
0 43
0 47
0 48
0 53
0 54
0 56
0 69
0 70
0 77
0 82
0 88
0 90
0 92
0 93
0 94
0 102
0 104
0 105
0 109
1 8
1 10
1 24
1 30
1 37
1 43
1 44
1 45
1 56
1 61
1 62
1 64
1 75
1 77
1 78
1 86
1 88
1 90
1 91
1 93
1 98
1 100
1 103
1 105
1 106
2 0
2 4
2 7
2 8
2 11
2 16
2 17
2 18
2 21
2 26
2 27
2 34
2 35
2 36
2 37
2 39
2 45
2 47
2 48
2 50
2 54
2 56
2 63
2 65
2 70
2 71
2 77
2 79
2 90
2 91
2 92
2 101
2 107
3 14
3 19
3 23
3 33
3 46
3 49
3 59
3 67
3 68
3 81
3 82
3 85
3 89
3 95
3 97
4 0
4 2
4 7
4 8
4 11
4 16
4 17
4 18
4 21
4 27
4 36
4 37
4 38
4 39
4 43
4 45
4 48
4 56
4 69
4 70
4 75
4 77
4 78
4 88
4 90
4 91
4 92
4 93
4 94
4 105
5 13
5 16
5 22
5 25
5 26
5 28
5 31
5 32
5 34
5 41
5 47
5 48
5 50
5 51
5 54
5 55
5 57
5 70
5 79
5 83
5 99
5 101
6 8
6 10
6 15
6 17
6 18
6 29
6 38
6 39
6 42
6 43
6 44
6 52
6 56
6 58
6 61
6 64
6 69
6 73
6 75
6 77
6 78
6 80
6 82
6 88
6 89
6 93
6 105
6 106
6 109
7 0
7 2
7 4
7 11
7 16
7 18
7 21
7 23
7 28
7 34
7 39
7 47
7 48
7 50
7 53
7 54
7 59
7 68
7 70
7 74
7 79
7 92
7 94
7 102
7 104
8 0
8 1
8 2
8 4
8 6
8 10
8 11
8 15
8 17
8 18
8 21
8 29
8 37
8 38
8 39
8 43
8 44
8 45
8 56
8 64
8 69
8 75
8 77
8 78
8 80
8 86
8 88
8 90
8 91
8 92
8 93
8 94
8 105
8 106
8 109
9 19
9 23
9 40
9 46
9 59
9 66
9 67
9 68
9 72
9 74
9 76
9 84
9 87
9 96
9 97
9 104
10 1
10 6
10 8
10 15
10 17
10 18
10 29
10 38
10 39
10 42
10 43
10 44
10 52
10 56
10 58
10 61
10 64
10 69
10 73
10 75
10 77
10 78
10 80
10 82
10 86
10 88
10 93
10 105
10 106
10 109
11 0
11 2
11 4
11 7
11 8
11 16
11 17
11 18
11 21
11 34
11 36
11 37
11 39
11 47
11 48
11 50
11 53
11 54
11 56
11 70
11 77
11 79
11 90
11 92
11 93
11 94
11 102
11 104
11 105
12 15
12 42
12 49
12 52
12 58
12 60
12 73
12 81
12 82
12 85
12 89
12 109
13 5
13 22
13 26
13 31
13 32
13 41
13 51
13 54
13 55
13 57
13 65
13 79
13 83
13 99
13 101
14 3
14 19
14 23
14 33
14 46
14 49
14 53
14 59
14 60
14 67
14 68
14 81
14 82
14 85
14 89
14 95
14 97
14 102
15 0
15 6
15 8
15 10
15 12
15 17
15 18
15 29
15 38
15 39
15 42
15 43
15 49
15 52
15 53
15 56
15 58
15 60
15 69
15 73
15 75
15 77
15 80
15 81
15 82
15 85
15 88
15 89
15 93
15 94
15 95
15 102
15 105
15 109
16 0
16 2
16 4
16 5
16 7
16 11
16 18
16 21
16 26
16 28
16 34
16 36
16 39
16 47
16 48
16 50
16 53
16 54
16 70
16 74
16 79
16 83
16 92
16 94
16 101
16 102
16 104
17 0
17 2
17 4
17 6
17 8
17 10
17 11
17 15
17 18
17 21
17 29
17 37
17 38
17 39
17 43
17 44
17 45
17 48
17 52
17 53
17 56
17 64
17 69
17 75
17 77
17 78
17 80
17 82
17 88
17 90
17 91
17 92
17 93
17 94
17 102
17 105
17 106
17 109
18 0
18 2
18 4
18 6
18 7
18 8
18 10
18 11
18 15
18 16
18 17
18 21
18 37
18 38
18 39
18 43
18 48
18 52
18 53
18 56
18 69
18 75
18 77
18 80
18 82
18 88
18 89
18 90
18 92
18 93
18 94
18 102
18 104
18 105
18 109
19 3
19 9
19 14
19 23
19 33
19 46
19 49
19 53
19 59
19 67
19 68
19 85
19 87
19 89
19 95
19 97
19 102
20 26
20 27
20 35
20 36
20 37
20 45
20 62
20 63
20 65
20 71
20 90
20 91
20 100
20 103
20 107
20 108
21 0
21 2
21 4
21 7
21 8
21 11
21 16
21 17
21 18
21 34
21 37
21 38
21 39
21 43
21 45
21 47
21 48
21 53
21 54
21 56
21 69
21 70
21 77
21 90
21 91
21 92
21 93
21 94
21 102
21 104
21 105
22 5
22 13
22 26
22 31
22 32
22 34
22 41
22 47
22 51
22 54
22 55
22 57
22 70
22 79
22 83
22 99
22 101
23 3
23 7
23 9
23 14
23 19
23 33
23 46
23 53
23 59
23 67
23 68
23 74
23 76
23 82
23 85
23 87
23 89
23 94
23 95
23 97
23 102
23 104
24 1
24 30
24 62
24 86
24 98
24 100
24 103
25 5
25 28
25 34
25 41
25 47
25 50
25 54
25 70
25 79
25 83
25 96
25 101
26 2
26 5
26 13
26 16
26 20
26 22
26 27
26 31
26 32
26 34
26 35
26 36
26 45
26 47
26 51
26 54
26 55
26 57
26 63
26 65
26 70
26 71
26 79
26 92
26 99
26 101
26 107
27 2
27 4
27 20
27 26
27 32
27 35
27 36
27 37
27 45
27 54
27 63
27 65
27 71
27 90
27 91
27 92
27 100
27 107
27 108
28 5
28 7
28 16
28 25
28 34
28 47
28 48
28 50
28 53
28 54
28 68
28 70
28 74
28 76
28 79
28 83
28 84
28 96
28 101
28 104
29 6
29 8
29 10
29 15
29 17
29 38
29 42
29 43
29 44
29 52
29 56
29 58
29 61
29 64
29 69
29 73
29 75
29 77
29 78
29 80
29 82
29 88
29 89
29 93
29 105
29 106
29 109
30 1
30 24
30 62
30 64
30 78
30 86
30 91
30 98
30 100
30 103
30 106
31 5
31 13
31 22
31 26
31 32
31 41
31 51
31 55
31 57
31 83
31 99
31 101
32 5
32 13
32 22
32 26
32 27
32 31
32 34
32 35
32 36
32 41
32 51
32 54
32 55
32 57
32 63
32 65
32 79
32 83
32 99
32 101
32 107
33 3
33 14
33 19
33 23
33 46
33 49
33 59
33 60
33 67
33 68
33 81
33 82
33 85
33 89
33 95
33 97
34 0
34 2
34 5
34 7
34 11
34 16
34 21
34 22
34 25
34 26
34 28
34 32
34 36
34 41
34 47
34 48
34 50
34 54
34 57
34 63
34 70
34 79
34 83
34 92
34 101
34 104
35 2
35 20
35 26
35 27
35 32
35 36
35 37
35 45
35 63
35 65
35 71
35 90
35 91
35 92
35 100
35 107
35 108
36 2
36 4
36 11
36 16
36 20
36 26
36 27
36 32
36 34
36 35
36 37
36 45
36 48
36 54
36 57
36 63
36 65
36 70
36 71
36 90
36 91
36 92
36 101
36 107
36 108
37 0
37 1
37 2
37 4
37 8
37 11
37 17
37 18
37 20
37 21
37 27
37 35
37 36
37 39
37 43
37 45
37 56
37 62
37 63
37 64
37 71
37 77
37 78
37 86
37 88
37 90
37 91
37 92
37 93
37 100
37 105
37 106
37 107
37 108
38 0
38 4
38 6
38 8
38 10
38 15
38 17
38 18
38 21
38 29
38 39
38 42
38 43
38 44
38 52
38 56
38 58
38 60
38 64
38 69
38 73
38 75
38 77
38 78
38 80
38 82
38 88
38 89
38 93
38 94
38 105
38 109
39 0
39 2
39 4
39 6
39 7
39 8
39 10
39 11
39 15
39 16
39 17
39 18
39 21
39 37
39 38
39 43
39 48
39 52
39 53
39 56
39 69
39 75
39 77
39 80
39 82
39 88
39 89
39 90
39 91
39 92
39 93
39 94
39 102
39 104
39 105
39 109
40 9
40 59
40 66
40 68
40 72
40 74
40 76
40 84
40 87
40 96
40 97
41 5
41 13
41 22
41 25
41 31
41 32
41 34
41 47
41 51
41 54
41 55
41 57
41 79
41 83
41 99
41 101
42 6
42 10
42 12
42 15
42 29
42 38
42 43
42 49
42 52
42 58
42 60
42 69
42 73
42 75
42 80
42 81
42 82
42 85
42 88
42 89
42 109
43 0
43 1
43 4
43 6
43 8
43 10
43 15
43 17
43 18
43 21
43 29
43 37
43 38
43 39
43 42
43 44
43 52
43 56
43 58
43 61
43 64
43 69
43 73
43 75
43 77
43 78
43 80
43 82
43 86
43 88
43 89
43 90
43 93
43 94
43 105
43 106
43 109
44 1
44 6
44 8
44 10
44 17
44 29
44 38
44 43
44 52
44 56
44 61
44 64
44 69
44 75
44 77
44 78
44 80
44 86
44 88
44 93
44 105
44 106
44 109
45 1
45 2
45 4
45 8
45 17
45 20
45 21
45 26
45 27
45 35
45 36
45 37
45 56
45 62
45 63
45 65
45 71
45 77
45 78
45 86
45 90
45 91
45 92
45 93
45 100
45 103
45 105
45 106
45 107
45 108
46 3
46 9
46 14
46 19
46 23
46 33
46 49
46 59
46 67
46 68
46 85
46 87
46 95
46 97
47 0
47 2
47 5
47 7
47 11
47 16
47 21
47 22
47 25
47 26
47 28
47 34
47 41
47 48
47 50
47 54
47 57
47 70
47 74
47 79
47 83
47 92
47 101
47 104
48 0
48 2
48 4
48 5
48 7
48 11
48 16
48 17
48 18
48 21
48 28
48 34
48 36
48 39
48 47
48 50
48 53
48 54
48 70
48 74
48 79
48 83
48 92
48 94
48 101
48 102
48 104
49 3
49 12
49 14
49 15
49 19
49 33
49 42
49 46
49 52
49 58
49 60
49 67
49 73
49 81
49 82
49 85
49 89
49 95
50 2
50 5
50 7
50 11
50 16
50 25
50 28
50 34
50 47
50 48
50 54
50 70
50 74
50 79
50 83
50 96
50 101
50 104
51 5
51 13
51 22
51 26
51 31
51 32
51 41
51 54
51 55
51 57
51 79
51 83
51 99
51 101
52 6
52 10
52 12
52 15
52 17
52 18
52 29
52 38
52 39
52 42
52 43
52 44
52 49
52 58
52 60
52 69
52 73
52 75
52 77
52 80
52 81
52 82
52 85
52 88
52 89
52 93
52 94
52 105
52 109
53 0
53 7
53 11
53 14
53 15
53 16
53 17
53 18
53 19
53 21
53 23
53 28
53 39
53 48
53 59
53 67
53 68
53 70
53 74
53 82
53 89
53 94
53 95
53 97
53 102
53 104
54 0
54 2
54 5
54 7
54 11
54 13
54 16
54 21
54 22
54 25
54 26
54 27
54 28
54 32
54 34
54 36
54 41
54 47
54 48
54 50
54 51
54 55
54 57
54 63
54 70
54 79
54 83
54 92
54 101
55 5
55 13
55 22
55 26
55 31
55 32
55 41
55 51
55 54
55 57
55 79
55 83
55 99
55 101
56 0
56 1
56 2
56 4
56 6
56 8
56 10
56 11
56 15
56 17
56 18
56 21
56 29
56 37
56 38
56 39
56 43
56 44
56 45
56 64
56 69
56 75
56 77
56 78
56 80
56 86
56 88
56 90
56 91
56 92
56 93
56 94
56 105
56 106
56 109
57 5
57 13
57 22
57 26
57 31
57 32
57 34
57 36
57 41
57 47
57 51
57 54
57 55
57 63
57 65
57 79
57 83
57 99
57 101
58 6
58 10
58 12
58 15
58 29
58 38
58 42
58 43
58 49
58 52
58 60
58 69
58 73
58 75
58 80
58 81
58 82
58 85
58 88
58 89
58 94
58 95
58 109
59 3
59 7
59 9
59 14
59 19
59 23
59 33
59 40
59 46
59 53
59 67
59 68
59 74
59 76
59 84
59 87
59 94
59 95
59 96
59 97
59 102
59 104
60 12
60 14
60 15
60 33
60 38
60 42
60 49
60 52
60 58
60 69
60 73
60 80
60 81
60 82
60 85
60 89
60 95
60 109
61 1
61 6
61 10
61 29
61 43
61 44
61 64
61 75
61 78
61 80
61 86
61 88
61 106
62 1
62 20
62 24
62 30
62 37
62 45
62 71
62 78
62 86
62 90
62 91
62 98
62 100
62 103
62 106
62 108
63 2
63 20
63 26
63 27
63 32
63 34
63 35
63 36
63 37
63 45
63 54
63 57
63 65
63 71
63 90
63 91
63 92
63 107
63 108
64 1
64 6
64 8
64 10
64 17
64 29
64 30
64 37
64 38
64 43
64 44
64 56
64 61
64 69
64 75
64 77
64 78
64 80
64 86
64 88
64 90
64 91
64 93
64 98
64 105
64 106
65 2
65 13
65 20
65 26
65 27
65 32
65 35
65 36
65 45
65 57
65 63
65 71
65 90
65 92
65 107
65 108
66 9
66 40
66 72
66 76
66 84
66 87
66 96
67 3
67 9
67 14
67 19
67 23
67 33
67 46
67 49
67 53
67 59
67 68
67 74
67 82
67 85
67 89
67 94
67 95
67 97
67 102
67 104
68 3
68 7
68 9
68 14
68 19
68 23
68 28
68 33
68 40
68 46
68 53
68 59
68 67
68 72
68 74
68 76
68 84
68 87
68 94
68 95
68 96
68 97
68 102
68 104
69 0
69 4
69 6
69 8
69 10
69 15
69 17
69 18
69 21
69 29
69 38
69 39
69 42
69 43
69 44
69 52
69 56
69 58
69 60
69 64
69 73
69 75
69 77
69 80
69 82
69 88
69 89
69 93
69 94
69 102
69 105
69 109
70 0
70 2
70 4
70 5
70 7
70 11
70 16
70 21
70 22
70 25
70 26
70 28
70 34
70 36
70 47
70 48
70 50
70 53
70 54
70 74
70 79
70 83
70 92
70 101
70 102
70 104
71 2
71 20
71 26
71 27
71 35
71 36
71 37
71 45
71 62
71 63
71 65
71 90
71 91
71 92
71 100
71 107
71 108
72 9
72 40
72 66
72 68
72 74
72 76
72 84
72 87
72 96
73 6
73 10
73 12
73 15
73 29
73 38
73 42
73 43
73 49
73 52
73 58
73 60
73 69
73 75
73 80
73 81
73 82
73 85
73 88
73 89
73 109
74 7
74 9
74 16
74 23
74 28
74 40
74 47
74 48
74 50
74 53
74 59
74 67
74 68
74 70
74 72
74 76
74 84
74 87
74 94
74 96
74 97
74 102
74 104
75 1
75 4
75 6
75 8
75 10
75 15
75 17
75 18
75 29
75 38
75 39
75 42
75 43
75 44
75 52
75 56
75 58
75 61
75 64
75 69
75 73
75 77
75 78
75 80
75 82
75 86
75 88
75 93
75 105
75 106
75 109
76 9
76 23
76 28
76 40
76 59
76 66
76 68
76 72
76 74
76 84
76 87
76 96
76 97
76 104
77 0
77 1
77 2
77 4
77 6
77 8
77 10
77 11
77 15
77 17
77 18
77 21
77 29
77 37
77 38
77 39
77 43
77 44
77 45
77 52
77 56
77 64
77 69
77 75
77 78
77 80
77 86
77 88
77 90
77 91
77 92
77 93
77 94
77 105
77 106
77 109
78 1
78 4
78 6
78 8
78 10
78 17
78 29
78 30
78 37
78 38
78 43
78 44
78 45
78 56
78 61
78 62
78 64
78 75
78 77
78 80
78 86
78 88
78 90
78 91
78 93
78 98
78 100
78 103
78 105
78 106
79 2
79 5
79 7
79 11
79 13
79 16
79 22
79 25
79 26
79 28
79 32
79 34
79 41
79 47
79 48
79 50
79 51
79 54
79 55
79 57
79 70
79 83
79 101
80 6
80 8
80 10
80 15
80 17
80 18
80 29
80 38
80 39
80 42
80 43
80 44
80 52
80 56
80 58
80 60
80 61
80 64
80 69
80 73
80 75
80 77
80 78
80 82
80 88
80 89
80 93
80 105
80 106
80 109
81 3
81 12
81 14
81 15
81 33
81 42
81 49
81 52
81 58
81 60
81 73
81 82
81 85
81 89
81 95
81 109
82 0
82 3
82 6
82 10
82 12
82 14
82 15
82 17
82 18
82 23
82 29
82 33
82 38
82 39
82 42
82 43
82 49
82 52
82 53
82 58
82 60
82 67
82 69
82 73
82 75
82 80
82 81
82 85
82 88
82 89
82 93
82 94
82 95
82 102
82 104
82 109
83 5
83 13
83 16
83 22
83 25
83 28
83 31
83 32
83 34
83 41
83 47
83 48
83 50
83 51
83 54
83 55
83 57
83 70
83 79
83 99
83 101
84 9
84 28
84 40
84 59
84 66
84 68
84 72
84 74
84 76
84 87
84 96
85 3
85 12
85 14
85 15
85 19
85 23
85 33
85 42
85 46
85 49
85 52
85 58
85 60
85 67
85 73
85 81
85 82
85 89
85 95
85 97
86 1
86 8
86 10
86 24
86 30
86 37
86 43
86 44
86 45
86 56
86 61
86 62
86 64
86 75
86 77
86 78
86 88
86 90
86 91
86 93
86 98
86 100
86 103
86 105
86 106
87 9
87 19
87 23
87 40
87 46
87 59
87 66
87 68
87 72
87 74
87 76
87 84
87 96
87 97
88 0
88 1
88 4
88 6
88 8
88 10
88 15
88 17
88 18
88 29
88 37
88 38
88 39
88 42
88 43
88 44
88 52
88 56
88 58
88 61
88 64
88 69
88 73
88 75
88 77
88 78
88 80
88 82
88 86
88 91
88 93
88 105
88 106
88 109
89 3
89 6
89 12
89 14
89 15
89 18
89 19
89 23
89 29
89 33
89 38
89 39
89 42
89 43
89 49
89 52
89 53
89 58
89 60
89 67
89 69
89 73
89 80
89 81
89 82
89 85
89 94
89 95
89 102
89 109
90 0
90 1
90 2
90 4
90 8
90 11
90 17
90 18
90 20
90 21
90 27
90 35
90 36
90 37
90 39
90 43
90 45
90 56
90 62
90 63
90 64
90 65
90 71
90 77
90 78
90 86
90 91
90 92
90 93
90 100
90 105
90 106
90 107
90 108
91 1
91 2
91 4
91 8
91 17
91 20
91 21
91 27
91 30
91 35
91 36
91 37
91 39
91 45
91 56
91 62
91 63
91 64
91 71
91 77
91 78
91 86
91 88
91 90
91 92
91 93
91 98
91 100
91 103
91 105
91 106
91 107
91 108
92 0
92 2
92 4
92 7
92 8
92 11
92 16
92 17
92 18
92 21
92 26
92 27
92 34
92 35
92 36
92 37
92 39
92 45
92 47
92 48
92 54
92 56
92 63
92 65
92 70
92 71
92 77
92 90
92 91
92 93
92 105
92 107
93 0
93 1
93 4
93 6
93 8
93 10
93 11
93 15
93 17
93 18
93 21
93 29
93 37
93 38
93 39
93 43
93 44
93 45
93 52
93 56
93 64
93 69
93 75
93 77
93 78
93 80
93 82
93 86
93 88
93 90
93 91
93 92
93 94
93 105
93 106
93 109
94 0
94 4
94 7
94 8
94 11
94 15
94 16
94 17
94 18
94 21
94 23
94 38
94 39
94 43
94 48
94 52
94 53
94 56
94 58
94 59
94 67
94 68
94 69
94 74
94 77
94 82
94 89
94 93
94 95
94 102
94 104
94 105
94 109
95 3
95 14
95 15
95 19
95 23
95 33
95 46
95 49
95 53
95 58
95 59
95 60
95 67
95 68
95 81
95 82
95 85
95 89
95 94
95 97
95 102
95 104
96 9
96 25
96 28
96 40
96 50
96 59
96 66
96 68
96 72
96 74
96 76
96 84
96 87
96 104
97 3
97 9
97 14
97 19
97 23
97 33
97 40
97 46
97 53
97 59
97 67
97 68
97 74
97 76
97 85
97 87
97 95
97 102
98 1
98 24
98 30
98 62
98 64
98 78
98 86
98 91
98 100
98 103
98 106
99 5
99 13
99 22
99 26
99 31
99 32
99 41
99 51
99 55
99 57
99 83
99 101
100 1
100 20
100 24
100 27
100 30
100 35
100 37
100 45
100 62
100 71
100 78
100 86
100 90
100 91
100 98
100 103
100 106
100 107
100 108
101 2
101 5
101 13
101 16
101 22
101 25
101 26
101 28
101 31
101 32
101 34
101 36
101 41
101 47
101 48
101 50
101 51
101 54
101 55
101 57
101 70
101 79
101 83
101 99
102 0
102 7
102 11
102 14
102 15
102 16
102 17
102 18
102 19
102 21
102 23
102 39
102 48
102 53
102 59
102 67
102 68
102 69
102 70
102 74
102 82
102 89
102 94
102 95
102 97
102 104
103 1
103 20
103 24
103 30
103 45
103 62
103 78
103 86
103 91
103 98
103 100
103 106
103 108
104 0
104 7
104 9
104 11
104 16
104 18
104 21
104 23
104 28
104 34
104 39
104 47
104 48
104 50
104 53
104 59
104 67
104 68
104 70
104 74
104 76
104 82
104 94
104 95
104 96
104 102
105 0
105 1
105 4
105 6
105 8
105 10
105 11
105 15
105 17
105 18
105 21
105 29
105 37
105 38
105 39
105 43
105 44
105 45
105 52
105 56
105 64
105 69
105 75
105 77
105 78
105 80
105 86
105 88
105 90
105 91
105 92
105 93
105 94
105 106
105 109
106 1
106 6
106 8
106 10
106 17
106 29
106 30
106 37
106 43
106 44
106 45
106 56
106 61
106 62
106 64
106 75
106 77
106 78
106 80
106 86
106 88
106 90
106 91
106 93
106 98
106 100
106 103
106 105
107 2
107 20
107 26
107 27
107 32
107 35
107 36
107 37
107 45
107 63
107 65
107 71
107 90
107 91
107 92
107 100
107 108
108 20
108 27
108 35
108 36
108 37
108 45
108 62
108 63
108 65
108 71
108 90
108 91
108 100
108 103
108 107
109 0
109 6
109 8
109 10
109 12
109 15
109 17
109 18
109 29
109 38
109 39
109 42
109 43
109 44
109 52
109 56
109 58
109 60
109 69
109 73
109 75
109 77
109 80
109 81
109 82
109 88
109 89
109 93
109 94
109 105
