4
2 1
110
0 50.000000 50.000000 20 99999999 4
1 88.272908 78.683878 20 131 5
2 61.706525 19.147246 20 107 1
3 11.739018 51.992793 20 108 2
4 72.614009 34.173290 20 146 3
5 10.967197 12.754915 20 147 2
6 41.730443 51.366701 20 128 5
7 44.703286 74.150361 20 126 3
8 46.380693 97.877145 20 123 4
9 93.281628 13.612736 20 138 4
10 11.295642 86.178613 20 132 4
11 31.941602 11.591506 20 131 1
12 71.724012 60.291799 20 110 5
13 51.203943 98.866684 20 106 4
14 33.770558 41.089906 20 113 2
15 92.973946 39.493141 20 113 5
16 72.504248 83.917313 20 145 2
17 50.551375 2.864757 20 138 4
18 65.139387 86.549942 20 101 3
19 23.722847 61.178656 20 123 4
20 22.981198 32.849868 20 136 5
21 99.030702 84.906830 20 120 2
22 44.632136 5.598715 20 108 2
23 79.532150 87.671958 20 109 2
24 57.656399 18.486742 20 114 5
25 1.163141 61.980101 20 145 1
26 9.219360 44.068053 20 103 3
27 58.101701 68.611506 20 120 1
28 50.053665 91.941426 20 131 3
29 26.307346 97.122374 20 109 1
30 68.168956 37.055683 20 117 2
31 25.362268 14.180036 20 115 2
32 57.398433 13.440240 20 130 5
33 27.109758 76.472511 20 121 5
34 4.362176 59.484092 20 118 3
35 50.650774 46.358099 20 130 4
36 73.061988 67.467939 20 131 1
37 97.769195 54.082484 20 135 4
38 33.610035 19.552266 20 127 4
39 4.955830 1.960648 20 126 5
40 4.620270 31.154458 20 141 2
41 64.727542 28.823977 20 130 5
42 42.142255 96.264720 20 132 5
43 93.352679 11.541860 20 114 3
44 9.046135 68.255253 20 114 2
45 99.225734 15.660429 20 129 5
46 53.953984 19.729975 20 102 4
47 15.390184 12.422942 20 122 5
48 50.634198 83.065102 20 108 4
49 38.054221 71.210464 20 104 5
50 52.348470 57.804258 20 131 2
51 92.000110 88.780913 20 116 2
52 71.714188 76.790917 20 102 4
53 75.687522 48.912999 20 118 3
54 62.655566 34.069603 20 130 5
55 3.486261 23.600709 20 107 5
56 3.060650 76.505980 20 143 3
57 25.156141 95.338048 20 132 3
58 69.984732 0.902150 20 142 2
59 95.426892 15.171092 20 146 4
60 49.154916 69.019956 20 117 4
61 7.812368 35.810764 20 119 5
62 56.912131 13.158893 20 123 4
63 73.201254 69.410117 20 147 4
64 5.043477 87.924432 20 135 2
65 30.636115 97.931051 20 125 1
66 25.783309 57.351666 20 121 2
67 26.079042 20.211575 20 116 5
68 75.555375 93.855994 20 133 1
69 33.627689 51.853618 20 148 2
70 85.543643 21.767462 20 148 5
71 3.929110 30.198363 20 113 3
72 84.173219 54.082093 20 146 2
73 27.816523 98.058285 20 121 3
74 16.378684 3.897046 20 139 5
75 63.747101 20.890244 20 145 2
76 34.459523 25.645071 20 133 3
77 71.337144 16.871353 20 112 2
78 7.602590 27.788187 20 108 1
79 82.247019 36.156706 20 116 2
80 89.117252 18.876839 20 144 5
81 82.305143 93.231282 20 109 1
82 8.985320 56.243097 20 123 3
83 85.600131 78.798731 20 117 1
84 32.871020 27.949154 20 122 2
85 4.863014 78.802032 20 121 4
86 47.993310 23.248131 20 140 2
87 67.920679 34.335840 20 149 3
88 8.557989 94.694835 20 139 4
89 55.887528 40.499352 20 142 1
90 17.816024 6.582028 20 148 1
91 73.244745 1.636049 20 108 3
92 33.372108 73.173758 20 144 5
93 39.186904 30.838775 20 136 4
94 32.571208 24.724386 20 126 4
95 51.206435 3.558027 20 144 4
96 91.505063 3.698736 20 132 1
97 33.583561 74.794114 20 111 4
98 24.227055 21.463226 20 100 5
99 56.044351 27.826698 20 135 3
100 15.144693 9.206438 20 140 3
101 60.714777 29.170715 20 147 3
102 93.503063 52.111091 20 129 2
103 68.130692 69.503008 20 131 1
104 33.553343 93.860823 20 134 4
105 20.166281 81.739488 20 134 5
106 36.462828 72.389564 20 112 2
107 31.145140 39.162608 20 121 4
108 14.421699 49.724668 20 149 1
109 83.393201 98.582133 20 101 3
3982
0 2
0 3
0 4
0 6
0 7
0 12
0 14
0 18
0 19
0 20
0 24
0 27
0 30
0 32
0 33
0 35
0 36
0 38
0 41
0 46
0 48
0 49
0 50
0 52
0 53
0 54
0 60
0 62
0 63
0 66
0 67
0 69
0 72
0 75
0 76
0 77
0 79
0 84
0 86
0 87
0 89
0 92
0 93
0 94
0 97
0 98
0 99
0 101
0 103
0 106
0 107
0 108
1 12
1 15
1 16
1 18
1 21
1 23
1 27
1 36
1 37
1 48
1 51
1 52
1 53
1 63
1 68
1 72
1 81
1 83
1 102
1 103
1 109
2 0
2 4
2 6
2 9
2 11
2 14
2 15
2 17
2 22
2 24
2 30
2 31
2 32
2 35
2 38
2 41
2 43
2 45
2 46
2 50
2 53
2 54
2 58
2 59
2 62
2 67
2 70
2 75
2 76
2 77
2 79
2 80
2 84
2 86
2 87
2 89
2 91
2 93
2 94
2 95
2 96
2 98
2 99
2 101
2 107
3 0
3 5
3 6
3 7
3 10
3 14
3 19
3 20
3 25
3 26
3 33
3 34
3 35
3 38
3 40
3 44
3 47
3 49
3 55
3 56
3 61
3 64
3 66
3 67
3 69
3 71
3 76
3 78
3 82
3 84
3 85
3 92
3 93
3 94
3 97
3 98
3 105
3 106
3 107
3 108
4 0
4 2
4 6
4 9
4 12
4 14
4 15
4 17
4 22
4 24
4 27
4 30
4 32
4 35
4 36
4 37
4 41
4 43
4 45
4 46
4 50
4 53
4 54
4 58
4 59
4 62
4 63
4 70
4 72
4 75
4 76
4 77
4 79
4 80
4 86
4 87
4 89
4 91
4 93
4 95
4 96
4 99
4 101
4 102
4 103
5 3
5 11
5 14
5 20
5 22
5 26
5 31
5 38
5 39
5 40
5 47
5 55
5 61
5 67
5 71
5 74
5 76
5 78
5 84
5 86
5 90
5 93
5 94
5 98
5 100
5 107
5 108
6 0
6 2
6 3
6 4
6 7
6 12
6 14
6 19
6 20
6 24
6 26
6 27
6 30
6 33
6 34
6 35
6 36
6 38
6 41
6 44
6 46
6 48
6 49
6 50
6 52
6 53
6 54
6 60
6 61
6 63
6 66
6 67
6 69
6 75
6 76
6 82
6 84
6 86
6 87
6 89
6 92
6 93
6 94
6 97
6 98
6 99
6 101
6 103
6 105
6 106
6 107
6 108
7 0
7 3
7 6
7 8
7 10
7 12
7 13
7 14
7 16
7 18
7 19
7 23
7 27
7 28
7 29
7 33
7 35
7 36
7 42
7 44
7 48
7 49
7 50
7 52
7 53
7 57
7 60
7 63
7 65
7 66
7 68
7 69
7 73
7 82
7 89
7 92
7 97
7 103
7 104
7 105
7 106
7 107
7 108
8 7
8 10
8 13
8 16
8 18
8 23
8 27
8 28
8 29
8 33
8 42
8 48
8 49
8 52
8 57
8 60
8 63
8 65
8 68
8 73
8 81
8 88
8 92
8 97
8 103
8 104
8 105
8 106
8 109
9 2
9 4
9 15
9 24
9 30
9 32
9 41
9 43
9 45
9 46
9 53
9 54
9 58
9 59
9 62
9 70
9 75
9 77
9 79
9 80
9 87
9 91
9 96
9 99
9 101
9 102
10 3
10 7
10 8
10 19
10 25
10 28
10 29
10 33
10 34
10 42
10 44
10 48
10 49
10 56
10 57
10 64
10 65
10 66
10 73
10 82
10 85
10 88
10 92
10 97
10 104
10 105
10 106
10 108
11 2
11 5
11 14
11 17
11 20
11 22
11 24
11 26
11 31
11 32
11 35
11 38
11 39
11 40
11 41
11 46
11 47
11 54
11 55
11 58
11 61
11 62
11 67
11 71
11 74
11 75
11 76
11 77
11 78
11 84
11 86
11 89
11 90
11 93
11 94
11 95
11 98
11 99
11 100
11 101
11 107
12 0
12 1
12 4
12 6
12 7
12 15
12 16
12 18
12 21
12 23
12 27
12 28
12 30
12 35
12 36
12 37
12 41
12 48
12 49
12 50
12 51
12 52
12 53
12 54
12 60
12 63
12 68
12 69
12 72
12 79
12 81
12 83
12 87
12 89
12 99
12 101
12 102
12 103
12 106
13 7
13 8
13 16
13 18
13 23
13 27
13 28
13 29
13 33
13 36
13 42
13 48
13 49
13 52
13 57
13 60
13 63
13 65
13 68
13 73
13 81
13 83
13 92
13 97
13 103
13 104
13 105
13 106
13 109
14 0
14 2
14 3
14 4
14 5
14 6
14 7
14 11
14 19
14 20
14 22
14 24
14 25
14 26
14 27
14 30
14 31
14 32
14 33
14 34
14 35
14 38
14 40
14 41
14 44
14 46
14 47
14 49
14 50
14 54
14 55
14 60
14 61
14 62
14 66
14 67
14 69
14 71
14 75
14 76
14 78
14 82
14 84
14 86
14 87
14 89
14 90
14 92
14 93
14 94
14 97
14 98
14 99
14 100
14 101
14 106
14 107
14 108
15 1
15 2
15 4
15 9
15 12
15 30
15 36
15 37
15 41
15 43
15 45
15 53
15 54
15 59
15 63
15 70
15 72
15 75
15 77
15 79
15 80
15 83
15 87
15 89
15 96
15 99
15 101
15 102
15 103
16 1
16 7
16 8
16 12
16 13
16 18
16 21
16 23
16 27
16 28
16 36
16 37
16 42
16 48
16 49
16 50
16 51
16 52
16 53
16 60
16 63
16 68
16 72
16 81
16 83
16 97
16 102
16 103
16 106
16 109
17 2
17 4
17 11
17 22
17 24
17 30
17 31
17 32
17 38
17 41
17 46
17 47
17 54
17 58
17 62
17 67
17 70
17 74
17 75
17 76
17 77
17 84
17 86
17 87
17 89
17 90
17 91
17 93
17 94
17 95
17 98
17 99
17 100
17 101
18 0
18 1
18 7
18 8
18 12
18 13
18 16
18 21
18 23
18 27
18 28
18 33
18 36
18 42
18 48
18 49
18 50
18 51
18 52
18 53
18 60
18 63
18 65
18 68
18 72
18 73
18 81
18 83
18 92
18 97
18 103
18 104
18 106
18 109
19 0
19 3
19 6
19 7
19 10
19 14
19 20
19 25
19 26
19 27
19 29
19 33
19 34
19 35
19 40
19 42
19 44
19 48
19 49
19 50
19 56
19 57
19 60
19 61
19 64
19 65
19 66
19 69
19 71
19 73
19 76
19 78
19 82
19 84
19 85
19 88
19 89
19 92
19 93
19 94
19 97
19 98
19 104
19 105
19 106
19 107
19 108
20 0
20 3
20 5
20 6
20 11
20 14
20 19
20 22
20 24
20 25
20 26
20 31
20 32
20 34
20 35
20 38
20 39
20 40
20 44
20 46
20 47
20 50
20 54
20 55
20 61
20 62
20 66
20 67
20 69
20 71
20 74
20 76
20 78
20 82
20 84
20 86
20 89
20 90
20 93
20 94
20 98
20 99
20 100
20 101
20 107
20 108
21 1
21 12
21 16
21 18
21 23
21 36
21 37
21 51
21 52
21 63
21 68
21 72
21 81
21 83
21 102
21 103
21 109
22 2
22 4
22 5
22 11
22 14
22 17
22 20
22 24
22 30
22 31
22 32
22 38
22 39
22 41
22 46
22 47
22 54
22 58
22 62
22 67
22 74
22 75
22 76
22 77
22 84
22 86
22 87
22 89
22 90
22 91
22 93
22 94
22 95
22 98
22 99
22 100
22 101
22 107
23 1
23 7
23 8
23 12
23 13
23 16
23 18
23 21
23 27
23 28
23 36
23 37
23 42
23 48
23 51
23 52
23 53
23 60
23 63
23 68
23 72
23 81
23 83
23 102
23 103
23 109
24 0
24 2
24 4
24 6
24 9
24 11
24 14
24 17
24 20
24 22
24 30
24 31
24 32
24 35
24 38
24 41
24 43
24 46
24 50
24 53
24 54
24 58
24 59
24 62
24 67
24 70
24 75
24 76
24 77
24 79
24 80
24 84
24 86
24 87
24 89
24 91
24 93
24 94
24 95
24 96
24 98
24 99
24 101
24 107
25 3
25 10
25 14
25 19
25 20
25 26
25 33
25 34
25 40
25 44
25 49
25 55
25 56
25 61
25 64
25 66
25 69
25 71
25 78
25 82
25 85
25 88
25 92
25 97
25 105
25 106
25 107
25 108
26 3
26 5
26 6
26 11
26 14
26 19
26 20
26 25
26 31
26 33
26 34
26 38
26 40
26 44
26 47
26 49
26 55
26 56
26 61
26 66
26 67
26 69
26 71
26 76
26 78
26 82
26 84
26 85
26 90
26 92
26 93
26 94
26 97
26 98
26 100
26 105
26 106
26 107
26 108
27 0
27 1
27 4
27 6
27 7
27 8
27 12
27 13
27 14
27 16
27 18
27 19
27 23
27 28
27 30
27 33
27 35
27 36
27 42
27 48
27 49
27 50
27 51
27 52
27 53
27 54
27 60
27 63
27 66
27 68
27 69
27 72
27 81
27 83
27 87
27 89
27 92
27 97
27 101
27 102
27 103
27 104
27 106
27 107
27 109
28 7
28 8
28 10
28 12
28 13
28 16
28 18
28 23
28 27
28 29
28 33
28 36
28 42
28 48
28 49
28 50
28 52
28 57
28 60
28 63
28 65
28 68
28 73
28 81
28 83
28 92
28 97
28 103
28 104
28 105
28 106
28 109
29 7
29 8
29 10
29 13
29 19
29 28
29 33
29 42
29 44
29 48
29 49
29 56
29 57
29 60
29 64
29 65
29 66
29 73
29 85
29 88
29 92
29 97
29 104
29 105
29 106
30 0
30 2
30 4
30 6
30 9
30 12
30 14
30 15
30 17
30 22
30 24
30 27
30 32
30 35
30 36
30 37
30 38
30 41
30 43
30 45
30 46
30 50
30 52
30 53
30 54
30 58
30 59
30 60
30 62
30 63
30 69
30 70
30 72
30 75
30 76
30 77
30 79
30 80
30 84
30 86
30 87
30 89
30 91
30 93
30 94
30 95
30 99
30 101
30 102
30 103
30 107
31 2
31 5
31 11
31 14
31 17
31 20
31 22
31 24
31 26
31 32
31 38
31 39
31 40
31 46
31 47
31 55
31 61
31 62
31 67
31 69
31 71
31 74
31 75
31 76
31 78
31 84
31 86
31 90
31 93
31 94
31 95
31 98
31 99
31 100
31 101
31 107
31 108
32 0
32 2
32 4
32 9
32 11
32 14
32 17
32 20
32 22
32 24
32 30
32 31
32 35
32 38
32 41
32 43
32 46
32 53
32 54
32 58
32 59
32 62
32 67
32 70
32 75
32 76
32 77
32 79
32 80
32 84
32 86
32 87
32 89
32 91
32 93
32 94
32 95
32 96
32 98
32 99
32 101
32 107
33 0
33 3
33 6
33 7
33 8
33 10
33 13
33 14
33 18
33 19
33 25
33 26
33 27
33 28
33 29
33 34
33 35
33 42
33 44
33 48
33 49
33 50
33 56
33 57
33 60
33 64
33 65
33 66
33 69
33 73
33 82
33 85
33 88
33 92
33 97
33 104
33 105
33 106
33 107
33 108
34 3
34 6
34 10
34 14
34 19
34 20
34 25
34 26
34 33
34 40
34 44
34 49
34 55
34 56
34 61
34 64
34 66
34 69
34 71
34 78
34 82
34 85
34 88
34 92
34 97
34 105
34 106
34 107
34 108
35 0
35 2
35 3
35 4
35 6
35 7
35 11
35 12
35 14
35 19
35 20
35 24
35 27
35 30
35 32
35 33
35 36
35 38
35 41
35 46
35 48
35 49
35 50
35 52
35 53
35 54
35 60
35 62
35 63
35 66
35 67
35 69
35 72
35 75
35 76
35 77
35 79
35 84
35 86
35 87
35 89
35 92
35 93
35 94
35 97
35 98
35 99
35 101
35 103
35 106
35 107
35 108
36 0
36 1
36 4
36 6
36 7
36 12
36 13
36 15
36 16
36 18
36 21
36 23
36 27
36 28
36 30
36 35
36 37
36 41
36 48
36 49
36 50
36 51
36 52
36 53
36 54
36 60
36 63
36 68
36 72
36 79
36 81
36 83
36 87
36 89
36 102
36 103
36 106
36 109
37 1
37 4
37 12
37 15
37 16
37 21
37 23
37 30
37 36
37 45
37 51
37 52
37 53
37 59
37 63
37 70
37 72
37 79
37 80
37 83
37 87
37 102
37 103
38 0
38 2
38 3
38 5
38 6
38 11
38 14
38 17
38 20
38 22
38 24
38 26
38 30
38 31
38 32
38 35
38 39
38 40
38 41
38 46
38 47
38 54
38 55
38 61
38 62
38 66
38 67
38 69
38 71
38 74
38 75
38 76
38 77
38 78
38 84
38 86
38 87
38 89
38 90
38 93
38 94
38 95
38 98
38 99
38 100
38 101
38 107
38 108
39 5
39 11
39 20
39 22
39 31
39 38
39 40
39 47
39 55
39 61
39 67
39 71
39 74
39 76
39 78
39 84
39 90
39 94
39 98
39 100
40 3
40 5
40 11
40 14
40 19
40 20
40 25
40 26
40 31
40 34
40 38
40 39
40 44
40 47
40 55
40 61
40 66
40 67
40 69
40 71
40 74
40 76
40 78
40 82
40 84
40 90
40 93
40 94
40 98
40 100
40 107
40 108
41 0
41 2
41 4
41 6
41 9
41 11
41 12
41 14
41 15
41 17
41 22
41 24
41 30
41 32
41 35
41 36
41 38
41 43
41 45
41 46
41 50
41 53
41 54
41 58
41 59
41 62
41 67
41 69
41 70
41 72
41 75
41 76
41 77
41 79
41 80
41 84
41 86
41 87
41 89
41 91
41 93
41 94
41 95
41 96
41 99
41 101
41 102
41 107
42 7
42 8
42 10
42 13
42 16
42 18
42 19
42 23
42 27
42 28
42 29
42 33
42 48
42 49
42 50
42 52
42 57
42 60
42 64
42 65
42 68
42 73
42 88
42 92
42 97
42 103
42 104
42 105
42 106
43 2
43 4
43 9
43 15
43 24
43 30
43 32
43 41
43 45
43 54
43 58
43 59
43 62
43 70
43 75
43 77
43 79
43 80
43 87
43 91
43 96
43 101
44 3
44 6
44 7
44 10
44 14
44 19
44 20
44 25
44 26
44 29
44 33
44 34
44 40
44 49
44 56
44 57
44 61
44 64
44 65
44 66
44 69
44 71
44 73
44 82
44 85
44 88
44 92
44 97
44 104
44 105
44 106
44 107
44 108
45 2
45 4
45 9
45 15
45 30
45 37
45 41
45 43
45 58
45 59
45 70
45 75
45 77
45 79
45 80
45 87
45 91
45 96
45 102
46 0
46 2
46 4
46 6
46 9
46 11
46 14
46 17
46 20
46 22
46 24
46 30
46 31
46 32
46 35
46 38
46 41
46 47
46 50
46 53
46 54
46 58
46 62
46 67
46 69
46 70
46 75
46 76
46 77
46 79
46 80
46 84
46 86
46 87
46 89
46 90
46 91
46 93
46 94
46 95
46 98
46 99
46 101
46 107
47 3
47 5
47 11
47 14
47 17
47 20
47 22
47 26
47 31
47 38
47 39
47 40
47 46
47 55
47 61
47 67
47 71
47 74
47 76
47 78
47 84
47 86
47 90
47 93
47 94
47 95
47 98
47 100
47 107
47 108
48 0
48 1
48 6
48 7
48 8
48 10
48 12
48 13
48 16
48 18
48 19
48 23
48 27
48 28
48 29
48 33
48 35
48 36
48 42
48 49
48 50
48 52
48 57
48 60
48 63
48 65
48 66
48 68
48 69
48 73
48 81
48 83
48 92
48 97
48 103
48 104
48 105
48 106
48 109
49 0
49 3
49 6
49 7
49 8
49 10
49 12
49 13
49 14
49 16
49 18
49 19
49 25
49 26
49 27
49 28
49 29
49 33
49 34
49 35
49 36
49 42
49 44
49 48
49 50
49 52
49 56
49 57
49 60
49 63
49 64
49 65
49 66
49 69
49 73
49 82
49 85
49 88
49 89
49 92
49 97
49 103
49 104
49 105
49 106
49 107
49 108
50 0
50 2
50 4
50 6
50 7
50 12
50 14
50 16
50 18
50 19
50 20
50 24
50 27
50 28
50 30
50 33
50 35
50 36
50 41
50 42
50 46
50 48
50 49
50 52
50 53
50 54
50 60
50 63
50 66
50 69
50 72
50 75
50 76
50 79
50 83
50 84
50 86
50 87
50 89
50 92
50 93
50 94
50 97
50 99
50 101
50 103
50 106
50 107
50 108
51 1
51 12
51 16
51 18
51 21
51 23
51 27
51 36
51 37
51 52
51 63
51 68
51 72
51 81
51 83
51 102
51 103
51 109
52 0
52 1
52 6
52 7
52 8
52 12
52 13
52 16
52 18
52 21
52 23
52 27
52 28
52 30
52 35
52 36
52 37
52 42
52 48
52 49
52 50
52 51
52 53
52 60
52 63
52 68
52 72
52 81
52 83
52 89
52 92
52 97
52 102
52 103
52 106
52 109
53 0
53 1
53 2
53 4
53 6
53 7
53 9
53 12
53 15
53 16
53 18
53 23
53 24
53 27
53 30
53 32
53 35
53 36
53 37
53 41
53 46
53 50
53 52
53 54
53 59
53 60
53 63
53 70
53 72
53 75
53 77
53 79
53 80
53 83
53 86
53 87
53 89
53 99
53 101
53 102
53 103
54 0
54 2
54 4
54 6
54 9
54 11
54 12
54 14
54 15
54 17
54 20
54 22
54 24
54 27
54 30
54 32
54 35
54 36
54 38
54 41
54 43
54 46
54 50
54 53
54 58
54 59
54 60
54 62
54 63
54 67
54 69
54 70
54 72
54 75
54 76
54 77
54 79
54 80
54 84
54 86
54 87
54 89
54 91
54 93
54 94
54 95
54 99
54 101
54 102
54 103
54 107
55 3
55 5
55 11
55 14
55 20
55 25
55 26
55 31
55 34
55 38
55 39
55 40
55 47
55 61
55 67
55 71
55 74
55 76
55 78
55 82
55 84
55 90
55 93
55 94
55 98
55 100
55 107
55 108
56 3
56 10
56 19
56 25
56 26
56 29
56 33
56 34
56 44
56 49
56 57
56 64
56 65
56 66
56 69
56 73
56 82
56 85
56 88
56 92
56 97
56 104
56 105
56 106
56 108
57 7
57 8
57 10
57 13
57 19
57 28
57 29
57 33
57 42
57 44
57 48
57 49
57 56
57 60
57 64
57 65
57 66
57 73
57 85
57 88
57 92
57 97
57 104
57 105
57 106
58 2
58 4
58 9
58 11
58 17
58 22
58 24
58 30
58 32
58 41
58 43
58 45
58 46
58 54
58 59
58 62
58 70
58 75
58 77
58 79
58 80
58 86
58 87
58 91
58 95
58 96
58 99
58 101
59 2
59 4
59 9
59 15
59 24
59 30
59 32
59 37
59 41
59 43
59 45
59 53
59 54
59 58
59 62
59 70
59 75
59 77
59 79
59 80
59 87
59 91
59 96
59 101
59 102
60 0
60 6
60 7
60 8
60 12
60 13
60 14
60 16
60 18
60 19
60 23
60 27
60 28
60 29
60 30
60 33
60 35
60 36
60 42
60 48
60 49
60 50
60 52
60 53
60 54
60 57
60 63
60 65
60 66
60 68
60 69
60 72
60 73
60 83
60 87
60 89
60 92
60 93
60 97
60 103
60 104
60 105
60 106
60 107
60 108
61 3
61 5
61 6
61 11
61 14
61 19
61 20
61 25
61 26
61 31
61 34
61 38
61 39
61 40
61 44
61 47
61 55
61 66
61 67
61 69
61 71
61 74
61 76
61 78
61 82
61 84
61 90
61 93
61 94
61 98
61 100
61 107
61 108
62 0
62 2
62 4
62 9
62 11
62 14
62 17
62 20
62 22
62 24
62 30
62 31
62 32
62 35
62 38
62 41
62 43
62 46
62 54
62 58
62 59
62 67
62 70
62 75
62 76
62 77
62 79
62 80
62 84
62 86
62 87
62 89
62 90
62 91
62 93
62 94
62 95
62 96
62 98
62 99
62 101
62 107
63 0
63 1
63 4
63 6
63 7
63 8
63 12
63 13
63 15
63 16
63 18
63 21
63 23
63 27
63 28
63 30
63 35
63 36
63 37
63 48
63 49
63 50
63 51
63 52
63 53
63 54
63 60
63 68
63 72
63 79
63 81
63 83
63 87
63 89
63 97
63 102
63 103
63 106
63 109
64 3
64 10
64 19
64 25
64 29
64 33
64 34
64 42
64 44
64 49
64 56
64 57
64 65
64 66
64 73
64 82
64 85
64 88
64 92
64 97
64 104
64 105
64 106
64 108
65 7
65 8
65 10
65 13
65 18
65 19
65 28
65 29
65 33
65 42
65 44
65 48
65 49
65 56
65 57
65 60
65 64
65 73
65 85
65 88
65 92
65 97
65 104
65 105
65 106
66 0
66 3
66 6
66 7
66 10
66 14
66 19
66 20
66 25
66 26
66 27
66 29
66 33
66 34
66 35
66 38
66 40
66 44
66 48
66 49
66 50
66 56
66 57
66 60
66 61
66 64
66 67
66 69
66 71
66 76
66 78
66 82
66 84
66 85
66 89
66 92
66 93
66 94
66 97
66 98
66 104
66 105
66 106
66 107
66 108
67 0
67 2
67 3
67 5
67 6
67 11
67 14
67 17
67 20
67 22
67 24
67 26
67 31
67 32
67 35
67 38
67 39
67 40
67 41
67 46
67 47
67 54
67 55
67 61
67 62
67 66
67 69
67 71
67 74
67 75
67 76
67 78
67 82
67 84
67 86
67 89
67 90
67 93
67 94
67 95
67 98
67 99
67 100
67 101
67 107
67 108
68 1
68 7
68 8
68 12
68 13
68 16
68 18
68 21
68 23
68 27
68 28
68 36
68 42
68 48
68 51
68 52
68 60
68 63
68 81
68 83
68 103
68 109
69 0
69 3
69 6
69 7
69 12
69 14
69 19
69 20
69 25
69 26
69 27
69 30
69 31
69 33
69 34
69 35
69 38
69 40
69 41
69 44
69 46
69 48
69 49
69 50
69 54
69 56
69 60
69 61
69 66
69 67
69 71
69 76
69 78
69 82
69 84
69 85
69 86
69 87
69 89
69 92
69 93
69 94
69 97
69 98
69 99
69 101
69 103
69 105
69 106
69 107
69 108
70 2
70 4
70 9
70 15
70 17
70 24
70 30
70 32
70 37
70 41
70 43
70 45
70 46
70 53
70 54
70 58
70 59
70 62
70 72
70 75
70 77
70 79
70 80
70 86
70 87
70 89
70 91
70 95
70 96
70 99
70 101
70 102
71 3
71 5
71 11
71 14
71 19
71 20
71 25
71 26
71 31
71 34
71 38
71 39
71 40
71 44
71 47
71 55
71 61
71 66
71 67
71 69
71 74
71 76
71 78
71 82
71 84
71 90
71 93
71 94
71 98
71 100
71 107
71 108
72 0
72 1
72 4
72 12
72 15
72 16
72 18
72 21
72 23
72 27
72 30
72 35
72 36
72 37
72 41
72 50
72 51
72 52
72 53
72 54
72 60
72 63
72 70
72 75
72 77
72 79
72 80
72 81
72 83
72 87
72 89
72 99
72 101
72 102
72 103
73 7
73 8
73 10
73 13
73 18
73 19
73 28
73 29
73 33
73 42
73 44
73 48
73 49
73 56
73 57
73 60
73 64
73 65
73 85
73 88
73 92
73 97
73 104
73 105
73 106
74 5
74 11
74 17
74 20
74 22
74 31
74 38
74 39
74 40
74 47
74 55
74 61
74 67
74 71
74 76
74 78
74 84
74 86
74 90
74 93
74 94
74 95
74 98
74 100
74 107
75 0
75 2
75 4
75 6
75 9
75 11
75 14
75 15
75 17
75 22
75 24
75 30
75 31
75 32
75 35
75 38
75 41
75 43
75 45
75 46
75 50
75 53
75 54
75 58
75 59
75 62
75 67
75 70
75 72
75 76
75 77
75 79
75 80
75 84
75 86
75 87
75 89
75 91
75 93
75 94
75 95
75 96
75 98
75 99
75 101
75 107
76 0
76 2
76 3
76 4
76 5
76 6
76 11
76 14
76 17
76 19
76 20
76 22
76 24
76 26
76 30
76 31
76 32
76 35
76 38
76 39
76 40
76 41
76 46
76 47
76 50
76 54
76 55
76 61
76 62
76 66
76 67
76 69
76 71
76 74
76 75
76 77
76 78
76 82
76 84
76 86
76 87
76 89
76 90
76 93
76 94
76 95
76 98
76 99
76 100
76 101
76 107
76 108
77 0
77 2
77 4
77 9
77 11
77 15
77 17
77 22
77 24
77 30
77 32
77 35
77 38
77 41
77 43
77 45
77 46
77 53
77 54
77 58
77 59
77 62
77 70
77 72
77 75
77 76
77 79
77 80
77 86
77 87
77 89
77 91
77 93
77 94
77 95
77 96
77 99
77 101
78 3
78 5
78 11
78 14
78 19
78 20
78 25
78 26
78 31
78 34
78 38
78 39
78 40
78 47
78 55
78 61
78 66
78 67
78 69
78 71
78 74
78 76
78 82
78 84
78 90
78 93
78 94
78 98
78 100
78 107
78 108
79 0
79 2
79 4
79 9
79 12
79 15
79 24
79 30
79 32
79 35
79 36
79 37
79 41
79 43
79 45
79 46
79 50
79 53
79 54
79 58
79 59
79 62
79 63
79 70
79 72
79 75
79 77
79 80
79 86
79 87
79 89
79 91
79 96
79 99
79 101
79 102
79 103
80 2
80 4
80 9
80 15
80 24
80 30
80 32
80 37
80 41
80 43
80 45
80 46
80 53
80 54
80 58
80 59
80 62
80 70
80 72
80 75
80 77
80 79
80 87
80 89
80 91
80 96
80 99
80 101
80 102
81 1
81 8
81 12
81 13
81 16
81 18
81 21
81 23
81 27
81 28
81 36
81 48
81 51
81 52
81 63
81 68
81 72
81 83
81 103
81 109
82 3
82 6
82 7
82 10
82 14
82 19
82 20
82 25
82 26
82 33
82 34
82 40
82 44
82 49
82 55
82 56
82 61
82 64
82 66
82 67
82 69
82 71
82 76
82 78
82 84
82 85
82 88
82 92
82 93
82 94
82 97
82 98
82 105
82 106
82 107
82 108
83 1
83 12
83 13
83 15
83 16
83 18
83 21
83 23
83 27
83 28
83 36
83 37
83 48
83 50
83 51
83 52
83 53
83 60
83 63
83 68
83 72
83 81
83 102
83 103
83 109
84 0
84 2
84 3
84 5
84 6
84 11
84 14
84 17
84 19
84 20
84 22
84 24
84 26
84 30
84 31
84 32
84 35
84 38
84 39
84 40
84 41
84 46
84 47
84 50
84 54
84 55
84 61
84 62
84 66
84 67
84 69
84 71
84 74
84 75
84 76
84 78
84 82
84 86
84 87
84 89
84 90
84 93
84 94
84 95
84 98
84 99
84 100
84 101
84 107
84 108
85 3
85 10
85 19
85 25
85 26
85 29
85 33
85 34
85 44
85 49
85 56
85 57
85 64
85 65
85 66
85 69
85 73
85 82
85 88
85 92
85 97
85 104
85 105
85 106
85 108
86 0
86 2
86 4
86 5
86 6
86 11
86 14
86 17
86 20
86 22
86 24
86 30
86 31
86 32
86 35
86 38
86 41
86 46
86 47
86 50
86 53
86 54
86 58
86 62
86 67
86 69
86 70
86 74
86 75
86 76
86 77
86 79
86 84
86 87
86 89
86 90
86 91
86 93
86 94
86 95
86 98
86 99
86 100
86 101
86 107
87 0
87 2
87 4
87 6
87 9
87 12
87 14
87 15
87 17
87 22
87 24
87 27
87 30
87 32
87 35
87 36
87 37
87 38
87 41
87 43
87 45
87 46
87 50
87 53
87 54
87 58
87 59
87 60
87 62
87 63
87 69
87 70
87 72
87 75
87 76
87 77
87 79
87 80
87 84
87 86
87 89
87 91
87 93
87 94
87 95
87 96
87 99
87 101
87 102
87 103
87 107
88 8
88 10
88 19
88 25
88 29
88 33
88 34
88 42
88 44
88 49
88 56
88 57
88 64
88 65
88 73
88 82
88 85
88 92
88 97
88 104
88 105
88 106
89 0
89 2
89 4
89 6
89 7
89 11
89 12
89 14
89 15
89 17
89 19
89 20
89 22
89 24
89 27
89 30
89 32
89 35
89 36
89 38
89 41
89 46
89 49
89 50
89 52
89 53
89 54
89 60
89 62
89 63
89 66
89 67
89 69
89 70
89 72
89 75
89 76
89 77
89 79
89 80
89 84
89 86
89 87
89 92
89 93
89 94
89 95
89 98
89 99
89 101
89 102
89 103
89 106
89 107
90 5
90 11
90 14
90 17
90 20
90 22
90 26
90 31
90 38
90 39
90 40
90 46
90 47
90 55
90 61
90 62
90 67
90 71
90 74
90 76
90 78
90 84
90 86
90 93
90 94
90 95
90 98
90 100
90 107
91 2
91 4
91 9
91 17
91 22
91 24
91 30
91 32
91 41
91 43
91 45
91 46
91 54
91 58
91 59
91 62
91 70
91 75
91 77
91 79
91 80
91 86
91 87
91 95
91 96
91 99
91 101
92 0
92 3
92 6
92 7
92 8
92 10
92 13
92 14
92 18
92 19
92 25
92 26
92 27
92 28
92 29
92 33
92 34
92 35
92 42
92 44
92 48
92 49
92 50
92 52
92 56
92 57
92 60
92 64
92 65
92 66
92 69
92 73
92 82
92 85
92 88
92 89
92 97
92 103
92 104
92 105
92 106
92 107
92 108
93 0
93 2
93 3
93 4
93 5
93 6
93 11
93 14
93 17
93 19
93 20
93 22
93 24
93 26
93 30
93 31
93 32
93 35
93 38
93 40
93 41
93 46
93 47
93 50
93 54
93 55
93 60
93 61
93 62
93 66
93 67
93 69
93 71
93 74
93 75
93 76
93 77
93 78
93 82
93 84
93 86
93 87
93 89
93 90
93 94
93 95
93 98
93 99
93 100
93 101
93 107
93 108
94 0
94 2
94 3
94 5
94 6
94 11
94 14
94 17
94 19
94 20
94 22
94 24
94 26
94 30
94 31
94 32
94 35
94 38
94 39
94 40
94 41
94 46
94 47
94 50
94 54
94 55
94 61
94 62
94 66
94 67
94 69
94 71
94 74
94 75
94 76
94 77
94 78
94 82
94 84
94 86
94 87
94 89
94 90
94 93
94 95
94 98
94 99
94 100
94 101
94 107
94 108
95 2
95 4
95 11
95 17
95 22
95 24
95 30
95 31
95 32
95 38
95 41
95 46
95 47
95 54
95 58
95 62
95 67
95 70
95 74
95 75
95 76
95 77
95 84
95 86
95 87
95 89
95 90
95 91
95 93
95 94
95 98
95 99
95 100
95 101
96 2
96 4
96 9
96 15
96 24
96 32
96 41
96 43
96 45
96 58
96 59
96 62
96 70
96 75
96 77
96 79
96 80
96 87
96 91
96 101
97 0
97 3
97 6
97 7
97 8
97 10
97 13
97 14
97 16
97 18
97 19
97 25
97 26
97 27
97 28
97 29
97 33
97 34
97 35
97 42
97 44
97 48
97 49
97 50
97 52
97 56
97 57
97 60
97 63
97 64
97 65
97 66
97 69
97 73
97 82
97 85
97 88
97 92
97 103
97 104
97 105
97 106
97 107
97 108
98 0
98 2
98 3
98 5
98 6
98 11
98 14
98 17
98 19
98 20
98 22
98 24
98 26
98 31
98 32
98 35
98 38
98 39
98 40
98 46
98 47
98 55
98 61
98 62
98 66
98 67
98 69
98 71
98 74
98 75
98 76
98 78
98 82
98 84
98 86
98 89
98 90
98 93
98 94
98 95
98 99
98 100
98 101
98 107
98 108
99 0
99 2
99 4
99 6
99 9
99 11
99 12
99 14
99 15
99 17
99 20
99 22
99 24
99 30
99 31
99 32
99 35
99 38
99 41
99 46
99 50
99 53
99 54
99 58
99 62
99 67
99 69
99 70
99 72
99 75
99 76
99 77
99 79
99 80
99 84
99 86
99 87
99 89
99 91
99 93
99 94
99 95
99 98
99 101
99 107
100 5
100 11
100 14
100 17
100 20
100 22
100 26
100 31
100 38
100 39
100 40
100 47
100 55
100 61
100 67
100 71
100 74
100 76
100 78
100 84
100 86
100 90
100 93
100 94
100 95
100 98
100 107
101 0
101 2
101 4
101 6
101 9
101 11
101 12
101 14
101 15
101 17
101 20
101 22
101 24
101 27
101 30
101 31
101 32
101 35
101 38
101 41
101 43
101 46
101 50
101 53
101 54
101 58
101 59
101 62
101 67
101 69
101 70
101 72
101 75
101 76
101 77
101 79
101 80
101 84
101 86
101 87
101 89
101 91
101 93
101 94
101 95
101 96
101 98
101 99
101 107
102 1
102 4
102 9
102 12
102 15
102 16
102 21
102 23
102 27
102 30
102 36
102 37
102 41
102 45
102 51
102 52
102 53
102 54
102 59
102 63
102 70
102 72
102 79
102 80
102 83
102 87
102 89
102 103
103 0
103 1
103 4
103 6
103 7
103 8
103 12
103 13
103 15
103 16
103 18
103 21
103 23
103 27
103 28
103 30
103 35
103 36
103 37
103 42
103 48
103 49
103 50
103 51
103 52
103 53
103 54
103 60
103 63
103 68
103 69
103 72
103 79
103 81
103 83
103 87
103 89
103 92
103 97
103 102
103 106
103 109
104 7
104 8
104 10
104 13
104 18
104 19
104 27
104 28
104 29
104 33
104 42
104 44
104 48
104 49
104 56
104 57
104 60
104 64
104 65
104 66
104 73
104 85
104 88
104 92
104 97
104 105
104 106
105 3
105 6
105 7
105 8
105 10
105 13
105 19
105 25
105 26
105 28
105 29
105 33
105 34
105 42
105 44
105 48
105 49
105 56
105 57
105 60
105 64
105 65
105 66
105 69
105 73
105 82
105 85
105 88
105 92
105 97
105 104
105 106
105 108
106 0
106 3
106 6
106 7
106 8
106 10
106 12
106 13
106 14
106 16
106 18
106 19
106 25
106 26
106 27
106 28
106 29
106 33
106 34
106 35
106 36
106 42
106 44
106 48
106 49
106 50
106 52
106 56
106 57
106 60
106 63
106 64
106 65
106 66
106 69
106 73
106 82
106 85
106 88
106 89
106 92
106 97
106 103
106 104
106 105
106 107
106 108
107 0
107 2
107 3
107 5
107 6
107 7
107 11
107 14
107 19
107 20
107 22
107 24
107 25
107 26
107 27
107 30
107 31
107 32
107 33
107 34
107 35
107 38
107 40
107 41
107 44
107 46
107 47
107 49
107 50
107 54
107 55
107 60
107 61
107 62
107 66
107 67
107 69
107 71
107 74
107 75
107 76
107 78
107 82
107 84
107 86
107 87
107 89
107 90
107 92
107 93
107 94
107 97
107 98
107 99
107 100
107 101
107 106
107 108
108 0
108 3
108 5
108 6
108 7
108 10
108 14
108 19
108 20
108 25
108 26
108 31
108 33
108 34
108 35
108 38
108 40
108 44
108 47
108 49
108 50
108 55
108 56
108 60
108 61
108 64
108 66
108 67
108 69
108 71
108 76
108 78
108 82
108 84
108 85
108 92
108 93
108 94
108 97
108 98
108 105
108 106
108 107
109 1
109 8
109 13
109 16
109 18
109 21
109 23
109 27
109 28
109 36
109 48
109 51
109 52
109 63
109 68
109 81
109 83
109 103
