4
2 1
120
0 50.000000 50.000000 15 99999999 2
1 73.614757 2.205130 15 107 1
2 50.173400 22.095888 15 149 3
3 17.225268 38.437280 15 148 1
4 43.574106 19.311075 15 123 2
5 44.549566 75.694170 15 148 1
6 3.780947 89.576302 15 133 1
7 68.068354 32.190100 15 145 5
8 11.858103 60.303707 15 149 2
9 36.813341 11.592625 15 139 4
10 21.545004 81.820725 15 112 5
11 30.852874 81.324229 15 128 1
12 4.196647 16.763405 15 137 2
13 96.487987 89.405070 15 129 3
14 11.240996 67.288021 15 112 5
15 40.317659 96.797255 15 111 2
16 63.042085 83.413510 15 143 1
17 85.157645 35.801361 15 106 3
18 12.770184 31.567123 15 109 1
19 19.450900 7.712280 15 140 2
20 90.423419 45.698148 15 125 2
21 53.632011 8.723020 15 144 3
22 9.113395 3.880432 15 144 3
23 46.383295 37.185900 15 115 1
24 19.453904 27.749681 15 113 4
25 90.320073 2.709752 15 144 3
26 59.343119 27.589934 15 109 1
27 3.454870 77.226922 15 136 3
28 33.872138 6.605183 15 142 2
29 10.912874 35.576279 15 141 4
30 83.358094 85.760772 15 113 3
31 68.343351 51.215083 15 125 1
32 22.714737 76.062880 15 102 2
33 25.456824 80.782762 15 110 4
34 0.320069 2.550702 15 129 2
35 43.717595 2.313322 15 118 4
36 33.158578 49.267066 15 103 3
37 48.920013 25.873006 15 128 5
38 67.455892 57.088475 15 130 1
39 62.211458 55.373251 15 132 2
40 0.198887 9.290807 15 109 4
41 7.614070 97.599708 15 107 5
42 88.994019 54.099549 15 134 2
43 38.632145 22.593296 15 136 4
44 89.102257 89.576462 15 113 2
45 50.656945 68.994577 15 113 5
46 47.630147 64.407180 15 140 3
47 10.111845 76.043964 15 127 3
48 42.902051 24.838680 15 146 1
49 60.523245 20.781184 15 119 2
50 14.818076 17.077181 15 134 2
51 41.045379 26.268196 15 146 3
52 79.691596 71.854222 15 126 5
53 52.135446 12.241903 15 124 2
54 27.966420 56.370700 15 126 3
55 67.813935 14.984882 15 129 4
56 21.986191 13.159266 15 121 4
57 75.090913 59.767143 15 102 1
58 85.656334 11.347506 15 108 5
59 67.862661 53.535602 15 136 4
60 76.393382 65.547360 15 116 4
61 77.172738 0.498009 15 136 1
62 30.510958 52.061522 15 114 4
63 3.422281 83.086628 15 101 2
64 20.932781 13.330445 15 121 1
65 30.336520 70.849090 15 125 5
66 71.290717 42.759797 15 142 4
67 37.794532 31.151265 15 126 4
68 99.934987 5.883835 15 123 3
69 8.615541 75.804192 15 128 1
70 14.686189 89.431570 15 129 5
71 60.871529 99.199450 15 126 1
72 92.288058 82.267291 15 141 1
73 56.425240 80.313480 15 125 2
74 3.126504 64.805841 15 137 4
75 0.199943 7.228694 15 123 4
76 99.543165 69.308436 15 118 2
77 14.095052 53.797194 15 112 5
78 25.164845 34.695337 15 114 1
79 20.758242 33.839017 15 108 2
80 15.837115 81.934843 15 112 5
81 73.146926 29.546524 15 146 2
82 98.379297 11.037104 15 104 3
83 38.586953 79.708336 15 124 3
84 24.547995 40.794887 15 145 2
85 91.156326 16.690991 15 105 4
86 81.491499 53.802286 15 112 5
87 83.670620 42.923057 15 139 1
88 22.193350 2.896755 15 136 2
89 58.384080 27.950028 15 110 4
90 76.127745 53.852065 15 139 1
91 26.777902 68.059202 15 129 3
92 53.602556 25.200461 15 148 2
93 93.097330 88.420322 15 143 1
94 76.013435 82.414193 15 111 1
95 69.177723 31.528621 15 125 1
96 23.739362 63.368877 15 119 2
97 42.905302 84.001939 15 132 3
98 17.935291 37.393133 15 123 5
99 35.521810 91.530108 15 113 4
100 31.545788 55.044850 15 105 5
101 68.048556 14.579039 15 104 5
102 62.032311 18.586939 15 103 2
103 19.158214 65.384907 15 103 4
104 0.341390 28.436867 15 120 2
105 23.772910 21.878569 15 100 3
106 74.339136 82.424736 15 127 3
107 31.224320 36.755227 15 106 2
108 18.540101 90.053906 15 149 5
109 59.347123 93.300966 15 130 5
110 37.757967 51.338178 15 139 2
111 60.360732 40.513715 15 112 4
112 96.425645 12.710155 15 126 1
113 74.774441 67.459946 15 100 5
114 21.280267 46.638906 15 144 5
115 32.479884 59.810093 15 133 2
116 12.279883 30.109400 15 139 4
117 79.922405 41.999845 15 127 5
118 88.205799 42.064510 15 106 2
119 92.269962 93.955051 15 149 5
3094
0 2
0 5
0 7
0 23
0 26
0 31
0 36
0 37
0 38
0 39
0 43
0 45
0 46
0 48
0 51
0 54
0 57
0 59
0 62
0 65
0 66
0 67
0 78
0 84
0 89
0 90
0 91
0 92
0 95
0 96
0 100
0 107
0 110
0 111
0 114
0 115
1 21
1 25
1 26
1 35
1 49
1 53
1 55
1 58
1 61
1 68
1 81
1 82
1 85
1 89
1 95
1 101
1 102
1 112
2 0
2 4
2 7
2 9
2 21
2 23
2 26
2 28
2 35
2 37
2 43
2 48
2 49
2 51
2 53
2 55
2 56
2 66
2 67
2 78
2 81
2 89
2 92
2 95
2 101
2 102
2 105
2 107
2 111
3 8
3 12
3 14
3 18
3 23
3 24
3 29
3 36
3 43
3 48
3 50
3 51
3 54
3 56
3 62
3 64
3 67
3 74
3 77
3 78
3 79
3 84
3 96
3 98
3 100
3 103
3 104
3 105
3 107
3 110
3 114
3 115
3 116
4 2
4 7
4 9
4 19
4 21
4 23
4 24
4 26
4 28
4 35
4 37
4 43
4 48
4 49
4 50
4 51
4 53
4 55
4 56
4 64
4 67
4 78
4 79
4 84
4 88
4 89
4 92
4 95
4 101
4 102
4 105
4 107
4 111
5 0
5 10
5 11
5 15
5 16
5 32
5 33
5 36
5 38
5 39
5 45
5 46
5 54
5 62
5 65
5 71
5 73
5 80
5 83
5 91
5 96
5 97
5 99
5 100
5 103
5 108
5 109
5 110
5 115
6 10
6 11
6 14
6 27
6 32
6 33
6 41
6 47
6 63
6 69
6 70
6 74
6 80
6 103
6 108
7 0
7 2
7 4
7 17
7 20
7 21
7 23
7 26
7 31
7 37
7 38
7 39
7 48
7 49
7 51
7 53
7 55
7 57
7 58
7 59
7 66
7 81
7 85
7 86
7 87
7 89
7 90
7 92
7 95
7 101
7 102
7 111
7 117
7 118
8 3
8 10
8 11
8 14
8 18
8 27
8 29
8 32
8 33
8 36
8 47
8 54
8 62
8 63
8 65
8 69
8 70
8 74
8 77
8 78
8 79
8 80
8 84
8 91
8 96
8 98
8 100
8 103
8 110
8 114
8 115
9 2
9 4
9 19
9 21
9 22
9 23
9 24
9 26
9 28
9 35
9 37
9 43
9 48
9 49
9 50
9 51
9 53
9 56
9 64
9 67
9 78
9 79
9 88
9 89
9 92
9 102
9 105
9 107
10 5
10 6
10 8
10 11
10 14
10 15
10 27
10 32
10 33
10 41
10 47
10 54
10 63
10 65
10 69
10 70
10 74
10 77
10 80
10 83
10 91
10 96
10 97
10 99
10 100
10 103
10 108
10 115
11 5
11 6
11 8
11 10
11 14
11 15
11 27
11 32
11 33
11 41
11 45
11 46
11 47
11 54
11 62
11 63
11 65
11 69
11 70
11 73
11 80
11 83
11 91
11 96
11 97
11 99
11 100
11 103
11 108
11 115
12 3
12 18
12 19
12 22
12 24
12 29
12 34
12 40
12 50
12 56
12 64
12 75
12 78
12 79
12 88
12 98
12 104
12 105
12 116
13 30
13 44
13 52
13 72
13 76
13 93
13 94
13 106
13 119
14 3
14 6
14 8
14 10
14 11
14 27
14 32
14 33
14 36
14 47
14 54
14 62
14 63
14 65
14 69
14 70
14 74
14 77
14 80
14 84
14 91
14 96
14 100
14 103
14 108
14 114
14 115
15 5
15 10
15 11
15 16
15 32
15 33
15 45
15 65
15 70
15 71
15 73
15 80
15 83
15 97
15 99
15 108
15 109
16 5
16 15
16 30
16 38
16 39
16 44
16 45
16 46
16 52
16 57
16 60
16 71
16 72
16 73
16 83
16 94
16 97
16 99
16 106
16 109
16 113
17 7
17 20
17 26
17 31
17 38
17 42
17 49
17 55
17 57
17 58
17 59
17 66
17 81
17 82
17 85
17 86
17 87
17 89
17 90
17 95
17 101
17 102
17 111
17 112
17 117
17 118
18 3
18 8
18 12
18 19
18 22
18 24
18 29
18 36
18 40
18 43
18 50
18 51
18 54
18 56
18 62
18 64
18 67
18 75
18 77
18 78
18 79
18 84
18 98
18 104
18 105
18 107
18 114
18 116
19 4
19 9
19 12
19 18
19 22
19 24
19 28
19 29
19 34
19 35
19 40
19 43
19 48
19 50
19 51
19 56
19 64
19 67
19 75
19 78
19 79
19 88
19 98
19 104
19 105
19 116
20 7
20 17
20 31
20 38
20 39
20 42
20 52
20 57
20 59
20 60
20 66
20 76
20 81
20 85
20 86
20 87
20 90
20 95
20 113
20 117
20 118
21 1
21 2
21 4
21 7
21 9
21 23
21 26
21 28
21 35
21 37
21 43
21 48
21 49
21 51
21 53
21 55
21 61
21 67
21 81
21 89
21 92
21 95
21 101
21 102
22 9
22 12
22 18
22 19
22 24
22 28
22 34
22 40
22 50
22 56
22 64
22 75
22 88
22 104
22 105
22 116
23 0
23 2
23 3
23 4
23 7
23 9
23 21
23 24
23 26
23 31
23 36
23 37
23 38
23 39
23 43
23 46
23 48
23 49
23 51
23 53
23 54
23 59
23 62
23 66
23 67
23 78
23 79
23 81
23 84
23 89
23 92
23 95
23 98
23 100
23 102
23 105
23 107
23 110
23 111
23 114
23 115
24 3
24 4
24 9
24 12
24 18
24 19
24 22
24 23
24 28
24 29
24 36
24 37
24 40
24 43
24 48
24 50
24 51
24 54
24 56
24 62
24 64
24 67
24 75
24 77
24 78
24 79
24 84
24 88
24 98
24 100
24 104
24 105
24 107
24 110
24 114
24 116
25 1
25 55
25 58
25 61
25 68
25 82
25 85
25 101
25 112
26 0
26 1
26 2
26 4
26 7
26 9
26 17
26 21
26 23
26 31
26 35
26 37
26 39
26 43
26 48
26 49
26 51
26 53
26 55
26 59
26 66
26 67
26 81
26 87
26 89
26 92
26 95
26 101
26 102
26 107
26 111
26 117
27 6
27 8
27 10
27 11
27 14
27 32
27 33
27 41
27 47
27 63
27 65
27 69
27 70
27 74
27 77
27 80
27 91
27 96
27 103
27 108
28 2
28 4
28 9
28 19
28 21
28 22
28 24
28 35
28 37
28 43
28 48
28 50
28 51
28 53
28 56
28 64
28 67
28 78
28 88
28 92
28 105
29 3
29 8
29 12
29 18
29 19
29 24
29 36
29 40
29 50
29 54
29 56
29 62
29 64
29 67
29 77
29 78
29 79
29 84
29 98
29 100
29 104
29 105
29 107
29 114
29 116
30 13
30 16
30 44
30 52
30 57
30 60
30 71
30 72
30 73
30 76
30 93
30 94
30 106
30 109
30 113
30 119
31 0
31 7
31 17
31 20
31 23
31 26
31 38
31 39
31 42
31 45
31 46
31 52
31 57
31 59
31 60
31 66
31 81
31 86
31 87
31 89
31 90
31 92
31 95
31 111
31 113
31 117
31 118
32 5
32 6
32 8
32 10
32 11
32 14
32 15
32 27
32 33
32 36
32 41
32 45
32 46
32 47
32 54
32 62
32 63
32 65
32 69
32 70
32 74
32 77
32 80
32 83
32 91
32 96
32 97
32 99
32 100
32 103
32 108
32 110
32 114
32 115
33 5
33 6
33 8
33 10
33 11
33 14
33 15
33 27
33 32
33 41
33 45
33 46
33 47
33 54
33 62
33 63
33 65
33 69
33 70
33 74
33 77
33 80
33 83
33 91
33 96
33 97
33 99
33 100
33 103
33 108
33 115
34 12
34 19
34 22
34 40
34 50
34 56
34 64
34 75
34 88
34 104
35 1
35 2
35 4
35 9
35 19
35 21
35 26
35 28
35 37
35 43
35 48
35 49
35 51
35 53
35 55
35 56
35 64
35 67
35 88
35 89
35 92
35 101
35 102
35 105
36 0
36 3
36 5
36 8
36 14
36 18
36 23
36 24
36 29
36 32
36 37
36 39
36 43
36 45
36 46
36 48
36 51
36 54
36 62
36 65
36 67
36 77
36 78
36 79
36 84
36 91
36 96
36 98
36 100
36 103
36 105
36 107
36 110
36 111
36 114
36 115
36 116
37 0
37 2
37 4
37 7
37 9
37 21
37 23
37 24
37 26
37 28
37 35
37 36
37 43
37 48
37 49
37 51
37 53
37 55
37 56
37 66
37 67
37 78
37 79
37 81
37 84
37 89
37 92
37 95
37 101
37 102
37 105
37 107
37 110
37 111
38 0
38 5
38 7
38 16
38 17
38 20
38 23
38 31
38 39
38 42
38 45
38 46
38 52
38 57
38 59
38 60
38 66
38 73
38 81
38 86
38 87
38 90
38 94
38 95
38 106
38 111
38 113
38 117
38 118
39 0
39 5
39 7
39 16
39 20
39 23
39 26
39 31
39 36
39 38
39 42
39 45
39 46
39 52
39 57
39 59
39 60
39 66
39 73
39 81
39 86
39 87
39 89
39 90
39 95
39 106
39 110
39 111
39 113
39 117
39 118
40 12
40 18
40 19
40 22
40 24
40 29
40 34
40 50
40 56
40 64
40 75
40 88
40 104
40 105
40 116
41 6
41 10
41 11
41 27
41 32
41 33
41 47
41 63
41 69
41 70
41 80
41 99
41 108
42 17
42 20
42 31
42 38
42 39
42 52
42 57
42 59
42 60
42 66
42 72
42 76
42 81
42 86
42 87
42 90
42 113
42 117
42 118
43 0
43 2
43 3
43 4
43 9
43 18
43 19
43 21
43 23
43 24
43 26
43 28
43 35
43 36
43 37
43 48
43 49
43 50
43 51
43 53
43 56
43 64
43 67
43 78
43 79
43 84
43 88
43 89
43 92
43 98
43 102
43 105
43 107
43 110
43 111
43 114
43 116
44 13
44 16
44 30
44 52
44 60
44 71
44 72
44 76
44 93
44 94
44 106
44 109
44 113
44 119
45 0
45 5
45 11
45 15
45 16
45 31
45 32
45 33
45 36
45 38
45 39
45 46
45 52
45 54
45 57
45 59
45 60
45 62
45 65
45 73
45 83
45 90
45 91
45 94
45 96
45 97
45 99
45 100
45 106
45 109
45 110
45 113
45 115
46 0
46 5
46 11
46 16
46 23
46 31
46 32
46 33
46 36
46 38
46 39
46 45
46 54
46 57
46 59
46 60
46 62
46 65
46 73
46 83
46 91
46 96
46 97
46 99
46 100
46 103
46 110
46 111
46 113
46 115
47 6
47 8
47 10
47 11
47 14
47 27
47 32
47 33
47 41
47 54
47 63
47 65
47 69
47 70
47 74
47 77
47 80
47 83
47 91
47 96
47 99
47 103
47 108
47 115
48 0
48 2
48 3
48 4
48 7
48 9
48 19
48 21
48 23
48 24
48 26
48 28
48 35
48 36
48 37
48 43
48 49
48 50
48 51
48 53
48 55
48 56
48 62
48 64
48 67
48 78
48 79
48 84
48 89
48 92
48 95
48 98
48 101
48 102
48 105
48 107
48 110
48 111
49 1
49 2
49 4
49 7
49 9
49 17
49 21
49 23
49 26
49 35
49 37
49 43
49 48
49 51
49 53
49 55
49 58
49 61
49 66
49 67
49 81
49 89
49 92
49 95
49 101
49 102
49 111
49 117
50 3
50 4
50 9
50 12
50 18
50 19
50 22
50 24
50 28
50 29
50 34
50 40
50 43
50 48
50 51
50 56
50 64
50 67
50 75
50 78
50 79
50 84
50 88
50 98
50 104
50 105
50 107
50 116
51 0
51 2
51 3
51 4
51 7
51 9
51 18
51 19
51 21
51 23
51 24
51 26
51 28
51 35
51 36
51 37
51 43
51 48
51 49
51 50
51 53
51 55
51 56
51 62
51 64
51 67
51 78
51 79
51 84
51 89
51 92
51 95
51 98
51 101
51 102
51 105
51 107
51 110
51 111
51 114
51 116
52 13
52 16
52 20
52 30
52 31
52 38
52 39
52 42
52 44
52 45
52 57
52 59
52 60
52 72
52 73
52 76
52 86
52 87
52 90
52 93
52 94
52 106
52 109
52 113
52 117
52 119
53 1
53 2
53 4
53 7
53 9
53 21
53 23
53 26
53 28
53 35
53 37
53 43
53 48
53 49
53 51
53 55
53 61
53 67
53 81
53 89
53 92
53 95
53 101
53 102
53 105
53 111
54 0
54 3
54 5
54 8
54 10
54 11
54 14
54 18
54 23
54 24
54 29
54 32
54 33
54 36
54 45
54 46
54 47
54 62
54 65
54 67
54 69
54 74
54 77
54 78
54 79
54 80
54 83
54 84
54 91
54 96
54 98
54 100
54 103
54 107
54 110
54 114
54 115
55 1
55 2
55 4
55 7
55 17
55 21
55 25
55 26
55 35
55 37
55 48
55 49
55 51
55 53
55 58
55 61
55 66
55 81
55 85
55 89
55 92
55 95
55 101
55 102
55 111
55 112
55 117
56 2
56 3
56 4
56 9
56 12
56 18
56 19
56 22
56 24
56 28
56 29
56 34
56 35
56 37
56 40
56 43
56 48
56 50
56 51
56 64
56 67
56 75
56 78
56 79
56 84
56 88
56 98
56 104
56 105
56 107
56 116
57 0
57 7
57 16
57 17
57 20
57 30
57 31
57 38
57 39
57 42
57 45
57 46
57 52
57 59
57 60
57 66
57 72
57 73
57 76
57 86
57 87
57 90
57 94
57 95
57 106
57 111
57 113
57 117
57 118
58 1
58 7
58 17
58 25
58 49
58 55
58 61
58 68
58 81
58 82
58 85
58 95
58 101
58 102
58 112
59 0
59 7
59 17
59 20
59 23
59 26
59 31
59 38
59 39
59 42
59 45
59 46
59 52
59 57
59 60
59 66
59 73
59 81
59 86
59 87
59 89
59 90
59 95
59 106
59 111
59 113
59 117
59 118
60 16
60 20
60 30
60 31
60 38
60 39
60 42
60 44
60 45
60 46
60 52
60 57
60 59
60 66
60 72
60 73
60 76
60 86
60 87
60 90
60 93
60 94
60 106
60 111
60 113
60 117
60 118
61 1
61 21
61 25
61 49
61 53
61 55
61 58
61 68
61 81
61 82
61 85
61 101
61 102
61 112
62 0
62 3
62 5
62 8
62 11
62 14
62 18
62 23
62 24
62 29
62 32
62 33
62 36
62 45
62 46
62 48
62 51
62 54
62 65
62 67
62 77
62 78
62 79
62 83
62 84
62 91
62 96
62 98
62 100
62 103
62 107
62 110
62 114
62 115
62 116
63 6
63 8
63 10
63 11
63 14
63 27
63 32
63 33
63 41
63 47
63 65
63 69
63 70
63 74
63 80
63 91
63 96
63 103
63 108
64 3
64 4
64 9
64 12
64 18
64 19
64 22
64 24
64 28
64 29
64 34
64 35
64 40
64 43
64 48
64 50
64 51
64 56
64 67
64 75
64 78
64 79
64 84
64 88
64 98
64 104
64 105
64 107
64 116
65 0
65 5
65 8
65 10
65 11
65 14
65 15
65 27
65 32
65 33
65 36
65 45
65 46
65 47
65 54
65 62
65 63
65 69
65 70
65 73
65 74
65 77
65 80
65 83
65 91
65 96
65 97
65 99
65 100
65 103
65 108
65 110
65 114
65 115
66 0
66 2
66 7
66 17
66 20
66 23
66 26
66 31
66 37
66 38
66 39
66 42
66 49
66 55
66 57
66 59
66 60
66 81
66 86
66 87
66 89
66 90
66 92
66 95
66 101
66 102
66 111
66 113
66 117
66 118
67 0
67 2
67 3
67 4
67 9
67 18
67 19
67 21
67 23
67 24
67 26
67 28
67 29
67 35
67 36
67 37
67 43
67 48
67 49
67 50
67 51
67 53
67 54
67 56
67 62
67 64
67 78
67 79
67 84
67 89
67 92
67 98
67 100
67 102
67 105
67 107
67 110
67 111
67 114
67 115
67 116
68 1
68 25
68 58
68 61
68 82
68 85
68 112
69 6
69 8
69 10
69 11
69 14
69 27
69 32
69 33
69 41
69 47
69 54
69 63
69 65
69 70
69 74
69 77
69 80
69 91
69 96
69 103
69 108
69 115
70 6
70 8
70 10
70 11
70 14
70 15
70 27
70 32
70 33
70 41
70 47
70 63
70 65
70 69
70 74
70 80
70 83
70 91
70 96
70 97
70 99
70 103
70 108
71 5
71 15
71 16
71 30
71 44
71 73
71 83
71 94
71 97
71 99
71 106
71 109
72 13
72 16
72 30
72 42
72 44
72 52
72 57
72 60
72 76
72 93
72 94
72 106
72 113
72 119
73 5
73 11
73 15
73 16
73 30
73 38
73 39
73 45
73 46
73 52
73 57
73 59
73 60
73 65
73 71
73 83
73 94
73 97
73 99
73 106
73 109
73 113
74 3
74 6
74 8
74 10
74 14
74 27
74 32
74 33
74 47
74 54
74 63
74 65
74 69
74 70
74 77
74 80
74 91
74 96
74 103
74 108
74 114
74 115
75 12
75 18
75 19
75 22
75 24
75 34
75 40
75 50
75 56
75 64
75 88
75 104
75 105
75 116
76 13
76 20
76 30
76 42
76 44
76 52
76 57
76 60
76 72
76 86
76 90
76 93
76 94
76 106
76 113
76 118
76 119
77 3
77 8
77 10
77 14
77 18
77 24
77 27
77 29
77 32
77 33
77 36
77 47
77 54
77 62
77 65
77 69
77 74
77 78
77 79
77 80
77 84
77 91
77 96
77 98
77 100
77 103
77 104
77 107
77 110
77 114
77 115
77 116
78 0
78 2
78 3
78 4
78 8
78 9
78 12
78 18
78 19
78 23
78 24
78 28
78 29
78 36
78 37
78 43
78 48
78 50
78 51
78 54
78 56
78 62
78 64
78 67
78 77
78 79
78 84
78 92
78 96
78 98
78 100
78 104
78 105
78 107
78 110
78 114
78 115
78 116
79 3
79 4
79 8
79 9
79 12
79 18
79 19
79 23
79 24
79 29
79 36
79 37
79 43
79 48
79 50
79 51
79 54
79 56
79 62
79 64
79 67
79 77
79 78
79 84
79 96
79 98
79 100
79 104
79 105
79 107
79 110
79 114
79 115
79 116
80 5
80 6
80 8
80 10
80 11
80 14
80 15
80 27
80 32
80 33
80 41
80 47
80 54
80 63
80 65
80 69
80 70
80 74
80 77
80 83
80 91
80 96
80 97
80 99
80 103
80 108
80 115
81 1
81 2
81 7
81 17
81 20
81 21
81 23
81 26
81 31
81 37
81 38
81 39
81 42
81 49
81 53
81 55
81 58
81 59
81 61
81 66
81 85
81 86
81 87
81 89
81 90
81 92
81 95
81 101
81 102
81 111
81 112
81 117
81 118
82 1
82 17
82 25
82 58
82 61
82 68
82 85
82 112
83 5
83 10
83 11
83 15
83 16
83 32
83 33
83 45
83 46
83 47
83 54
83 62
83 65
83 70
83 71
83 73
83 80
83 91
83 96
83 97
83 99
83 100
83 103
83 108
83 109
83 110
83 115
84 0
84 3
84 4
84 8
84 14
84 18
84 23
84 24
84 29
84 36
84 37
84 43
84 48
84 50
84 51
84 54
84 56
84 62
84 64
84 67
84 77
84 78
84 79
84 91
84 96
84 98
84 100
84 103
84 104
84 105
84 107
84 110
84 114
84 115
84 116
85 1
85 7
85 17
85 20
85 25
85 55
85 58
85 61
85 68
85 81
85 82
85 87
85 95
85 101
85 102
85 112
85 117
85 118
86 7
86 17
86 20
86 31
86 38
86 39
86 42
86 52
86 57
86 59
86 60
86 66
86 76
86 81
86 87
86 90
86 94
86 95
86 106
86 111
86 113
86 117
86 118
87 7
87 17
87 20
87 26
87 31
87 38
87 39
87 42
87 52
87 57
87 59
87 60
87 66
87 81
87 85
87 86
87 89
87 90
87 95
87 111
87 113
87 117
87 118
88 4
88 9
88 12
88 19
88 22
88 24
88 28
88 34
88 35
88 40
88 43
88 50
88 56
88 64
88 75
88 105
88 116
89 0
89 1
89 2
89 4
89 7
89 9
89 17
89 21
89 23
89 26
89 31
89 35
89 37
89 39
89 43
89 48
89 49
89 51
89 53
89 55
89 59
89 66
89 67
89 81
89 87
89 92
89 95
89 101
89 102
89 107
89 111
89 117
90 0
90 7
90 17
90 20
90 31
90 38
90 39
90 42
90 45
90 52
90 57
90 59
90 60
90 66
90 76
90 81
90 86
90 87
90 94
90 95
90 106
90 111
90 113
90 117
90 118
91 0
91 5
91 8
91 10
91 11
91 14
91 27
91 32
91 33
91 36
91 45
91 46
91 47
91 54
91 62
91 63
91 65
91 69
91 70
91 74
91 77
91 80
91 83
91 84
91 96
91 97
91 99
91 100
91 103
91 108
91 110
91 114
91 115
92 0
92 2
92 4
92 7
92 9
92 21
92 23
92 26
92 28
92 31
92 35
92 37
92 43
92 48
92 49
92 51
92 53
92 55
92 66
92 67
92 78
92 81
92 89
92 95
92 101
92 102
92 107
92 111
93 13
93 30
93 44
93 52
93 60
93 72
93 76
93 94
93 106
93 113
93 119
94 13
94 16
94 30
94 38
94 44
94 45
94 52
94 57
94 60
94 71
94 72
94 73
94 76
94 86
94 90
94 93
94 106
94 109
94 113
94 119
95 0
95 1
95 2
95 4
95 7
95 17
95 20
95 21
95 23
95 26
95 31
95 37
95 38
95 39
95 48
95 49
95 51
95 53
95 55
95 57
95 58
95 59
95 66
95 81
95 85
95 86
95 87
95 89
95 90
95 92
95 101
95 102
95 111
95 117
95 118
96 0
96 3
96 5
96 8
96 10
96 11
96 14
96 27
96 32
96 33
96 36
96 45
96 46
96 47
96 54
96 62
96 63
96 65
96 69
96 70
96 74
96 77
96 78
96 79
96 80
96 83
96 84
96 91
96 97
96 98
96 100
96 103
96 107
96 108
96 110
96 114
96 115
97 5
97 10
97 11
97 15
97 16
97 32
97 33
97 45
97 46
97 65
97 70
97 71
97 73
97 80
97 83
97 91
97 96
97 99
97 108
97 109
97 115
98 3
98 8
98 12
98 18
98 19
98 23
98 24
98 29
98 36
98 43
98 48
98 50
98 51
98 54
98 56
98 62
98 64
98 67
98 77
98 78
98 79
98 84
98 96
98 100
98 103
98 104
98 105
98 107
98 110
98 114
98 115
98 116
99 5
99 10
99 11
99 15
99 16
99 32
99 33
99 41
99 45
99 46
99 47
99 65
99 70
99 71
99 73
99 80
99 83
99 91
99 97
99 108
99 109
100 0
100 3
100 5
100 8
100 10
100 11
100 14
100 23
100 24
100 29
100 32
100 33
100 36
100 45
100 46
100 54
100 62
100 65
100 67
100 77
100 78
100 79
100 83
100 84
100 91
100 96
100 98
100 103
100 107
100 110
100 114
100 115
101 1
101 2
101 4
101 7
101 17
101 21
101 25
101 26
101 35
101 37
101 48
101 49
101 51
101 53
101 55
101 58
101 61
101 66
101 81
101 85
101 89
101 92
101 95
101 102
101 111
101 112
101 117
102 1
102 2
102 4
102 7
102 9
102 17
102 21
102 23
102 26
102 35
102 37
102 43
102 48
102 49
102 51
102 53
102 55
102 58
102 61
102 66
102 67
102 81
102 85
102 89
102 92
102 95
102 101
102 111
102 117
103 3
103 5
103 6
103 8
103 10
103 11
103 14
103 27
103 32
103 33
103 36
103 46
103 47
103 54
103 62
103 63
103 65
103 69
103 70
103 74
103 77
103 80
103 83
103 84
103 91
103 96
103 98
103 100
103 108
103 110
103 114
103 115
104 3
104 12
104 18
104 19
104 22
104 24
104 29
104 34
104 40
104 50
104 56
104 64
104 75
104 77
104 78
104 79
104 84
104 98
104 105
104 114
104 116
105 2
105 3
105 4
105 9
105 12
105 18
105 19
105 22
105 23
105 24
105 28
105 29
105 35
105 36
105 37
105 40
105 43
105 48
105 50
105 51
105 53
105 56
105 64
105 67
105 75
105 78
105 79
105 84
105 88
105 98
105 104
105 107
105 114
105 116
106 13
106 16
106 30
106 38
106 39
106 44
106 45
106 52
106 57
106 59
106 60
106 71
106 72
106 73
106 76
106 86
106 90
106 93
106 94
106 109
106 113
106 119
107 0
107 2
107 3
107 4
107 9
107 18
107 23
107 24
107 26
107 29
107 36
107 37
107 43
107 48
107 50
107 51
107 54
107 56
107 62
107 64
107 67
107 77
107 78
107 79
107 84
107 89
107 92
107 96
107 98
107 100
107 105
107 110
107 111
107 114
107 115
107 116
108 5
108 6
108 10
108 11
108 14
108 15
108 27
108 32
108 33
108 41
108 47
108 63
108 65
108 69
108 70
108 74
108 80
108 83
108 91
108 96
108 97
108 99
108 103
109 5
109 15
109 16
109 30
109 44
109 45
109 52
109 71
109 73
109 83
109 94
109 97
109 99
109 106
110 0
110 3
110 5
110 8
110 23
110 24
110 32
110 36
110 37
110 39
110 43
110 45
110 46
110 48
110 51
110 54
110 62
110 65
110 67
110 77
110 78
110 79
110 83
110 84
110 91
110 96
110 98
110 100
110 103
110 107
110 111
110 114
110 115
111 0
111 2
111 4
111 7
111 17
111 23
111 26
111 31
111 36
111 37
111 38
111 39
111 43
111 46
111 48
111 49
111 51
111 53
111 55
111 57
111 59
111 60
111 66
111 67
111 81
111 86
111 87
111 89
111 90
111 92
111 95
111 101
111 102
111 107
111 110
111 117
111 118
112 1
112 17
112 25
112 55
112 58
112 61
112 68
112 81
112 82
112 85
112 101
113 16
113 20
113 30
113 31
113 38
113 39
113 42
113 44
113 45
113 46
113 52
113 57
113 59
113 60
113 66
113 72
113 73
113 76
113 86
113 87
113 90
113 93
113 94
113 106
113 117
113 118
114 0
114 3
114 8
114 14
114 18
114 23
114 24
114 29
114 32
114 36
114 43
114 51
114 54
114 62
114 65
114 67
114 74
114 77
114 78
114 79
114 84
114 91
114 96
114 98
114 100
114 103
114 104
114 105
114 107
114 110
114 115
114 116
115 0
115 3
115 5
115 8
115 10
115 11
115 14
115 23
115 32
115 33
115 36
115 45
115 46
115 47
115 54
115 62
115 65
115 67
115 69
115 74
115 77
115 78
115 79
115 80
115 83
115 84
115 91
115 96
115 97
115 98
115 100
115 103
115 107
115 110
115 114
116 3
116 12
116 18
116 19
116 22
116 24
116 29
116 36
116 40
116 43
116 50
116 51
116 56
116 62
116 64
116 67
116 75
116 77
116 78
116 79
116 84
116 88
116 98
116 104
116 105
116 107
116 114
117 7
117 17
117 20
117 26
117 31
117 38
117 39
117 42
117 49
117 52
117 55
117 57
117 59
117 60
117 66
117 81
117 85
117 86
117 87
117 89
117 90
117 95
117 101
117 102
117 111
117 113
117 118
118 7
118 17
118 20
118 31
118 38
118 39
118 42
118 57
118 59
118 60
118 66
118 76
118 81
118 85
118 86
118 87
118 90
118 95
118 111
118 113
118 117
119 13
119 30
119 44
119 52
119 72
119 76
119 93
119 94
119 106
