4
2 1
120
0 50.000000 50.000000 20 99999999 1
1 10.674196 82.267882 20 128 2
2 7.147918 24.252918 20 139 4
3 13.481608 84.430435 20 135 2
4 46.955977 23.197828 20 126 4
5 86.421641 95.619224 20 116 3
6 58.531834 49.991149 20 135 5
7 69.597142 81.924638 20 111 2
8 73.336619 11.456498 20 109 5
9 94.272945 32.586425 20 119 1
10 80.402780 61.694875 20 141 2
11 5.753317 75.372362 20 116 3
12 43.861102 25.362854 20 114 2
13 27.785648 58.792086 20 136 4
14 39.977447 77.648964 20 135 5
15 27.602561 15.596888 20 142 3
16 6.125309 45.540762 20 127 2
17 99.808533 32.177224 20 132 3
18 29.091156 47.180895 20 115 1
19 60.975059 39.699843 20 143 2
20 89.502179 90.611219 20 110 1
21 96.782123 98.307916 20 125 5
22 49.288400 57.403901 20 118 1
23 74.953534 84.307265 20 101 2
24 95.499518 90.720511 20 134 1
25 65.530798 71.299957 20 125 2
26 78.760363 43.995080 20 137 4
27 32.555440 3.971109 20 143 3
28 45.657393 58.281101 20 133 1
29 42.626149 31.064684 20 125 2
30 38.036666 62.466060 20 111 3
31 34.448497 4.474382 20 107 5
32 27.129482 75.744409 20 125 1
33 25.138444 14.161188 20 131 3
34 31.068865 7.887055 20 126 1
35 20.319025 60.721613 20 145 2
36 57.778485 67.990607 20 102 4
37 48.126973 20.457824 20 115 4
38 34.377130 94.925039 20 125 3
39 52.864220 96.672972 20 146 2
40 13.028645 85.095174 20 105 3
41 25.230415 67.205490 20 131 3
42 61.306118 92.592408 20 127 3
43 38.668797 4.216941 20 118 1
44 49.183706 56.407883 20 103 4
45 92.863146 80.775233 20 110 1
46 94.579384 84.717495 20 133 5
47 64.089907 88.605107 20 108 5
48 56.298460 25.346027 20 145 2
49 25.773671 8.999384 20 135 2
50 76.702538 3.059763 20 106 4
51 39.210179 17.938943 20 144 5
52 91.728362 90.339633 20 109 5
53 3.431951 65.796974 20 138 3
54 47.868361 39.435470 20 118 4
55 47.537894 60.330892 20 137 5
56 23.475940 32.404873 20 125 2
57 31.767667 36.112529 20 115 3
58 29.503287 55.111258 20 117 1
59 27.611570 2.345355 20 142 2
60 54.976281 60.937432 20 118 5
61 51.119326 49.131893 20 107 1
62 61.475273 75.642410 20 143 4
63 69.828066 51.317185 20 124 5
64 90.693602 23.742939 20 107 1
65 91.121417 55.665279 20 116 1
66 34.745514 1.209407 20 119 4
67 48.594748 25.400672 20 133 2
68 74.748102 55.509404 20 146 3
69 81.378566 76.513507 20 108 1
70 66.875764 15.861152 20 106 3
71 22.872951 41.420795 20 135 1
72 80.044294 30.100867 20 100 1
73 74.760857 30.109968 20 135 2
74 17.398184 98.983894 20 131 4
75 63.877820 71.780529 20 131 5
76 30.439571 80.877956 20 116 5
77 86.772991 62.339700 20 108 5
78 10.555796 1.191193 20 109 3
79 38.878291 81.205914 20 136 1
80 83.345543 98.933965 20 118 5
81 73.887898 84.665585 20 103 4
82 41.352514 26.250945 20 146 3
83 97.969965 23.172998 20 106 3
84 92.407968 41.431400 20 112 2
85 74.640248 31.306947 20 144 3
86 73.793935 73.917213 20 128 2
87 19.704536 12.122090 20 137 2
88 10.711801 18.842723 20 127 3
89 13.517823 75.026517 20 116 1
90 76.681755 68.716095 20 136 3
91 84.050810 21.186400 20 117 4
92 4.540528 25.524888 20 121 2
93 53.262983 27.136690 20 141 3
94 7.801248 34.973146 20 135 5
95 24.865358 43.573931 20 146 4
96 53.930157 20.658130 20 122 3
97 28.640486 98.023679 20 142 3
98 18.245824 58.458408 20 106 3
99 53.422982 39.860123 20 120 4
100 10.373951 15.407968 20 116 1
101 25.304161 87.453243 20 125 1
102 83.376026 29.909572 20 109 1
103 97.372857 32.135855 20 102 5
104 80.414567 51.690092 20 148 2
105 1.911810 72.997199 20 132 2
106 99.702430 14.569325 20 127 1
107 8.334638 37.928918 20 103 5
108 6.895521 43.790796 20 134 2
109 14.783088 5.757199 20 149 2
110 1.191920 4.911138 20 116 4
111 17.536533 79.445129 20 111 3
112 31.143925 92.099738 20 123 1
113 78.301701 31.416217 20 117 1
114 0.892682 24.879808 20 139 4
115 15.965089 32.653647 20 140 3
116 60.299833 13.878940 20 104 1
117 15.598537 52.541012 20 126 2
118 39.164545 61.147338 20 117 1
119 19.273248 3.136836 20 128 2
4914
0 4
0 6
0 7
0 10
0 12
0 13
0 14
0 18
0 19
0 22
0 25
0 26
0 28
0 29
0 30
0 32
0 35
0 36
0 37
0 41
0 44
0 48
0 51
0 54
0 55
0 56
0 57
0 58
0 60
0 61
0 62
0 63
0 67
0 68
0 70
0 71
0 72
0 73
0 75
0 76
0 77
0 79
0 82
0 85
0 86
0 90
0 93
0 95
0 96
0 98
0 99
0 102
0 104
0 113
0 115
0 116
0 117
0 118
1 3
1 11
1 13
1 14
1 16
1 18
1 30
1 32
1 35
1 38
1 40
1 41
1 53
1 58
1 74
1 76
1 79
1 89
1 97
1 98
1 101
1 105
1 108
1 111
1 112
1 117
1 118
2 4
2 12
2 15
2 16
2 18
2 27
2 29
2 31
2 33
2 34
2 35
2 43
2 49
2 51
2 56
2 57
2 58
2 59
2 66
2 71
2 78
2 82
2 87
2 88
2 92
2 94
2 95
2 98
2 100
2 107
2 108
2 109
2 110
2 114
2 115
2 117
2 119
3 1
3 11
3 13
3 14
3 16
3 30
3 32
3 35
3 38
3 40
3 41
3 53
3 58
3 74
3 76
3 79
3 89
3 97
3 98
3 101
3 105
3 111
3 112
3 117
3 118
4 0
4 2
4 6
4 8
4 12
4 15
4 18
4 19
4 22
4 26
4 27
4 28
4 29
4 31
4 33
4 34
4 37
4 43
4 44
4 48
4 49
4 50
4 51
4 54
4 55
4 56
4 57
4 58
4 59
4 60
4 61
4 63
4 66
4 67
4 70
4 71
4 72
4 73
4 82
4 85
4 87
4 88
4 91
4 93
4 95
4 96
4 99
4 100
4 102
4 109
4 113
4 115
4 116
4 118
4 119
5 7
5 10
5 20
5 21
5 23
5 24
5 25
5 36
5 39
5 42
5 45
5 46
5 47
5 52
5 62
5 69
5 75
5 77
5 80
5 81
5 86
5 90
6 0
6 4
6 7
6 9
6 10
6 12
6 13
6 14
6 18
6 19
6 22
6 23
6 25
6 26
6 28
6 29
6 30
6 35
6 36
6 37
6 41
6 44
6 47
6 48
6 51
6 54
6 55
6 56
6 57
6 58
6 60
6 61
6 62
6 63
6 65
6 67
6 68
6 69
6 70
6 71
6 72
6 73
6 75
6 77
6 79
6 81
6 82
6 84
6 85
6 86
6 90
6 91
6 93
6 95
6 96
6 99
6 102
6 104
6 113
6 116
6 118
7 0
7 5
7 6
7 10
7 14
7 20
7 21
7 22
7 23
7 24
7 25
7 26
7 28
7 30
7 36
7 38
7 39
7 42
7 44
7 45
7 46
7 47
7 52
7 55
7 60
7 61
7 62
7 63
7 65
7 68
7 69
7 75
7 76
7 77
7 79
7 80
7 81
7 86
7 90
7 104
7 112
7 118
8 4
8 9
8 12
8 17
8 19
8 26
8 29
8 31
8 37
8 43
8 48
8 50
8 51
8 54
8 64
8 66
8 67
8 70
8 72
8 73
8 82
8 83
8 84
8 85
8 91
8 93
8 96
8 99
8 102
8 103
8 106
8 113
8 116
9 6
9 8
9 10
9 17
9 19
9 26
9 48
9 50
9 63
9 64
9 65
9 68
9 70
9 72
9 73
9 77
9 83
9 84
9 85
9 91
9 102
9 103
9 104
9 106
9 113
9 116
10 0
10 5
10 6
10 7
10 9
10 17
10 19
10 20
10 22
10 23
10 24
10 25
10 26
10 28
10 36
10 42
10 44
10 45
10 46
10 47
10 52
10 54
10 55
10 60
10 61
10 62
10 63
10 64
10 65
10 68
10 69
10 72
10 73
10 75
10 77
10 80
10 81
10 84
10 85
10 86
10 90
10 99
10 102
10 103
10 104
10 113
11 1
11 3
11 13
11 14
11 16
11 18
11 30
11 32
11 35
11 38
11 40
11 41
11 53
11 58
11 71
11 74
11 76
11 79
11 89
11 95
11 97
11 98
11 101
11 105
11 107
11 108
11 111
11 112
11 117
11 118
12 0
12 2
12 4
12 6
12 8
12 13
12 15
12 18
12 19
12 22
12 26
12 27
12 28
12 29
12 30
12 31
12 33
12 34
12 37
12 43
12 44
12 48
12 49
12 50
12 51
12 54
12 55
12 56
12 57
12 58
12 59
12 60
12 61
12 63
12 66
12 67
12 70
12 71
12 72
12 73
12 82
12 85
12 87
12 88
12 92
12 93
12 94
12 95
12 96
12 99
12 100
12 102
12 107
12 109
12 113
12 115
12 116
12 117
12 118
12 119
13 0
13 1
13 3
13 6
13 11
13 12
13 14
13 16
13 18
13 19
13 22
13 25
13 28
13 29
13 30
13 32
13 35
13 36
13 38
13 40
13 41
13 44
13 53
13 54
13 55
13 56
13 57
13 58
13 60
13 61
13 62
13 67
13 71
13 75
13 76
13 79
13 82
13 89
13 94
13 95
13 97
13 98
13 99
13 101
13 105
13 107
13 108
13 111
13 112
13 115
13 117
13 118
14 0
14 1
14 3
14 6
14 7
14 11
14 13
14 18
14 22
14 23
14 25
14 28
14 30
14 32
14 35
14 36
14 38
14 39
14 40
14 41
14 42
14 44
14 47
14 53
14 54
14 55
14 58
14 60
14 61
14 62
14 63
14 74
14 75
14 76
14 79
14 81
14 86
14 89
14 90
14 95
14 97
14 98
14 101
14 105
14 111
14 112
14 117
14 118
15 2
15 4
15 12
15 16
15 18
15 27
15 29
15 31
15 33
15 34
15 37
15 43
15 48
15 49
15 51
15 54
15 56
15 57
15 58
15 59
15 66
15 67
15 70
15 71
15 78
15 82
15 87
15 88
15 92
15 93
15 94
15 95
15 96
15 99
15 100
15 107
15 108
15 109
15 110
15 114
15 115
15 116
15 117
15 119
16 1
16 2
16 3
16 11
16 13
16 15
16 18
16 29
16 30
16 32
16 33
16 35
16 41
16 53
16 56
16 57
16 58
16 71
16 87
16 88
16 89
16 92
16 94
16 95
16 98
16 100
16 105
16 107
16 108
16 111
16 114
16 115
16 117
16 118
17 8
17 9
17 10
17 19
17 26
17 50
17 63
17 64
17 65
17 68
17 70
17 72
17 73
17 77
17 83
17 84
17 85
17 91
17 102
17 103
17 104
17 106
17 113
18 0
18 1
18 2
18 4
18 6
18 11
18 12
18 13
18 14
18 15
18 16
18 19
18 22
18 28
18 29
18 30
18 32
18 33
18 34
18 35
18 36
18 37
18 41
18 44
18 48
18 49
18 51
18 53
18 54
18 55
18 56
18 57
18 58
18 60
18 61
18 67
18 71
18 76
18 79
18 82
18 87
18 88
18 89
18 92
18 93
18 94
18 95
18 96
18 98
18 99
18 100
18 105
18 107
18 108
18 111
18 114
18 115
18 117
18 118
19 0
19 4
19 6
19 8
19 9
19 10
19 12
19 13
19 17
19 18
19 22
19 25
19 26
19 28
19 29
19 30
19 36
19 37
19 44
19 48
19 50
19 51
19 54
19 55
19 56
19 57
19 58
19 60
19 61
19 62
19 63
19 64
19 65
19 67
19 68
19 70
19 71
19 72
19 73
19 75
19 77
19 82
19 84
19 85
19 86
19 90
19 91
19 93
19 95
19 96
19 99
19 102
19 103
19 104
19 113
19 116
19 118
20 5
20 7
20 10
20 21
20 23
20 24
20 25
20 36
20 39
20 42
20 45
20 46
20 47
20 52
20 62
20 65
20 68
20 69
20 75
20 77
20 80
20 81
20 86
20 90
20 104
21 5
21 7
21 20
21 23
21 24
21 42
21 45
21 46
21 47
21 52
21 69
21 77
21 80
21 81
21 86
21 90
22 0
22 4
22 6
22 7
22 10
22 12
22 13
22 14
22 18
22 19
22 23
22 25
22 26
22 28
22 29
22 30
22 32
22 35
22 36
22 37
22 39
22 41
22 42
22 44
22 47
22 48
22 54
22 55
22 56
22 57
22 58
22 60
22 61
22 62
22 63
22 67
22 68
22 69
22 71
22 73
22 75
22 76
22 77
22 79
22 81
22 82
22 85
22 86
22 89
22 90
22 93
22 95
22 96
22 98
22 99
22 101
22 104
22 111
22 112
22 113
22 117
22 118
23 5
23 6
23 7
23 10
23 14
23 20
23 21
23 22
23 24
23 25
23 28
23 36
23 39
23 42
23 44
23 45
23 46
23 47
23 52
23 55
23 60
23 62
23 63
23 65
23 68
23 69
23 75
23 77
23 79
23 80
23 81
23 86
23 90
23 104
24 5
24 7
24 10
24 20
24 21
24 23
24 25
24 42
24 45
24 46
24 47
24 52
24 62
24 65
24 69
24 75
24 77
24 80
24 81
24 86
24 90
25 0
25 5
25 6
25 7
25 10
25 13
25 14
25 19
25 20
25 22
25 23
25 24
25 26
25 28
25 30
25 32
25 36
25 38
25 39
25 42
25 44
25 45
25 46
25 47
25 52
25 54
25 55
25 58
25 60
25 61
25 62
25 63
25 65
25 68
25 69
25 75
25 76
25 77
25 79
25 80
25 81
25 86
25 90
25 99
25 104
25 118
26 0
26 4
26 6
26 7
26 8
26 9
26 10
26 12
26 17
26 19
26 22
26 25
26 28
26 29
26 36
26 37
26 44
26 45
26 48
26 54
26 55
26 60
26 61
26 62
26 63
26 64
26 65
26 67
26 68
26 69
26 70
26 72
26 73
26 75
26 77
26 83
26 84
26 85
26 86
26 90
26 91
26 93
26 96
26 99
26 102
26 103
26 104
26 106
26 113
26 116
27 2
27 4
27 12
27 15
27 29
27 31
27 33
27 34
27 37
27 43
27 48
27 49
27 51
27 54
27 56
27 57
27 59
27 66
27 67
27 70
27 71
27 78
27 82
27 87
27 88
27 92
27 93
27 94
27 96
27 100
27 109
27 110
27 114
27 115
27 116
27 119
28 0
28 4
28 6
28 7
28 10
28 12
28 13
28 14
28 18
28 19
28 22
28 23
28 25
28 26
28 29
28 30
28 32
28 35
28 36
28 37
28 38
28 39
28 41
28 42
28 44
28 47
28 48
28 54
28 55
28 56
28 57
28 58
28 60
28 61
28 62
28 63
28 67
28 68
28 71
28 75
28 76
28 79
28 81
28 82
28 85
28 86
28 89
28 90
28 93
28 95
28 96
28 98
28 99
28 101
28 104
28 111
28 112
28 115
28 117
28 118
29 0
29 2
29 4
29 6
29 8
29 12
29 13
29 15
29 16
29 18
29 19
29 22
29 26
29 27
29 28
29 30
29 31
29 33
29 34
29 35
29 36
29 37
29 43
29 44
29 48
29 49
29 51
29 54
29 55
29 56
29 57
29 58
29 59
29 60
29 61
29 63
29 66
29 67
29 70
29 71
29 72
29 73
29 82
29 85
29 87
29 88
29 92
29 93
29 94
29 95
29 96
29 98
29 99
29 100
29 107
29 108
29 109
29 113
29 115
29 116
29 117
29 118
29 119
30 0
30 1
30 3
30 6
30 7
30 11
30 12
30 13
30 14
30 16
30 18
30 19
30 22
30 25
30 28
30 29
30 32
30 35
30 36
30 38
30 39
30 40
30 41
30 42
30 44
30 47
30 53
30 54
30 55
30 56
30 57
30 58
30 60
30 61
30 62
30 63
30 67
30 68
30 71
30 75
30 76
30 79
30 82
30 86
30 89
30 90
30 93
30 95
30 97
30 98
30 99
30 101
30 105
30 107
30 108
30 111
30 112
30 115
30 117
30 118
31 2
31 4
31 8
31 12
31 15
31 27
31 29
31 33
31 34
31 37
31 43
31 48
31 49
31 51
31 54
31 56
31 57
31 59
31 66
31 67
31 70
31 71
31 78
31 82
31 87
31 88
31 92
31 93
31 96
31 100
31 109
31 110
31 114
31 115
31 116
31 119
32 0
32 1
32 3
32 11
32 13
32 14
32 16
32 18
32 22
32 25
32 28
32 30
32 35
32 36
32 38
32 39
32 40
32 41
32 42
32 44
32 47
32 53
32 55
32 57
32 58
32 60
32 61
32 62
32 71
32 74
32 75
32 76
32 79
32 89
32 95
32 97
32 98
32 101
32 105
32 108
32 111
32 112
32 117
32 118
33 2
33 4
33 12
33 15
33 16
33 18
33 27
33 29
33 31
33 34
33 37
33 43
33 48
33 49
33 51
33 54
33 56
33 57
33 59
33 66
33 67
33 71
33 78
33 82
33 87
33 88
33 92
33 93
33 94
33 95
33 96
33 99
33 100
33 107
33 108
33 109
33 110
33 114
33 115
33 116
33 117
33 119
34 2
34 4
34 12
34 15
34 18
34 27
34 29
34 31
34 33
34 37
34 43
34 48
34 49
34 51
34 54
34 56
34 57
34 59
34 66
34 67
34 70
34 71
34 78
34 82
34 87
34 88
34 92
34 93
34 94
34 95
34 96
34 99
34 100
34 107
34 109
34 110
34 114
34 115
34 116
34 119
35 0
35 1
35 2
35 3
35 6
35 11
35 13
35 14
35 16
35 18
35 22
35 28
35 29
35 30
35 32
35 36
35 38
35 40
35 41
35 44
35 53
35 54
35 55
35 56
35 57
35 58
35 60
35 61
35 71
35 74
35 76
35 79
35 89
35 92
35 94
35 95
35 97
35 98
35 99
35 101
35 105
35 107
35 108
35 111
35 112
35 115
35 117
35 118
36 0
36 5
36 6
36 7
36 10
36 13
36 14
36 18
36 19
36 20
36 22
36 23
36 25
36 26
36 28
36 29
36 30
36 32
36 35
36 38
36 39
36 41
36 42
36 44
36 45
36 47
36 54
36 55
36 58
36 60
36 61
36 62
36 63
36 65
36 68
36 69
36 75
36 76
36 77
36 79
36 81
36 86
36 90
36 99
36 101
36 104
36 112
36 118
37 0
37 4
37 6
37 8
37 12
37 15
37 18
37 19
37 22
37 26
37 27
37 28
37 29
37 31
37 33
37 34
37 43
37 44
37 48
37 49
37 50
37 51
37 54
37 55
37 56
37 57
37 58
37 59
37 61
37 63
37 66
37 67
37 70
37 71
37 72
37 73
37 82
37 85
37 87
37 88
37 91
37 93
37 95
37 96
37 99
37 100
37 102
37 109
37 113
37 115
37 116
37 119
38 1
38 3
38 7
38 11
38 13
38 14
38 25
38 28
38 30
38 32
38 35
38 36
38 39
38 40
38 41
38 42
38 47
38 55
38 60
38 62
38 74
38 75
38 76
38 79
38 89
38 97
38 98
38 101
38 105
38 111
38 112
38 118
39 5
39 7
39 14
39 20
39 22
39 23
39 25
39 28
39 30
39 32
39 36
39 38
39 42
39 47
39 52
39 55
39 60
39 62
39 69
39 74
39 75
39 76
39 79
39 80
39 81
39 86
39 90
39 97
39 101
39 111
39 112
39 118
40 1
40 3
40 11
40 13
40 14
40 30
40 32
40 35
40 38
40 41
40 53
40 58
40 74
40 76
40 79
40 89
40 97
40 98
40 101
40 105
40 111
40 112
40 117
40 118
41 0
41 1
41 3
41 6
41 11
41 13
41 14
41 16
41 18
41 22
41 28
41 30
41 32
41 35
41 36
41 38
41 40
41 44
41 53
41 54
41 55
41 56
41 57
41 58
41 60
41 61
41 62
41 71
41 74
41 75
41 76
41 79
41 89
41 94
41 95
41 97
41 98
41 99
41 101
41 105
41 107
41 108
41 111
41 112
41 115
41 117
41 118
42 5
42 7
42 10
42 14
42 20
42 21
42 22
42 23
42 24
42 25
42 28
42 30
42 32
42 36
42 38
42 39
42 44
42 45
42 46
42 47
42 52
42 55
42 60
42 62
42 68
42 69
42 75
42 76
42 77
42 79
42 80
42 81
42 86
42 90
42 97
42 101
42 112
42 118
43 2
43 4
43 8
43 12
43 15
43 27
43 29
43 31
43 33
43 34
43 37
43 48
43 49
43 50
43 51
43 54
43 56
43 57
43 59
43 66
43 67
43 70
43 78
43 82
43 87
43 88
43 93
43 96
43 99
43 100
43 109
43 110
43 115
43 116
43 119
44 0
44 4
44 6
44 7
44 10
44 12
44 13
44 14
44 18
44 19
44 22
44 23
44 25
44 26
44 28
44 29
44 30
44 32
44 35
44 36
44 37
44 41
44 42
44 47
44 48
44 51
44 54
44 55
44 56
44 57
44 58
44 60
44 61
44 62
44 63
44 67
44 68
44 69
44 71
44 73
44 75
44 76
44 77
44 79
44 81
44 82
44 85
44 86
44 90
44 93
44 95
44 96
44 98
44 99
44 101
44 104
44 111
44 112
44 113
44 117
44 118
45 5
45 7
45 10
45 20
45 21
45 23
45 24
45 25
45 26
45 36
45 42
45 46
45 47
45 52
45 62
45 63
45 65
45 68
45 69
45 75
45 77
45 80
45 81
45 84
45 86
45 90
45 104
46 5
46 7
46 10
46 20
46 21
46 23
46 24
46 25
46 42
46 45
46 47
46 52
46 62
46 65
46 68
46 69
46 75
46 77
46 80
46 81
46 86
46 90
46 104
47 5
47 6
47 7
47 10
47 14
47 20
47 21
47 22
47 23
47 24
47 25
47 28
47 30
47 32
47 36
47 38
47 39
47 42
47 44
47 45
47 46
47 52
47 55
47 60
47 62
47 63
47 68
47 69
47 75
47 76
47 77
47 79
47 80
47 81
47 86
47 90
47 97
47 101
47 112
47 118
48 0
48 4
48 6
48 8
48 9
48 12
48 15
48 18
48 19
48 22
48 26
48 27
48 28
48 29
48 31
48 33
48 34
48 37
48 43
48 44
48 49
48 50
48 51
48 54
48 55
48 56
48 57
48 59
48 60
48 61
48 63
48 64
48 66
48 67
48 68
48 70
48 71
48 72
48 73
48 82
48 84
48 85
48 87
48 91
48 93
48 95
48 96
48 99
48 102
48 104
48 113
48 116
48 118
49 2
49 4
49 12
49 15
49 18
49 27
49 29
49 31
49 33
49 34
49 37
49 43
49 48
49 51
49 54
49 56
49 57
49 59
49 66
49 67
49 71
49 78
49 82
49 87
49 88
49 92
49 93
49 94
49 95
49 96
49 100
49 107
49 108
49 109
49 110
49 114
49 115
49 116
49 119
50 4
50 8
50 9
50 12
50 17
50 19
50 37
50 43
50 48
50 64
50 67
50 70
50 72
50 73
50 83
50 85
50 91
50 93
50 96
50 102
50 103
50 106
50 113
50 116
51 0
51 2
51 4
51 6
51 8
51 12
51 15
51 18
51 19
51 27
51 29
51 31
51 33
51 34
51 37
51 43
51 44
51 48
51 49
51 54
51 56
51 57
51 58
51 59
51 61
51 66
51 67
51 70
51 71
51 73
51 78
51 82
51 85
51 87
51 88
51 92
51 93
51 94
51 95
51 96
51 99
51 100
51 107
51 109
51 114
51 115
51 116
51 119
52 5
52 7
52 10
52 20
52 21
52 23
52 24
52 25
52 39
52 42
52 45
52 46
52 47
52 62
52 65
52 68
52 69
52 75
52 77
52 80
52 81
52 86
52 90
53 1
53 3
53 11
53 13
53 14
53 16
53 18
53 30
53 32
53 35
53 40
53 41
53 56
53 58
53 71
53 74
53 76
53 79
53 89
53 94
53 95
53 98
53 101
53 105
53 107
53 108
53 111
53 112
53 115
53 117
53 118
54 0
54 4
54 6
54 8
54 10
54 12
54 13
54 14
54 15
54 18
54 19
54 22
54 25
54 26
54 27
54 28
54 29
54 30
54 31
54 33
54 34
54 35
54 36
54 37
54 41
54 43
54 44
54 48
54 49
54 51
54 55
54 56
54 57
54 58
54 60
54 61
54 62
54 63
54 67
54 68
54 70
54 71
54 72
54 73
54 75
54 82
54 85
54 87
54 93
54 95
54 96
54 98
54 99
54 102
54 104
54 107
54 113
54 115
54 116
54 117
54 118
55 0
55 4
55 6
55 7
55 10
55 12
55 13
55 14
55 18
55 19
55 22
55 23
55 25
55 26
55 28
55 29
55 30
55 32
55 35
55 36
55 37
55 38
55 39
55 41
55 42
55 44
55 47
55 48
55 54
55 56
55 57
55 58
55 60
55 61
55 62
55 63
55 67
55 68
55 69
55 71
55 75
55 76
55 77
55 79
55 81
55 82
55 85
55 86
55 89
55 90
55 93
55 95
55 98
55 99
55 101
55 104
55 111
55 112
55 117
55 118
56 0
56 2
56 4
56 6
56 12
56 13
56 15
56 16
56 18
56 19
56 22
56 27
56 28
56 29
56 30
56 31
56 33
56 34
56 35
56 37
56 41
56 43
56 44
56 48
56 49
56 51
56 53
56 54
56 55
56 57
56 58
56 59
56 61
56 66
56 67
56 71
56 78
56 82
56 87
56 88
56 92
56 93
56 94
56 95
56 96
56 98
56 99
56 100
56 107
56 108
56 109
56 110
56 114
56 115
56 117
56 118
56 119
57 0
57 2
57 4
57 6
57 12
57 13
57 15
57 16
57 18
57 19
57 22
57 27
57 28
57 29
57 30
57 31
57 32
57 33
57 34
57 35
57 37
57 41
57 43
57 44
57 48
57 49
57 51
57 54
57 55
57 56
57 58
57 59
57 60
57 61
57 66
57 67
57 71
57 82
57 87
57 88
57 92
57 93
57 94
57 95
57 96
57 98
57 99
57 100
57 107
57 108
57 109
57 114
57 115
57 116
57 117
57 118
57 119
58 0
58 1
58 2
58 3
58 4
58 6
58 11
58 12
58 13
58 14
58 15
58 16
58 18
58 19
58 22
58 25
58 28
58 29
58 30
58 32
58 35
58 36
58 37
58 40
58 41
58 44
58 51
58 53
58 54
58 55
58 56
58 57
58 60
58 61
58 62
58 67
58 71
58 75
58 76
58 79
58 82
58 89
58 92
58 93
58 94
58 95
58 98
58 99
58 101
58 105
58 107
58 108
58 111
58 112
58 115
58 117
58 118
59 2
59 4
59 12
59 15
59 27
59 29
59 31
59 33
59 34
59 37
59 43
59 48
59 49
59 51
59 56
59 57
59 66
59 67
59 71
59 78
59 82
59 87
59 88
59 92
59 93
59 94
59 96
59 100
59 109
59 110
59 114
59 115
59 116
59 119
60 0
60 4
60 6
60 7
60 10
60 12
60 13
60 14
60 18
60 19
60 22
60 23
60 25
60 26
60 28
60 29
60 30
60 32
60 35
60 36
60 38
60 39
60 41
60 42
60 44
60 47
60 48
60 54
60 55
60 57
60 58
60 61
60 62
60 63
60 65
60 67
60 68
60 69
60 71
60 72
60 73
60 75
60 76
60 77
60 79
60 81
60 82
60 85
60 86
60 90
60 93
60 95
60 98
60 99
60 101
60 104
60 112
60 113
60 118
61 0
61 4
61 6
61 7
61 10
61 12
61 13
61 14
61 18
61 19
61 22
61 25
61 26
61 28
61 29
61 30
61 32
61 35
61 36
61 37
61 41
61 44
61 48
61 51
61 54
61 55
61 56
61 57
61 58
61 60
61 62
61 63
61 67
61 68
61 70
61 71
61 72
61 73
61 75
61 76
61 77
61 79
61 82
61 85
61 86
61 90
61 93
61 95
61 96
61 98
61 99
61 102
61 104
61 113
61 115
61 116
61 117
61 118
62 0
62 5
62 6
62 7
62 10
62 13
62 14
62 19
62 20
62 22
62 23
62 24
62 25
62 26
62 28
62 30
62 32
62 36
62 38
62 39
62 41
62 42
62 44
62 45
62 46
62 47
62 52
62 54
62 55
62 58
62 60
62 61
62 63
62 65
62 68
62 69
62 75
62 76
62 77
62 79
62 80
62 81
62 86
62 90
62 97
62 99
62 101
62 104
62 112
62 118
63 0
63 4
63 6
63 7
63 9
63 10
63 12
63 14
63 17
63 19
63 22
63 23
63 25
63 26
63 28
63 29
63 30
63 36
63 37
63 44
63 45
63 47
63 48
63 54
63 55
63 60
63 61
63 62
63 64
63 65
63 67
63 68
63 69
63 70
63 72
63 73
63 75
63 77
63 81
63 82
63 83
63 84
63 85
63 86
63 90
63 91
63 93
63 96
63 99
63 102
63 103
63 104
63 113
63 116
63 118
64 8
64 9
64 10
64 17
64 19
64 26
64 48
64 50
64 63
64 65
64 68
64 70
64 72
64 73
64 77
64 83
64 84
64 85
64 91
64 93
64 96
64 102
64 103
64 104
64 106
64 113
64 116
65 6
65 7
65 9
65 10
65 17
65 19
65 20
65 23
65 24
65 25
65 26
65 36
65 45
65 46
65 52
65 60
65 62
65 63
65 64
65 68
65 69
65 72
65 73
65 75
65 77
65 81
65 83
65 84
65 85
65 86
65 90
65 91
65 102
65 103
65 104
65 113
66 2
66 4
66 8
66 12
66 15
66 27
66 29
66 31
66 33
66 34
66 37
66 43
66 48
66 49
66 51
66 56
66 57
66 59
66 67
66 70
66 78
66 82
66 87
66 88
66 92
66 93
66 96
66 100
66 109
66 110
66 115
66 116
66 119
67 0
67 4
67 6
67 8
67 12
67 13
67 15
67 18
67 19
67 22
67 26
67 27
67 28
67 29
67 30
67 31
67 33
67 34
67 37
67 43
67 44
67 48
67 49
67 50
67 51
67 54
67 55
67 56
67 57
67 58
67 59
67 60
67 61
67 63
67 66
67 68
67 70
67 71
67 72
67 73
67 82
67 85
67 87
67 88
67 91
67 93
67 95
67 96
67 99
67 100
67 102
67 109
67 113
67 115
67 116
67 118
67 119
68 0
68 6
68 7
68 9
68 10
68 17
68 19
68 20
68 22
68 23
68 25
68 26
68 28
68 30
68 36
68 42
68 44
68 45
68 46
68 47
68 48
68 52
68 54
68 55
68 60
68 61
68 62
68 63
68 64
68 65
68 67
68 69
68 72
68 73
68 75
68 77
68 81
68 83
68 84
68 85
68 86
68 90
68 91
68 93
68 99
68 102
68 103
68 104
68 113
68 118
69 5
69 6
69 7
69 10
69 20
69 21
69 22
69 23
69 24
69 25
69 26
69 36
69 39
69 42
69 44
69 45
69 46
69 47
69 52
69 55
69 60
69 62
69 63
69 65
69 68
69 75
69 77
69 80
69 81
69 84
69 86
69 90
69 104
70 0
70 4
70 6
70 8
70 9
70 12
70 15
70 17
70 19
70 26
70 27
70 29
70 31
70 34
70 37
70 43
70 48
70 50
70 51
70 54
70 61
70 63
70 64
70 66
70 67
70 72
70 73
70 82
70 83
70 84
70 85
70 91
70 93
70 96
70 99
70 102
70 103
70 104
70 106
70 113
70 116
71 0
71 2
71 4
71 6
71 11
71 12
71 13
71 15
71 16
71 18
71 19
71 22
71 27
71 28
71 29
71 30
71 31
71 32
71 33
71 34
71 35
71 37
71 41
71 44
71 48
71 49
71 51
71 53
71 54
71 55
71 56
71 57
71 58
71 59
71 60
71 61
71 67
71 82
71 87
71 88
71 89
71 92
71 93
71 94
71 95
71 96
71 98
71 99
71 100
71 105
71 107
71 108
71 109
71 111
71 114
71 115
71 117
71 118
71 119
72 0
72 4
72 6
72 8
72 9
72 10
72 12
72 17
72 19
72 26
72 29
72 37
72 48
72 50
72 54
72 60
72 61
72 63
72 64
72 65
72 67
72 68
72 70
72 73
72 77
72 82
72 83
72 84
72 85
72 90
72 91
72 93
72 96
72 99
72 102
72 103
72 104
72 106
72 113
72 116
73 0
73 4
73 6
73 8
73 9
73 10
73 12
73 17
73 19
73 22
73 26
73 29
73 37
73 44
73 48
73 50
73 51
73 54
73 60
73 61
73 63
73 64
73 65
73 67
73 68
73 70
73 72
73 77
73 82
73 83
73 84
73 85
73 90
73 91
73 93
73 96
73 99
73 102
73 103
73 104
73 106
73 113
73 116
74 1
74 3
74 11
74 14
74 32
74 35
74 38
74 39
74 40
74 41
74 53
74 76
74 79
74 89
74 97
74 101
74 105
74 111
74 112
75 0
75 5
75 6
75 7
75 10
75 13
75 14
75 19
75 20
75 22
75 23
75 24
75 25
75 26
75 28
75 30
75 32
75 36
75 38
75 39
75 41
75 42
75 44
75 45
75 46
75 47
75 52
75 54
75 55
75 58
75 60
75 61
75 62
75 63
75 65
75 68
75 69
75 76
75 77
75 79
75 80
75 81
75 86
75 90
75 99
75 104
75 112
75 118
76 0
76 1
76 3
76 7
76 11
76 13
76 14
76 18
76 22
76 25
76 28
76 30
76 32
76 35
76 36
76 38
76 39
76 40
76 41
76 42
76 44
76 47
76 53
76 55
76 58
76 60
76 61
76 62
76 74
76 75
76 79
76 89
76 95
76 97
76 98
76 101
76 105
76 111
76 112
76 117
76 118
77 0
77 5
77 6
77 7
77 9
77 10
77 17
77 19
77 20
77 21
77 22
77 23
77 24
77 25
77 26
77 36
77 42
77 44
77 45
77 46
77 47
77 52
77 55
77 60
77 61
77 62
77 63
77 64
77 65
77 68
77 69
77 72
77 73
77 75
77 80
77 81
77 84
77 85
77 86
77 90
77 102
77 103
77 104
77 113
78 2
78 15
78 27
78 31
78 33
78 34
78 43
78 49
78 51
78 56
78 59
78 66
78 82
78 87
78 88
78 92
78 94
78 100
78 107
78 109
78 110
78 114
78 115
78 119
79 0
79 1
79 3
79 6
79 7
79 11
79 13
79 14
79 18
79 22
79 23
79 25
79 28
79 30
79 32
79 35
79 36
79 38
79 39
79 40
79 41
79 42
79 44
79 47
79 53
79 55
79 58
79 60
79 61
79 62
79 74
79 75
79 76
79 81
79 86
79 89
79 90
79 97
79 98
79 101
79 105
79 111
79 112
79 117
79 118
80 5
80 7
80 10
80 20
80 21
80 23
80 24
80 25
80 39
80 42
80 45
80 46
80 47
80 52
80 62
80 69
80 75
80 77
80 81
80 86
80 90
81 5
81 6
81 7
81 10
81 14
81 20
81 21
81 22
81 23
81 24
81 25
81 28
81 36
81 39
81 42
81 44
81 45
81 46
81 47
81 52
81 55
81 60
81 62
81 63
81 65
81 68
81 69
81 75
81 77
81 79
81 80
81 86
81 90
81 104
82 0
82 2
82 4
82 6
82 8
82 12
82 13
82 15
82 18
82 19
82 22
82 27
82 28
82 29
82 30
82 31
82 33
82 34
82 37
82 43
82 44
82 48
82 49
82 51
82 54
82 55
82 56
82 57
82 58
82 59
82 60
82 61
82 63
82 66
82 67
82 70
82 71
82 72
82 73
82 78
82 85
82 87
82 88
82 92
82 93
82 94
82 95
82 96
82 98
82 99
82 100
82 107
82 108
82 109
82 113
82 115
82 116
82 117
82 118
82 119
83 8
83 9
83 17
83 26
83 50
83 63
83 64
83 65
83 68
83 70
83 72
83 73
83 84
83 85
83 91
83 102
83 103
83 104
83 106
83 113
83 116
84 6
84 8
84 9
84 10
84 17
84 19
84 26
84 45
84 48
84 63
84 64
84 65
84 68
84 69
84 70
84 72
84 73
84 77
84 83
84 85
84 86
84 90
84 91
84 99
84 102
84 103
84 104
84 106
84 113
85 0
85 4
85 6
85 8
85 9
85 10
85 12
85 17
85 19
85 22
85 26
85 28
85 29
85 37
85 44
85 48
85 50
85 51
85 54
85 55
85 60
85 61
85 63
85 64
85 65
85 67
85 68
85 70
85 72
85 73
85 77
85 82
85 83
85 84
85 90
85 91
85 93
85 96
85 99
85 102
85 103
85 104
85 106
85 113
85 116
86 0
86 5
86 6
86 7
86 10
86 14
86 19
86 20
86 21
86 22
86 23
86 24
86 25
86 26
86 28
86 30
86 36
86 39
86 42
86 44
86 45
86 46
86 47
86 52
86 55
86 60
86 61
86 62
86 63
86 65
86 68
86 69
86 75
86 77
86 79
86 80
86 81
86 84
86 90
86 99
86 104
86 118
87 2
87 4
87 12
87 15
87 16
87 18
87 27
87 29
87 31
87 33
87 34
87 37
87 43
87 48
87 49
87 51
87 54
87 56
87 57
87 59
87 66
87 67
87 71
87 78
87 82
87 88
87 92
87 93
87 94
87 95
87 96
87 100
87 107
87 108
87 109
87 110
87 114
87 115
87 119
88 2
88 4
88 12
88 15
88 16
88 18
88 27
88 29
88 31
88 33
88 34
88 37
88 43
88 49
88 51
88 56
88 57
88 59
88 66
88 67
88 71
88 78
88 82
88 87
88 92
88 94
88 95
88 100
88 107
88 108
88 109
88 110
88 114
88 115
88 117
88 119
89 1
89 3
89 11
89 13
89 14
89 16
89 18
89 22
89 28
89 30
89 32
89 35
89 38
89 40
89 41
89 53
89 55
89 58
89 71
89 74
89 76
89 79
89 95
89 97
89 98
89 101
89 105
89 107
89 108
89 111
89 112
89 117
89 118
90 0
90 5
90 6
90 7
90 10
90 14
90 19
90 20
90 21
90 22
90 23
90 24
90 25
90 26
90 28
90 30
90 36
90 39
90 42
90 44
90 45
90 46
90 47
90 52
90 55
90 60
90 61
90 62
90 63
90 65
90 68
90 69
90 72
90 73
90 75
90 77
90 79
90 80
90 81
90 84
90 85
90 86
90 99
90 102
90 104
90 113
90 118
91 4
91 6
91 8
91 9
91 17
91 19
91 26
91 37
91 48
91 50
91 63
91 64
91 65
91 67
91 68
91 70
91 72
91 73
91 83
91 84
91 85
91 93
91 96
91 99
91 102
91 103
91 104
91 106
91 113
91 116
92 2
92 12
92 15
92 16
92 18
92 27
92 29
92 31
92 33
92 34
92 35
92 49
92 51
92 56
92 57
92 58
92 59
92 66
92 71
92 78
92 82
92 87
92 88
92 94
92 95
92 98
92 100
92 107
92 108
92 109
92 110
92 114
92 115
92 117
92 119
93 0
93 4
93 6
93 8
93 12
93 15
93 18
93 19
93 22
93 26
93 27
93 28
93 29
93 30
93 31
93 33
93 34
93 37
93 43
93 44
93 48
93 49
93 50
93 51
93 54
93 55
93 56
93 57
93 58
93 59
93 60
93 61
93 63
93 64
93 66
93 67
93 68
93 70
93 71
93 72
93 73
93 82
93 85
93 87
93 91
93 95
93 96
93 99
93 102
93 104
93 113
93 115
93 116
93 118
94 2
94 12
94 13
94 15
94 16
94 18
94 27
94 29
94 33
94 34
94 35
94 41
94 49
94 51
94 53
94 56
94 57
94 58
94 59
94 71
94 78
94 82
94 87
94 88
94 92
94 95
94 98
94 100
94 105
94 107
94 108
94 109
94 110
94 114
94 115
94 117
94 119
95 0
95 2
95 4
95 6
95 11
95 12
95 13
95 14
95 15
95 16
95 18
95 19
95 22
95 28
95 29
95 30
95 32
95 33
95 34
95 35
95 37
95 41
95 44
95 48
95 49
95 51
95 53
95 54
95 55
95 56
95 57
95 58
95 60
95 61
95 67
95 71
95 76
95 82
95 87
95 88
95 89
95 92
95 93
95 94
95 96
95 98
95 99
95 100
95 105
95 107
95 108
95 109
95 111
95 114
95 115
95 117
95 118
96 0
96 4
96 6
96 8
96 12
96 15
96 18
96 19
96 22
96 26
96 27
96 28
96 29
96 31
96 33
96 34
96 37
96 43
96 44
96 48
96 49
96 50
96 51
96 54
96 56
96 57
96 59
96 61
96 63
96 64
96 66
96 67
96 70
96 71
96 72
96 73
96 82
96 85
96 87
96 91
96 93
96 95
96 99
96 102
96 113
96 115
96 116
96 119
97 1
97 3
97 11
97 13
97 14
97 30
97 32
97 35
97 38
97 39
97 40
97 41
97 42
97 47
97 62
97 74
97 76
97 79
97 89
97 101
97 105
97 111
97 112
97 118
98 0
98 1
98 2
98 3
98 11
98 13
98 14
98 16
98 18
98 22
98 28
98 29
98 30
98 32
98 35
98 38
98 40
98 41
98 44
98 53
98 54
98 55
98 56
98 57
98 58
98 60
98 61
98 71
98 76
98 79
98 82
98 89
98 92
98 94
98 95
98 99
98 101
98 105
98 107
98 108
98 111
98 112
98 114
98 115
98 117
98 118
99 0
99 4
99 6
99 8
99 10
99 12
99 13
99 15
99 18
99 19
99 22
99 25
99 26
99 28
99 29
99 30
99 33
99 34
99 35
99 36
99 37
99 41
99 43
99 44
99 48
99 51
99 54
99 55
99 56
99 57
99 58
99 60
99 61
99 62
99 63
99 67
99 68
99 70
99 71
99 72
99 73
99 75
99 82
99 84
99 85
99 86
99 90
99 91
99 93
99 95
99 96
99 98
99 102
99 104
99 113
99 115
99 116
99 117
99 118
100 2
100 4
100 12
100 15
100 16
100 18
100 27
100 29
100 31
100 33
100 34
100 37
100 43
100 49
100 51
100 56
100 57
100 59
100 66
100 67
100 71
100 78
100 82
100 87
100 88
100 92
100 94
100 95
100 107
100 108
100 109
100 110
100 114
100 115
100 117
100 119
101 1
101 3
101 11
101 13
101 14
101 22
101 28
101 30
101 32
101 35
101 36
101 38
101 39
101 40
101 41
101 42
101 44
101 47
101 53
101 55
101 58
101 60
101 62
101 74
101 76
101 79
101 89
101 97
101 98
101 105
101 111
101 112
101 117
101 118
102 0
102 4
102 6
102 8
102 9
102 10
102 12
102 17
102 19
102 26
102 37
102 48
102 50
102 54
102 61
102 63
102 64
102 65
102 67
102 68
102 70
102 72
102 73
102 77
102 83
102 84
102 85
102 90
102 91
102 93
102 96
102 99
102 103
102 104
102 106
102 113
102 116
103 8
103 9
103 10
103 17
103 19
103 26
103 50
103 63
103 64
103 65
103 68
103 70
103 72
103 73
103 77
103 83
103 84
103 85
103 91
103 102
103 104
103 106
103 113
104 0
104 6
104 7
104 9
104 10
104 17
104 19
104 20
104 22
104 23
104 25
104 26
104 28
104 36
104 44
104 45
104 46
104 48
104 54
104 55
104 60
104 61
104 62
104 63
104 64
104 65
104 68
104 69
104 70
104 72
104 73
104 75
104 77
104 81
104 83
104 84
104 85
104 86
104 90
104 91
104 93
104 99
104 102
104 103
104 113
105 1
105 3
105 11
105 13
105 14
105 16
105 18
105 30
105 32
105 35
105 38
105 40
105 41
105 53
105 58
105 71
105 74
105 76
105 79
105 89
105 94
105 95
105 97
105 98
105 101
105 107
105 108
105 111
105 112
105 117
105 118
106 8
106 9
106 17
106 26
106 50
106 64
106 70
106 72
106 73
106 83
106 84
106 85
106 91
106 102
106 103
106 113
106 116
107 2
107 11
107 12
107 13
107 15
107 16
107 18
107 29
107 30
107 33
107 34
107 35
107 41
107 49
107 51
107 53
107 54
107 56
107 57
107 58
107 71
107 78
107 82
107 87
107 88
107 89
107 92
107 94
107 95
107 98
107 100
107 105
107 108
107 109
107 110
107 114
107 115
107 117
107 118
107 119
108 1
108 2
108 11
108 13
108 15
108 16
108 18
108 29
108 30
108 32
108 33
108 35
108 41
108 49
108 53
108 56
108 57
108 58
108 71
108 82
108 87
108 88
108 89
108 92
108 94
108 95
108 98
108 100
108 105
108 107
108 109
108 110
108 111
108 114
108 115
108 117
108 118
109 2
109 4
109 12
109 15
109 27
109 29
109 31
109 33
109 34
109 37
109 43
109 49
109 51
109 56
109 57
109 59
109 66
109 67
109 71
109 78
109 82
109 87
109 88
109 92
109 94
109 95
109 100
109 107
109 108
109 110
109 114
109 115
109 119
110 2
110 15
110 27
110 31
110 33
110 34
110 43
110 49
110 56
110 59
110 66
110 78
110 87
110 88
110 92
110 94
110 100
110 107
110 108
110 109
110 114
110 115
110 119
111 1
111 3
111 11
111 13
111 14
111 16
111 18
111 22
111 28
111 30
111 32
111 35
111 38
111 39
111 40
111 41
111 44
111 53
111 55
111 58
111 71
111 74
111 76
111 79
111 89
111 95
111 97
111 98
111 101
111 105
111 108
111 112
111 117
111 118
112 1
112 3
112 7
112 11
112 13
112 14
112 22
112 28
112 30
112 32
112 35
112 36
112 38
112 39
112 40
112 41
112 42
112 44
112 47
112 53
112 55
112 58
112 60
112 62
112 74
112 75
112 76
112 79
112 89
112 97
112 98
112 101
112 105
112 111
112 118
113 0
113 4
113 6
113 8
113 9
113 10
113 12
113 17
113 19
113 22
113 26
113 29
113 37
113 44
113 48
113 50
113 54
113 60
113 61
113 63
113 64
113 65
113 67
113 68
113 70
113 72
113 73
113 77
113 82
113 83
113 84
113 85
113 90
113 91
113 93
113 96
113 99
113 102
113 103
113 104
113 106
113 116
114 2
114 15
114 16
114 18
114 27
114 31
114 33
114 34
114 49
114 51
114 56
114 57
114 59
114 71
114 78
114 87
114 88
114 92
114 94
114 95
114 98
114 100
114 107
114 108
114 109
114 110
114 115
114 117
114 119
115 0
115 2
115 4
115 12
115 13
115 15
115 16
115 18
115 27
115 28
115 29
115 30
115 31
115 33
115 34
115 35
115 37
115 41
115 43
115 49
115 51
115 53
115 54
115 56
115 57
115 58
115 59
115 61
115 66
115 67
115 71
115 78
115 82
115 87
115 88
115 92
115 93
115 94
115 95
115 96
115 98
115 99
115 100
115 107
115 108
115 109
115 110
115 114
115 117
115 118
115 119
116 0
116 4
116 6
116 8
116 9
116 12
116 15
116 19
116 26
116 27
116 29
116 31
116 33
116 34
116 37
116 43
116 48
116 49
116 50
116 51
116 54
116 57
116 59
116 61
116 63
116 64
116 66
116 67
116 70
116 72
116 73
116 82
116 83
116 85
116 91
116 93
116 96
116 99
116 102
116 106
116 113
117 0
117 1
117 2
117 3
117 11
117 12
117 13
117 14
117 15
117 16
117 18
117 22
117 28
117 29
117 30
117 32
117 33
117 35
117 40
117 41
117 44
117 53
117 54
117 55
117 56
117 57
117 58
117 61
117 71
117 76
117 79
117 82
117 88
117 89
117 92
117 94
117 95
117 98
117 99
117 100
117 101
117 105
117 107
117 108
117 111
117 114
117 115
117 118
118 0
118 1
118 3
118 4
118 6
118 7
118 11
118 12
118 13
118 14
118 16
118 18
118 19
118 22
118 25
118 28
118 29
118 30
118 32
118 35
118 36
118 38
118 39
118 40
118 41
118 42
118 44
118 47
118 48
118 53
118 54
118 55
118 56
118 57
118 58
118 60
118 61
118 62
118 63
118 67
118 68
118 71
118 75
118 76
118 79
118 82
118 86
118 89
118 90
118 93
118 95
118 97
118 98
118 99
118 101
118 105
118 107
118 108
118 111
118 112
118 115
118 117
119 2
119 4
119 12
119 15
119 27
119 29
119 31
119 33
119 34
119 37
119 43
119 49
119 51
119 56
119 57
119 59
119 66
119 67
119 71
119 78
119 82
119 87
119 88
119 92
119 94
119 96
119 100
119 107
119 109
119 110
119 114
119 115
