4
2 1
130
0 50.000000 50.000000 15 99999999 3
1 81.213932 77.299018 15 112 3
2 61.834267 43.952043 15 125 1
3 80.016037 40.606800 15 126 2
4 17.471464 77.603225 15 119 4
5 59.504428 44.337501 15 120 2
6 94.422748 9.440913 15 127 3
7 84.961300 39.519675 15 112 1
8 10.352792 89.985834 15 106 1
9 37.851250 41.532383 15 119 5
10 97.144249 76.190374 15 117 4
11 88.744428 11.210239 15 122 3
12 26.777600 4.171755 15 106 5
13 94.111618 94.130746 15 139 3
14 25.202928 37.473075 15 101 3
15 50.141378 40.742580 15 143 1
16 18.415177 10.458468 15 119 3
17 23.498317 87.970550 15 129 2
18 18.247444 43.387585 15 104 4
19 72.365035 7.513057 15 143 3
20 67.141342 98.687368 15 109 4
21 15.825624 94.744220 15 121 1
22 34.447190 38.317329 15 110 3
23 83.267396 16.350667 15 100 4
24 89.059737 5.498982 15 129 5
25 17.142321 67.734816 15 108 4
26 65.321028 6.236309 15 132 1
27 54.233220 94.727528 15 106 3
28 12.142342 73.772567 15 134 5
29 40.655284 52.161601 15 101 1
30 71.216221 36.053254 15 144 4
31 89.193001 48.733138 15 129 5
32 17.138331 19.411166 15 123 5
33 30.485693 2.556133 15 109 1
34 80.218793 91.903407 15 107 3
35 69.825255 62.214742 15 122 1
36 63.408606 25.617149 15 119 2
37 23.518472 23.249153 15 118 1
38 94.346559 81.884828 15 110 2
39 67.830861 72.034665 15 112 2
40 66.446360 23.327439 15 105 2
41 74.764410 71.937109 15 147 1
42 17.829222 84.802573 15 124 4
43 62.646644 72.172227 15 112 1
44 44.982423 60.048695 15 121 5
45 68.831782 8.115260 15 122 1
46 88.300778 27.545718 15 107 4
47 78.709903 93.294863 15 139 1
48 77.411515 43.615031 15 139 2
49 27.709131 45.249350 15 141 5
50 15.030833 95.521255 15 149 3
51 0.963527 40.995729 15 147 2
52 56.762265 64.729718 15 134 3
53 41.557830 28.218815 15 137 2
54 19.784043 22.124295 15 122 1
55 47.028833 48.510078 15 121 4
56 54.077438 12.681103 15 118 5
57 34.117507 0.550232 15 148 3
58 53.158966 94.900555 15 120 4
59 35.116470 93.407211 15 109 3
60 40.407706 36.448091 15 129 2
61 60.702391 5.366905 15 143 4
62 26.462338 74.941242 15 124 2
63 58.730140 96.006765 15 138 5
64 67.981166 38.349558 15 101 2
65 94.772238 11.469935 15 144 2
66 74.747166 42.644560 15 113 5
67 78.279301 93.743598 15 138 3
68 26.026886 70.924130 15 114 1
69 62.888449 25.869795 15 107 4
70 94.035356 92.089742 15 124 2
71 22.928764 14.333184 15 127 3
72 56.742774 0.714966 15 106 2
73 14.123939 4.241274 15 127 4
74 66.070822 50.088859 15 106 4
75 62.786500 53.165721 15 124 5
76 7.019307 35.579258 15 132 3
77 94.422094 48.697065 15 129 1
78 36.494343 7.470300 15 147 4
79 6.951372 35.207125 15 117 1
80 8.838306 28.829255 15 128 4
81 24.815824 32.716887 15 113 1
82 43.716381 88.911098 15 145 5
83 82.137961 82.945772 15 142 3
84 2.584705 65.452843 15 123 3
85 49.962323 67.965423 15 118 2
86 55.093594 84.530926 15 131 2
87 10.364476 64.046176 15 116 5
88 96.643319 4.402157 15 102 1
89 11.998709 29.402044 15 140 1
90 89.175888 97.923927 15 102 5
91 70.334893 30.571720 15 124 1
92 47.644590 78.461681 15 136 5
93 13.924611 9.149909 15 112 3
94 25.673199 24.015781 15 146 5
95 3.495778 99.772001 15 104 5
96 2.180859 66.958889 15 106 3
97 26.249435 16.146424 15 109 1
98 25.036223 46.744661 15 129 2
99 66.970245 99.314451 15 112 3
100 93.957397 62.723139 15 146 3
101 67.203996 16.140558 15 107 3
102 91.801979 70.281700 15 117 4
103 88.264758 52.491449 15 139 1
104 83.392733 70.445005 15 120 1
105 66.392239 59.527409 15 119 3
106 42.078709 26.424457 15 101 2
107 87.151988 45.479949 15 102 2
108 58.081636 10.195191 15 141 4
109 68.527877 31.458763 15 146 3
110 7.146341 72.382934 15 109 5
111 46.653100 81.204165 15 117 1
112 59.983689 49.226326 15 108 1
113 13.449903 46.680628 15 104 2
114 80.487513 7.503798 15 106 1
115 73.823264 80.084991 15 106 1
116 51.232960 68.064050 15 127 5
117 76.341874 1.635427 15 112 3
118 19.898581 11.188027 15 114 1
119 47.043692 23.811558 15 136 3
120 69.547799 30.693746 15 122 4
121 38.966495 95.840609 15 135 3
122 15.889604 70.656112 15 116 2
123 34.459184 8.663771 15 146 5
124 64.580481 80.215354 15 143 5
125 37.510324 7.750693 15 120 3
126 81.383791 23.949728 15 103 1
127 38.580076 21.748333 15 106 3
128 51.368982 60.577073 15 130 3
129 4.588297 94.714996 15 106 5
3504
0 2
0 5
0 9
0 14
0 15
0 22
0 29
0 30
0 35
0 36
0 39
0 43
0 44
0 48
0 49
0 52
0 53
0 55
0 60
0 64
0 66
0 69
0 74
0 75
0 85
0 91
0 92
0 98
0 105
0 106
0 109
0 112
0 116
0 119
0 120
0 128
1 10
1 13
1 20
1 31
1 34
1 35
1 38
1 39
1 41
1 43
1 47
1 52
1 63
1 67
1 70
1 83
1 86
1 90
1 99
1 100
1 102
1 103
1 104
1 105
1 115
1 124
2 0
2 3
2 5
2 7
2 9
2 15
2 22
2 29
2 30
2 31
2 35
2 36
2 39
2 40
2 43
2 44
2 48
2 52
2 53
2 55
2 60
2 64
2 66
2 69
2 74
2 75
2 85
2 91
2 101
2 103
2 105
2 106
2 107
2 109
2 112
2 116
2 119
2 120
2 126
2 128
3 2
3 5
3 7
3 15
3 23
3 30
3 31
3 35
3 36
3 40
3 46
3 48
3 64
3 66
3 69
3 74
3 75
3 77
3 91
3 100
3 101
3 103
3 105
3 107
3 109
3 112
3 120
3 126
4 8
4 17
4 21
4 25
4 28
4 42
4 50
4 59
4 62
4 68
4 82
4 84
4 87
4 95
4 96
4 110
4 111
4 121
4 122
4 129
5 0
5 2
5 3
5 7
5 9
5 15
5 22
5 29
5 30
5 35
5 36
5 39
5 40
5 43
5 44
5 48
5 52
5 53
5 55
5 60
5 64
5 66
5 69
5 74
5 75
5 85
5 91
5 101
5 103
5 105
5 106
5 107
5 109
5 112
5 116
5 119
5 120
5 126
5 128
6 11
6 19
6 23
6 24
6 26
6 45
6 46
6 65
6 88
6 101
6 114
6 117
6 126
7 2
7 3
7 5
7 11
7 23
7 30
7 31
7 35
7 36
7 40
7 46
7 48
7 64
7 65
7 66
7 69
7 74
7 75
7 77
7 91
7 100
7 101
7 103
7 105
7 107
7 109
7 112
7 120
7 126
8 4
8 17
8 21
8 25
8 28
8 42
8 50
8 59
8 62
8 68
8 84
8 87
8 95
8 96
8 110
8 121
8 122
8 129
9 0
9 2
9 5
9 14
9 15
9 18
9 22
9 29
9 37
9 44
9 49
9 52
9 53
9 54
9 55
9 60
9 69
9 74
9 75
9 81
9 85
9 89
9 94
9 97
9 98
9 106
9 112
9 113
9 116
9 119
9 127
9 128
10 1
10 13
10 31
10 34
10 38
10 39
10 41
10 47
10 67
10 70
10 77
10 83
10 90
10 100
10 102
10 103
10 104
10 115
11 6
11 7
11 19
11 23
11 24
11 26
11 36
11 40
11 45
11 46
11 61
11 65
11 69
11 88
11 91
11 101
11 109
11 114
11 117
11 120
11 126
12 16
12 32
12 33
12 37
12 53
12 54
12 56
12 57
12 71
12 73
12 78
12 81
12 89
12 93
12 94
12 97
12 106
12 118
12 119
12 123
12 125
12 127
13 1
13 10
13 20
13 34
13 38
13 41
13 47
13 67
13 70
13 83
13 90
13 99
13 102
13 104
13 115
14 0
14 9
14 15
14 16
14 18
14 22
14 29
14 32
14 37
14 49
14 51
14 53
14 54
14 55
14 60
14 71
14 76
14 79
14 80
14 81
14 89
14 94
14 97
14 98
14 106
14 113
14 118
14 119
14 127
15 0
15 2
15 3
15 5
15 9
15 14
15 22
15 29
15 30
15 35
15 36
15 40
15 44
15 48
15 49
15 52
15 53
15 55
15 56
15 60
15 64
15 66
15 69
15 74
15 75
15 81
15 85
15 91
15 94
15 98
15 101
15 105
15 106
15 109
15 112
15 116
15 119
15 120
15 127
15 128
16 12
16 14
16 32
16 33
16 37
16 53
16 54
16 57
16 71
16 73
16 76
16 78
16 79
16 80
16 81
16 89
16 93
16 94
16 97
16 106
16 118
16 123
16 125
16 127
17 4
17 8
17 21
17 25
17 28
17 42
17 50
17 59
17 62
17 68
17 82
17 87
17 92
17 95
17 96
17 110
17 111
17 121
17 122
17 129
18 9
18 14
18 22
18 25
18 29
18 32
18 37
18 49
18 51
18 53
18 54
18 55
18 60
18 68
18 71
18 76
18 79
18 80
18 81
18 84
18 87
18 89
18 94
18 96
18 97
18 98
18 106
18 113
18 122
18 127
19 6
19 11
19 23
19 24
19 26
19 30
19 36
19 40
19 45
19 46
19 56
19 61
19 65
19 69
19 72
19 88
19 91
19 101
19 108
19 109
19 114
19 117
19 120
19 126
20 1
20 13
20 27
20 34
20 39
20 41
20 43
20 47
20 58
20 63
20 67
20 70
20 82
20 83
20 86
20 90
20 92
20 99
20 111
20 115
20 121
20 124
21 4
21 8
21 17
21 25
21 28
21 42
21 50
21 59
21 62
21 68
21 82
21 95
21 110
21 121
21 122
21 129
22 0
22 2
22 5
22 9
22 14
22 15
22 18
22 29
22 32
22 37
22 44
22 49
22 53
22 54
22 55
22 60
22 71
22 76
22 79
22 80
22 81
22 89
22 94
22 97
22 98
22 106
22 112
22 113
22 119
22 123
22 127
22 128
23 3
23 6
23 7
23 11
23 19
23 24
23 26
23 30
23 36
23 40
23 45
23 46
23 48
23 56
23 61
23 64
23 65
23 66
23 69
23 88
23 91
23 101
23 107
23 108
23 109
23 114
23 117
23 120
23 126
24 6
24 11
24 19
24 23
24 26
24 40
24 45
24 46
24 61
24 65
24 88
24 101
24 114
24 117
24 126
25 4
25 8
25 17
25 18
25 21
25 28
25 29
25 42
25 44
25 49
25 50
25 62
25 68
25 84
25 87
25 96
25 98
25 110
25 113
25 122
25 129
26 6
26 11
26 19
26 23
26 24
26 36
26 40
26 45
26 56
26 61
26 65
26 69
26 72
26 78
26 91
26 101
26 108
26 109
26 114
26 117
26 119
26 120
26 125
26 126
27 20
27 34
27 39
27 43
27 47
27 58
27 59
27 63
27 67
27 82
27 85
27 86
27 92
27 99
27 111
27 115
27 116
27 121
27 124
28 4
28 8
28 17
28 21
28 25
28 42
28 50
28 62
28 68
28 84
28 87
28 95
28 96
28 98
28 110
28 113
28 122
28 129
29 0
29 2
29 5
29 9
29 14
29 15
29 18
29 22
29 25
29 43
29 44
29 49
29 52
29 53
29 55
29 60
29 62
29 68
29 74
29 75
29 81
29 85
29 92
29 98
29 105
29 106
29 111
29 112
29 113
29 116
29 119
29 128
30 0
30 2
30 3
30 5
30 7
30 15
30 19
30 23
30 31
30 35
30 36
30 40
30 45
30 46
30 48
30 55
30 56
30 64
30 66
30 69
30 74
30 75
30 77
30 91
30 101
30 103
30 105
30 107
30 108
30 109
30 112
30 119
30 120
30 126
31 1
31 2
31 3
31 7
31 10
31 30
31 35
31 41
31 46
31 48
31 64
31 66
31 74
31 75
31 77
31 91
31 100
31 102
31 103
31 104
31 105
31 107
31 109
31 112
31 120
31 126
32 12
32 14
32 16
32 18
32 22
32 33
32 37
32 49
32 51
32 53
32 54
32 57
32 60
32 71
32 73
32 76
32 78
32 79
32 80
32 81
32 89
32 93
32 94
32 97
32 98
32 106
32 113
32 118
32 123
32 125
32 127
33 12
33 16
33 32
33 37
33 53
33 54
33 56
33 57
33 71
33 72
33 73
33 78
33 93
33 94
33 97
33 106
33 108
33 118
33 119
33 123
33 125
33 127
34 1
34 10
34 13
34 20
34 27
34 38
34 39
34 41
34 43
34 47
34 58
34 63
34 67
34 70
34 83
34 86
34 90
34 99
34 102
34 104
34 115
34 124
35 0
35 1
35 2
35 3
35 5
35 7
35 15
35 30
35 31
35 39
35 41
35 43
35 44
35 48
35 52
35 55
35 64
35 66
35 74
35 75
35 77
35 83
35 85
35 86
35 92
35 100
35 102
35 103
35 104
35 105
35 107
35 111
35 112
35 115
35 116
35 124
35 128
36 0
36 2
36 3
36 5
36 7
36 11
36 15
36 19
36 23
36 26
36 30
36 40
36 45
36 46
36 48
36 53
36 55
36 56
36 60
36 61
36 64
36 66
36 69
36 72
36 74
36 75
36 91
36 101
36 106
36 108
36 109
36 112
36 114
36 117
36 119
36 120
36 126
36 127
37 9
37 12
37 14
37 16
37 18
37 22
37 32
37 33
37 49
37 51
37 53
37 54
37 57
37 60
37 71
37 73
37 76
37 78
37 79
37 80
37 81
37 89
37 93
37 94
37 97
37 98
37 106
37 113
37 118
37 119
37 123
37 125
37 127
38 1
38 10
38 13
38 34
38 39
38 41
38 47
38 67
38 70
38 83
38 90
38 100
38 102
38 104
38 115
38 124
39 0
39 1
39 2
39 5
39 10
39 20
39 27
39 34
39 35
39 38
39 41
39 43
39 44
39 47
39 48
39 52
39 58
39 63
39 67
39 74
39 75
39 82
39 83
39 85
39 86
39 92
39 99
39 100
39 102
39 103
39 104
39 105
39 111
39 112
39 115
39 116
39 124
39 128
40 2
40 3
40 5
40 7
40 11
40 15
40 19
40 23
40 24
40 26
40 30
40 36
40 45
40 46
40 48
40 53
40 56
40 60
40 61
40 64
40 66
40 69
40 72
40 74
40 91
40 101
40 106
40 108
40 109
40 112
40 114
40 117
40 119
40 120
40 126
40 127
41 1
41 10
41 13
41 20
41 31
41 34
41 35
41 38
41 39
41 43
41 47
41 48
41 52
41 63
41 66
41 67
41 70
41 74
41 75
41 83
41 85
41 86
41 90
41 92
41 99
41 100
41 102
41 103
41 104
41 105
41 107
41 111
41 112
41 115
41 116
41 124
41 128
42 4
42 8
42 17
42 21
42 25
42 28
42 50
42 59
42 62
42 68
42 82
42 84
42 87
42 95
42 96
42 110
42 111
42 121
42 122
42 129
43 0
43 1
43 2
43 5
43 20
43 27
43 29
43 34
43 35
43 39
43 41
43 44
43 47
43 52
43 55
43 58
43 63
43 67
43 74
43 75
43 82
43 83
43 85
43 86
43 92
43 99
43 102
43 104
43 105
43 111
43 112
43 115
43 116
43 124
43 128
44 0
44 2
44 5
44 9
44 15
44 22
44 25
44 29
44 35
44 39
44 43
44 49
44 52
44 55
44 60
44 62
44 68
44 74
44 75
44 82
44 85
44 86
44 92
44 98
44 105
44 111
44 112
44 116
44 124
44 128
45 6
45 11
45 19
45 23
45 24
45 26
45 30
45 36
45 40
45 46
45 56
45 61
45 65
45 69
45 72
45 88
45 91
45 101
45 108
45 109
45 114
45 117
45 119
45 120
45 126
46 3
46 6
46 7
46 11
46 19
46 23
46 24
46 30
46 31
46 36
46 40
46 45
46 48
46 64
46 65
46 66
46 69
46 77
46 88
46 91
46 101
46 103
46 107
46 109
46 114
46 117
46 120
46 126
47 1
47 10
47 13
47 20
47 27
47 34
47 38
47 39
47 41
47 43
47 58
47 63
47 67
47 70
47 83
47 86
47 90
47 99
47 102
47 104
47 115
47 124
48 0
48 2
48 3
48 5
48 7
48 15
48 23
48 30
48 31
48 35
48 36
48 39
48 40
48 41
48 46
48 52
48 64
48 66
48 69
48 74
48 75
48 77
48 91
48 100
48 101
48 103
48 104
48 105
48 107
48 109
48 112
48 120
48 126
49 0
49 9
49 14
49 15
49 18
49 22
49 25
49 29
49 32
49 37
49 44
49 51
49 53
49 54
49 55
49 60
49 62
49 68
49 76
49 79
49 80
49 81
49 87
49 89
49 94
49 97
49 98
49 106
49 113
49 119
49 122
49 127
49 128
50 4
50 8
50 17
50 21
50 25
50 28
50 42
50 59
50 62
50 68
50 82
50 95
50 110
50 121
50 122
50 129
51 14
51 18
51 32
51 37
51 49
51 54
51 76
51 79
51 80
51 81
51 84
51 87
51 89
51 94
51 96
51 98
51 113
52 0
52 1
52 2
52 5
52 9
52 15
52 29
52 35
52 39
52 41
52 43
52 44
52 48
52 55
52 64
52 66
52 74
52 75
52 82
52 85
52 86
52 92
52 104
52 105
52 111
52 112
52 115
52 116
52 124
52 128
53 0
53 2
53 5
53 9
53 12
53 14
53 15
53 16
53 18
53 22
53 29
53 32
53 33
53 36
53 37
53 40
53 49
53 54
53 55
53 56
53 57
53 60
53 61
53 64
53 69
53 71
53 78
53 81
53 89
53 91
53 94
53 97
53 98
53 101
53 106
53 108
53 109
53 112
53 118
53 119
53 120
53 123
53 125
53 127
54 9
54 12
54 14
54 16
54 18
54 22
54 32
54 33
54 37
54 49
54 51
54 53
54 57
54 60
54 71
54 73
54 76
54 78
54 79
54 80
54 81
54 89
54 93
54 94
54 97
54 98
54 106
54 113
54 118
54 119
54 123
54 125
54 127
55 0
55 2
55 5
55 9
55 14
55 15
55 18
55 22
55 29
55 30
55 35
55 36
55 43
55 44
55 49
55 52
55 53
55 60
55 64
55 66
55 69
55 74
55 75
55 81
55 85
55 91
55 92
55 98
55 105
55 106
55 109
55 112
55 116
55 119
55 120
55 127
55 128
56 12
56 15
56 19
56 23
56 26
56 30
56 33
56 36
56 40
56 45
56 53
56 57
56 60
56 61
56 64
56 69
56 72
56 78
56 91
56 97
56 101
56 106
56 108
56 109
56 114
56 117
56 119
56 120
56 123
56 125
56 126
56 127
57 12
57 16
57 32
57 33
57 37
57 53
57 54
57 56
57 61
57 71
57 72
57 73
57 78
57 93
57 94
57 97
57 106
57 108
57 118
57 119
57 123
57 125
57 127
58 20
58 27
58 34
58 39
58 43
58 47
58 59
58 63
58 67
58 82
58 85
58 86
58 92
58 99
58 111
58 115
58 116
58 121
58 124
59 4
59 8
59 17
59 21
59 27
59 42
59 50
59 58
59 62
59 63
59 68
59 82
59 85
59 86
59 92
59 111
59 121
59 122
60 0
60 2
60 5
60 9
60 14
60 15
60 18
60 22
60 29
60 32
60 36
60 37
60 40
60 44
60 49
60 53
60 54
60 55
60 56
60 64
60 69
60 71
60 74
60 75
60 78
60 81
60 89
60 94
60 97
60 98
60 106
60 109
60 112
60 113
60 119
60 120
60 123
60 125
60 127
60 128
61 11
61 19
61 23
61 24
61 26
61 36
61 40
61 45
61 53
61 56
61 57
61 69
61 72
61 78
61 91
61 101
61 106
61 108
61 109
61 114
61 117
61 119
61 120
61 123
61 125
61 126
61 127
62 4
62 8
62 17
62 21
62 25
62 28
62 29
62 42
62 44
62 49
62 50
62 59
62 68
62 82
62 84
62 85
62 87
62 92
62 96
62 98
62 110
62 111
62 116
62 121
62 122
62 128
62 129
63 1
63 20
63 27
63 34
63 39
63 41
63 43
63 47
63 58
63 59
63 67
63 82
63 83
63 85
63 86
63 92
63 99
63 111
63 115
63 116
63 121
63 124
64 0
64 2
64 3
64 5
64 7
64 15
64 23
64 30
64 31
64 35
64 36
64 40
64 46
64 48
64 52
64 53
64 55
64 56
64 60
64 66
64 69
64 74
64 75
64 77
64 91
64 101
64 103
64 105
64 106
64 107
64 108
64 109
64 112
64 119
64 120
64 126
64 128
65 6
65 7
65 11
65 19
65 23
65 24
65 26
65 45
65 46
65 88
65 101
65 114
65 117
65 126
66 0
66 2
66 3
66 5
66 7
66 15
66 23
66 30
66 31
66 35
66 36
66 40
66 41
66 46
66 48
66 52
66 55
66 64
66 69
66 74
66 75
66 77
66 91
66 100
66 101
66 103
66 104
66 105
66 107
66 109
66 112
66 120
66 126
66 128
67 1
67 10
67 13
67 20
67 27
67 34
67 38
67 39
67 41
67 43
67 47
67 58
67 63
67 70
67 83
67 86
67 90
67 99
67 102
67 104
67 115
67 124
68 4
68 8
68 17
68 18
68 21
68 25
68 28
68 29
68 42
68 44
68 49
68 50
68 59
68 62
68 82
68 84
68 85
68 87
68 92
68 96
68 98
68 110
68 111
68 113
68 116
68 121
68 122
68 128
69 0
69 2
69 3
69 5
69 7
69 9
69 11
69 15
69 19
69 23
69 26
69 30
69 36
69 40
69 45
69 46
69 48
69 53
69 55
69 56
69 60
69 61
69 64
69 66
69 72
69 74
69 75
69 91
69 101
69 106
69 108
69 109
69 112
69 114
69 117
69 119
69 120
69 126
69 127
70 1
70 10
70 13
70 20
70 34
70 38
70 41
70 47
70 67
70 83
70 90
70 99
70 100
70 102
70 104
70 115
71 12
71 14
71 16
71 18
71 22
71 32
71 33
71 37
71 53
71 54
71 57
71 60
71 73
71 76
71 78
71 79
71 80
71 81
71 89
71 93
71 94
71 97
71 106
71 118
71 119
71 123
71 125
71 127
72 19
72 26
72 33
72 36
72 40
72 45
72 56
72 57
72 61
72 69
72 78
72 101
72 106
72 108
72 114
72 117
72 119
72 123
72 125
72 127
73 12
73 16
73 32
73 33
73 37
73 54
73 57
73 71
73 78
73 80
73 89
73 93
73 94
73 97
73 118
73 123
73 125
74 0
74 2
74 3
74 5
74 7
74 9
74 15
74 29
74 30
74 31
74 35
74 36
74 39
74 40
74 41
74 43
74 44
74 48
74 52
74 55
74 60
74 64
74 66
74 69
74 75
74 77
74 85
74 91
74 103
74 104
74 105
74 107
74 109
74 112
74 116
74 120
74 128
75 0
75 2
75 3
75 5
75 7
75 9
75 15
75 29
75 30
75 31
75 35
75 36
75 39
75 41
75 43
75 44
75 48
75 52
75 55
75 60
75 64
75 66
75 69
75 74
75 85
75 91
75 92
75 103
75 104
75 105
75 107
75 109
75 112
75 115
75 116
75 120
75 124
75 128
76 14
76 16
76 18
76 22
76 32
76 37
76 49
76 51
76 54
76 71
76 79
76 80
76 81
76 87
76 89
76 93
76 94
76 97
76 98
76 113
76 118
77 3
77 7
77 10
77 30
77 31
77 35
77 46
77 48
77 64
77 66
77 74
77 100
77 102
77 103
77 104
77 107
77 126
78 12
78 16
78 26
78 32
78 33
78 37
78 53
78 54
78 56
78 57
78 60
78 61
78 71
78 72
78 73
78 81
78 93
78 94
78 97
78 106
78 108
78 118
78 119
78 123
78 125
78 127
79 14
79 16
79 18
79 22
79 32
79 37
79 49
79 51
79 54
79 71
79 76
79 80
79 81
79 87
79 89
79 93
79 94
79 97
79 98
79 113
79 118
80 14
80 16
80 18
80 22
80 32
80 37
80 49
80 51
80 54
80 71
80 73
80 76
80 79
80 81
80 89
80 93
80 94
80 97
80 98
80 113
80 118
81 9
81 12
81 14
81 15
81 16
81 18
81 22
81 29
81 32
81 37
81 49
81 51
81 53
81 54
81 55
81 60
81 71
81 76
81 78
81 79
81 80
81 89
81 93
81 94
81 97
81 98
81 106
81 113
81 118
81 119
81 123
81 125
81 127
82 4
82 17
82 20
82 21
82 27
82 39
82 42
82 43
82 44
82 50
82 52
82 58
82 59
82 62
82 63
82 68
82 85
82 86
82 92
82 99
82 111
82 116
82 121
82 124
82 128
83 1
83 10
83 13
83 20
83 34
83 35
83 38
83 39
83 41
83 43
83 47
83 63
83 67
83 70
83 86
83 90
83 99
83 100
83 102
83 104
83 105
83 115
83 124
84 4
84 8
84 18
84 25
84 28
84 42
84 51
84 62
84 68
84 87
84 96
84 98
84 110
84 113
84 122
84 129
85 0
85 2
85 5
85 9
85 15
85 27
85 29
85 35
85 39
85 41
85 43
85 44
85 52
85 55
85 58
85 59
85 62
85 63
85 68
85 74
85 75
85 82
85 86
85 92
85 105
85 111
85 112
85 115
85 116
85 121
85 124
85 128
86 1
86 20
86 27
86 34
86 35
86 39
86 41
86 43
86 44
86 47
86 52
86 58
86 59
86 63
86 67
86 82
86 83
86 85
86 92
86 99
86 105
86 111
86 115
86 116
86 121
86 124
86 128
87 4
87 8
87 17
87 18
87 25
87 28
87 42
87 49
87 51
87 62
87 68
87 76
87 79
87 84
87 96
87 98
87 110
87 113
87 122
88 6
88 11
88 19
88 23
88 24
88 45
88 46
88 65
88 114
88 117
88 126
89 9
89 12
89 14
89 16
89 18
89 22
89 32
89 37
89 49
89 51
89 53
89 54
89 60
89 71
89 73
89 76
89 79
89 80
89 81
89 93
89 94
89 97
89 98
89 113
89 118
89 127
90 1
90 10
90 13
90 20
90 34
90 38
90 41
90 47
90 67
90 70
90 83
90 99
90 102
90 104
90 115
91 0
91 2
91 3
91 5
91 7
91 11
91 15
91 19
91 23
91 26
91 30
91 31
91 36
91 40
91 45
91 46
91 48
91 53
91 55
91 56
91 61
91 64
91 66
91 69
91 74
91 75
91 101
91 103
91 105
91 106
91 107
91 108
91 109
91 112
91 114
91 117
91 119
91 120
91 126
92 0
92 17
92 20
92 27
92 29
92 35
92 39
92 41
92 43
92 44
92 52
92 55
92 58
92 59
92 62
92 63
92 68
92 75
92 82
92 85
92 86
92 99
92 105
92 111
92 115
92 116
92 121
92 124
92 128
93 12
93 16
93 32
93 33
93 37
93 54
93 57
93 71
93 73
93 76
93 78
93 79
93 80
93 81
93 89
93 94
93 97
93 118
93 123
93 125
93 127
94 9
94 12
94 14
94 15
94 16
94 18
94 22
94 32
94 33
94 37
94 49
94 51
94 53
94 54
94 57
94 60
94 71
94 73
94 76
94 78
94 79
94 80
94 81
94 89
94 93
94 97
94 98
94 106
94 113
94 118
94 119
94 123
94 125
94 127
95 4
95 8
95 17
95 21
95 28
95 42
95 50
95 110
95 129
96 4
96 8
96 17
96 18
96 25
96 28
96 42
96 51
96 62
96 68
96 84
96 87
96 110
96 113
96 122
96 129
97 9
97 12
97 14
97 16
97 18
97 22
97 32
97 33
97 37
97 49
97 53
97 54
97 56
97 57
97 60
97 71
97 73
97 76
97 78
97 79
97 80
97 81
97 89
97 93
97 94
97 106
97 118
97 119
97 123
97 125
97 127
98 0
98 9
98 14
98 15
98 18
98 22
98 25
98 28
98 29
98 32
98 37
98 44
98 49
98 51
98 53
98 54
98 55
98 60
98 62
98 68
98 76
98 79
98 80
98 81
98 84
98 87
98 89
98 94
98 106
98 113
98 122
98 127
98 128
99 1
99 13
99 20
99 27
99 34
99 39
99 41
99 43
99 47
99 58
99 63
99 67
99 70
99 82
99 83
99 86
99 90
99 92
99 111
99 115
99 121
99 124
100 1
100 3
100 7
100 10
100 31
100 35
100 38
100 39
100 41
100 48
100 66
100 70
100 77
100 83
100 102
100 103
100 104
100 105
100 107
100 115
101 2
101 3
101 5
101 6
101 7
101 11
101 15
101 19
101 23
101 24
101 26
101 30
101 36
101 40
101 45
101 46
101 48
101 53
101 56
101 61
101 64
101 65
101 66
101 69
101 72
101 91
101 106
101 108
101 109
101 114
101 117
101 119
101 120
101 126
101 127
102 1
102 10
102 13
102 31
102 34
102 35
102 38
102 39
102 41
102 43
102 47
102 67
102 70
102 77
102 83
102 90
102 100
102 103
102 104
102 105
102 107
102 115
102 124
103 1
103 2
103 3
103 5
103 7
103 10
103 30
103 31
103 35
103 39
103 41
103 46
103 48
103 64
103 66
103 74
103 75
103 77
103 91
103 100
103 102
103 104
103 105
103 107
103 109
103 112
103 120
103 126
104 1
104 10
104 13
104 31
104 34
104 35
104 38
104 39
104 41
104 43
104 47
104 48
104 52
104 66
104 67
104 70
104 74
104 75
104 77
104 83
104 90
104 100
104 102
104 103
104 105
104 107
104 115
104 124
105 0
105 1
105 2
105 3
105 5
105 7
105 15
105 29
105 30
105 31
105 35
105 39
105 41
105 43
105 44
105 48
105 52
105 55
105 64
105 66
105 74
105 75
105 83
105 85
105 86
105 91
105 92
105 100
105 102
105 103
105 104
105 107
105 109
105 111
105 112
105 115
105 116
105 120
105 124
105 128
106 0
106 2
106 5
106 9
106 12
106 14
106 15
106 16
106 18
106 22
106 29
106 32
106 33
106 36
106 37
106 40
106 49
106 53
106 54
106 55
106 56
106 57
106 60
106 61
106 64
106 69
106 71
106 72
106 78
106 81
106 91
106 94
106 97
106 98
106 101
106 108
106 109
106 112
106 118
106 119
106 120
106 123
106 125
106 127
107 2
107 3
107 5
107 7
107 23
107 30
107 31
107 35
107 41
107 46
107 48
107 64
107 66
107 74
107 75
107 77
107 91
107 100
107 102
107 103
107 104
107 105
107 109
107 112
107 120
107 126
108 19
108 23
108 26
108 30
108 33
108 36
108 40
108 45
108 53
108 56
108 57
108 61
108 64
108 69
108 72
108 78
108 91
108 101
108 106
108 109
108 114
108 117
108 119
108 120
108 123
108 125
108 126
108 127
109 0
109 2
109 3
109 5
109 7
109 11
109 15
109 19
109 23
109 26
109 30
109 31
109 36
109 40
109 45
109 46
109 48
109 53
109 55
109 56
109 60
109 61
109 64
109 66
109 69
109 74
109 75
109 91
109 101
109 103
109 105
109 106
109 107
109 108
109 112
109 114
109 119
109 120
109 126
110 4
110 8
110 17
110 21
110 25
110 28
110 42
110 50
110 62
110 68
110 84
110 87
110 95
110 96
110 113
110 122
110 129
111 4
111 17
111 20
111 27
111 29
111 35
111 39
111 41
111 42
111 43
111 44
111 52
111 58
111 59
111 62
111 63
111 68
111 82
111 85
111 86
111 92
111 99
111 105
111 115
111 116
111 121
111 124
111 128
112 0
112 2
112 3
112 5
112 7
112 9
112 15
112 22
112 29
112 30
112 31
112 35
112 36
112 39
112 40
112 41
112 43
112 44
112 48
112 52
112 53
112 55
112 60
112 64
112 66
112 69
112 74
112 75
112 85
112 91
112 103
112 105
112 106
112 107
112 109
112 116
112 119
112 120
112 128
113 9
113 14
113 18
113 22
113 25
113 28
113 29
113 32
113 37
113 49
113 51
113 54
113 60
113 68
113 76
113 79
113 80
113 81
113 84
113 87
113 89
113 94
113 96
113 98
113 110
113 122
114 6
114 11
114 19
114 23
114 24
114 26
114 36
114 40
114 45
114 46
114 56
114 61
114 65
114 69
114 72
114 88
114 91
114 101
114 108
114 109
114 117
114 120
114 126
115 1
115 10
115 13
115 20
115 27
115 34
115 35
115 38
115 39
115 41
115 43
115 47
115 52
115 58
115 63
115 67
115 70
115 75
115 83
115 85
115 86
115 90
115 92
115 99
115 100
115 102
115 104
115 105
115 111
115 116
115 124
115 128
116 0
116 2
116 5
116 9
116 15
116 27
116 29
116 35
116 39
116 41
116 43
116 44
116 52
116 55
116 58
116 62
116 63
116 68
116 74
116 75
116 82
116 85
116 86
116 92
116 105
116 111
116 112
116 115
116 124
116 128
117 6
117 11
117 19
117 23
117 24
117 26
117 36
117 40
117 45
117 46
117 56
117 61
117 65
117 69
117 72
117 88
117 91
117 101
117 108
117 114
117 120
117 126
118 12
118 14
118 16
118 32
118 33
118 37
118 53
118 54
118 57
118 71
118 73
118 76
118 78
118 79
118 80
118 81
118 89
118 93
118 94
118 97
118 106
118 119
118 123
118 125
118 127
119 0
119 2
119 5
119 9
119 12
119 14
119 15
119 22
119 26
119 29
119 30
119 33
119 36
119 37
119 40
119 45
119 49
119 53
119 54
119 55
119 56
119 57
119 60
119 61
119 64
119 69
119 71
119 72
119 78
119 81
119 91
119 94
119 97
119 101
119 106
119 108
119 109
119 112
119 118
119 120
119 123
119 125
119 127
120 0
120 2
120 3
120 5
120 7
120 11
120 15
120 19
120 23
120 26
120 30
120 31
120 36
120 40
120 45
120 46
120 48
120 53
120 55
120 56
120 60
120 61
120 64
120 66
120 69
120 74
120 75
120 91
120 101
120 103
120 105
120 106
120 107
120 108
120 109
120 112
120 114
120 117
120 119
120 126
121 4
121 8
121 17
121 20
121 21
121 27
121 42
121 50
121 58
121 59
121 62
121 63
121 68
121 82
121 85
121 86
121 92
121 99
121 111
122 4
122 8
122 17
122 18
122 21
122 25
122 28
122 42
122 49
122 50
122 59
122 62
122 68
122 84
122 87
122 96
122 98
122 110
122 113
122 129
123 12
123 16
123 22
123 32
123 33
123 37
123 53
123 54
123 56
123 57
123 60
123 61
123 71
123 72
123 73
123 78
123 81
123 93
123 94
123 97
123 106
123 108
123 118
123 119
123 125
123 127
124 1
124 20
124 27
124 34
124 35
124 38
124 39
124 41
124 43
124 44
124 47
124 52
124 58
124 63
124 67
124 75
124 82
124 83
124 85
124 86
124 92
124 99
124 102
124 104
124 105
124 111
124 115
124 116
124 128
125 12
125 16
125 26
125 32
125 33
125 37
125 53
125 54
125 56
125 57
125 60
125 61
125 71
125 72
125 73
125 78
125 81
125 93
125 94
125 97
125 106
125 108
125 118
125 119
125 123
125 127
126 2
126 3
126 5
126 6
126 7
126 11
126 19
126 23
126 24
126 26
126 30
126 31
126 36
126 40
126 45
126 46
126 48
126 56
126 61
126 64
126 65
126 66
126 69
126 77
126 88
126 91
126 101
126 103
126 107
126 108
126 109
126 114
126 117
126 120
127 9
127 12
127 14
127 15
127 16
127 18
127 22
127 32
127 33
127 36
127 37
127 40
127 49
127 53
127 54
127 55
127 56
127 57
127 60
127 61
127 69
127 71
127 72
127 78
127 81
127 89
127 93
127 94
127 97
127 98
127 101
127 106
127 108
127 118
127 119
127 123
127 125
128 0
128 2
128 5
128 9
128 15
128 22
128 29
128 35
128 39
128 41
128 43
128 44
128 49
128 52
128 55
128 60
128 62
128 64
128 66
128 68
128 74
128 75
128 82
128 85
128 86
128 92
128 98
128 105
128 111
128 112
128 115
128 116
128 124
129 4
129 8
129 17
129 21
129 25
129 28
129 42
129 50
129 62
129 84
129 95
129 96
129 110
129 122
