4
2 1
140
0 50.000000 50.000000 10 99999999 4
1 18.979917 5.638583 10 149 4
2 5.563816 94.218683 10 108 5
3 80.762385 45.310643 10 134 5
4 88.645185 48.780389 10 109 2
5 78.467001 51.523506 10 100 3
6 10.737343 57.718133 10 119 4
7 72.097182 49.996673 10 115 1
8 78.855956 66.219026 10 103 3
9 54.216877 87.624671 10 111 3
10 32.056759 56.673509 10 130 3
11 81.787373 61.523053 10 139 5
12 45.309713 79.696388 10 128 4
13 8.668196 37.351960 10 121 2
14 4.803074 10.386369 10 122 3
15 18.213730 0.045589 10 141 1
16 48.592360 96.934379 10 105 4
17 32.958312 93.313711 10 111 3
18 80.114102 4.127908 10 121 4
19 19.112404 59.352926 10 116 3
20 96.264234 17.346683 10 101 1
21 46.834337 13.113052 10 104 2
22 38.144101 15.341042 10 135 2
23 65.443972 73.485166 10 140 4
24 29.565790 27.739899 10 111 3
25 65.043728 79.691496 10 111 4
26 52.125473 79.747180 10 142 4
27 55.685407 33.280489 10 124 3
28 74.659241 51.499017 10 125 1
29 40.054771 85.837507 10 132 2
30 18.155599 13.707458 10 140 2
31 7.295552 32.179252 10 138 4
32 52.446487 53.876786 10 127 5
33 63.606735 31.653757 10 124 3
34 66.127418 34.783151 10 130 4
35 5.504387 37.474492 10 101 3
36 29.258361 51.156081 10 135 2
37 64.280868 7.033889 10 102 3
38 6.994154 80.301826 10 131 2
39 37.175662 51.649137 10 101 4
40 67.560252 91.287282 10 105 3
41 26.337170 48.156132 10 101 3
42 2.704342 49.369475 10 120 2
43 51.508034 12.607661 10 105 4
44 56.407128 98.478191 10 123 4
45 23.742708 12.971279 10 116 4
46 53.765717 95.789923 10 112 1
47 86.068220 89.635346 10 113 4
48 88.027511 94.962694 10 135 4
49 73.510959 80.736250 10 128 1
50 82.506855 36.040686 10 103 1
51 92.170302 80.341379 10 101 3
52 64.088801 57.785507 10 139 3
53 9.532649 43.842783 10 129 3
54 32.014850 83.281208 10 133 4
55 75.556685 75.372066 10 119 3
56 63.235697 70.512180 10 109 5
57 88.953510 67.791581 10 120 4
58 88.549085 14.734638 10 117 2
59 23.694977 64.681963 10 147 2
60 80.870001 63.512943 10 143 3
61 21.011688 52.802807 10 143 5
62 15.203889 82.678078 10 105 5
63 3.927188 33.267964 10 144 1
64 35.103072 54.903386 10 112 3
65 85.765946 78.464415 10 119 1
66 81.591904 42.317231 10 126 2
67 47.026367 11.877492 10 111 5
68 20.291407 54.833027 10 129 3
69 25.293884 12.704313 10 116 1
70 3.622892 54.737164 10 134 2
71 19.689096 67.136641 10 124 1
72 63.585014 25.251154 10 125 5
73 76.504175 45.044532 10 148 5
74 11.536690 20.182322 10 141 5
75 73.441250 66.667123 10 115 5
76 98.409865 93.118285 10 148 2
77 84.439407 67.147343 10 144 2
78 4.157524 97.450700 10 130 4
79 64.836627 32.030617 10 130 3
80 44.814589 92.801269 10 119 1
81 46.452048 78.433089 10 103 3
82 32.477414 55.344578 10 140 3
83 2.003554 19.910049 10 126 3
84 60.715205 93.525789 10 120 4
85 27.485813 14.133498 10 132 2
86 32.720410 8.635556 10 119 5
87 44.769032 7.094550 10 114 3
88 81.921343 82.602116 10 113 1
89 73.595896 92.252767 10 113 1
90 79.342456 21.964146 10 133 2
91 65.903775 94.091488 10 143 1
92 9.528216 21.371766 10 147 4
93 51.189120 20.609066 10 112 3
94 26.209045 61.995506 10 141 3
95 93.782635 17.685256 10 147 5
96 38.022200 12.915187 10 125 4
97 47.366601 63.930217 10 141 3
98 17.690092 42.308397 10 147 2
99 46.601066 3.794726 10 136 4
100 0.885939 64.145295 10 142 5
101 37.311752 25.794482 10 132 5
102 74.178216 16.656725 10 100 2
103 99.947529 58.450148 10 128 5
104 28.153739 87.134354 10 147 1
105 76.606902 3.988022 10 144 1
106 44.769681 89.371011 10 135 3
107 84.801391 74.972878 10 139 3
108 15.953565 59.994047 10 134 2
109 56.450067 53.225429 10 103 4
110 45.380508 3.183325 10 126 4
111 26.966552 86.183956 10 135 1
112 6.639717 95.245864 10 112 3
113 85.662318 89.470861 10 115 3
114 5.707706 44.955257 10 107 3
115 90.997364 72.841381 10 145 5
116 43.334845 72.401721 10 114 2
117 80.991094 48.619336 10 101 5
118 81.725434 40.810898 10 149 4
119 83.611177 83.056059 10 116 4
120 78.178721 33.821725 10 134 5
121 26.908875 58.869713 10 128 2
122 44.998383 55.782013 10 113 3
123 68.987759 48.498939 10 132 5
124 30.830865 24.185315 10 147 4
125 16.241290 71.601883 10 111 2
126 48.944546 30.225872 10 146 3
127 77.474576 85.060956 10 108 3
128 99.089470 38.201801 10 132 3
129 32.392962 17.685626 10 146 4
130 72.796717 30.485974 10 118 2
131 25.538574 84.875874 10 132 1
132 2.853641 66.133527 10 126 2
133 88.294615 35.943438 10 138 2
134 8.859288 34.442666 10 129 5
135 18.254163 70.315740 10 131 2
136 73.369743 48.891694 10 139 5
137 82.412918 80.022263 10 101 1
138 32.793371 60.839468 10 113 5
139 96.435927 85.374880 10 121 2
2128
0 10
0 27
0 32
0 39
0 52
0 64
0 82
0 97
0 109
0 122
0 123
0 126
1 14
1 15
1 30
1 45
1 69
1 74
1 85
1 86
1 92
1 129
2 38
2 62
2 78
2 112
3 4
3 5
3 7
3 11
3 28
3 34
3 50
3 60
3 66
3 73
3 117
3 118
3 120
3 123
3 128
3 130
3 133
3 136
4 3
4 5
4 7
4 8
4 11
4 28
4 50
4 57
4 60
4 66
4 73
4 77
4 103
4 117
4 118
4 120
4 123
4 128
4 133
4 136
5 3
5 4
5 7
5 8
5 11
5 28
5 50
5 52
5 57
5 60
5 66
5 73
5 75
5 77
5 117
5 118
5 120
5 123
5 133
5 136
6 19
6 36
6 41
6 42
6 53
6 59
6 61
6 68
6 70
6 71
6 94
6 98
6 100
6 108
6 114
6 121
6 125
6 132
6 135
7 3
7 4
7 5
7 8
7 11
7 28
7 34
7 50
7 52
7 60
7 66
7 73
7 75
7 79
7 109
7 117
7 118
7 120
7 123
7 130
7 136
8 4
8 5
8 7
8 11
8 23
8 25
8 28
8 49
8 51
8 52
8 55
8 56
8 57
8 60
8 65
8 75
8 77
8 88
8 107
8 115
8 117
8 119
8 127
8 136
8 137
9 12
9 16
9 23
9 25
9 26
9 29
9 40
9 44
9 46
9 56
9 80
9 81
9 84
9 89
9 91
9 106
9 116
10 0
10 19
10 36
10 39
10 41
10 59
10 61
10 64
10 68
10 71
10 82
10 94
10 97
10 108
10 116
10 121
10 122
10 135
10 138
11 3
11 4
11 5
11 7
11 8
11 28
11 52
11 55
11 57
11 60
11 65
11 66
11 73
11 75
11 77
11 103
11 107
11 115
11 117
11 123
11 136
11 137
12 9
12 16
12 17
12 25
12 26
12 29
12 46
12 54
12 80
12 81
12 97
12 104
12 106
12 111
12 116
13 31
13 35
13 42
13 53
13 61
13 63
13 70
13 74
13 83
13 92
13 98
13 114
13 134
14 1
14 15
14 30
14 45
14 74
14 83
14 92
15 1
15 14
15 30
15 45
15 69
15 85
15 86
16 9
16 12
16 17
16 26
16 29
16 40
16 44
16 46
16 80
16 81
16 84
16 91
16 106
17 12
17 16
17 29
17 54
17 80
17 104
17 106
17 111
17 131
18 37
18 58
18 90
18 95
18 102
18 105
19 6
19 10
19 36
19 39
19 41
19 42
19 53
19 59
19 61
19 64
19 68
19 70
19 71
19 82
19 94
19 98
19 100
19 108
19 114
19 121
19 125
19 132
19 135
19 138
20 58
20 90
20 95
21 22
21 37
21 43
21 67
21 85
21 86
21 87
21 93
21 96
21 99
21 101
21 110
21 124
21 126
21 129
22 21
22 24
22 43
22 45
22 67
22 69
22 85
22 86
22 87
22 93
22 96
22 99
22 101
22 110
22 124
22 126
22 129
23 8
23 9
23 25
23 26
23 40
23 49
23 52
23 55
23 56
23 60
23 75
23 81
23 88
23 107
23 127
23 137
24 22
24 30
24 45
24 69
24 74
24 85
24 86
24 96
24 98
24 101
24 124
24 126
24 129
25 8
25 9
25 12
25 23
25 26
25 40
25 46
25 49
25 55
25 56
25 75
25 81
25 84
25 88
25 89
25 91
25 119
25 127
25 137
26 9
26 12
26 16
26 23
26 25
26 29
26 40
26 44
26 46
26 56
26 80
26 81
26 84
26 91
26 97
26 106
26 116
27 0
27 33
27 34
27 72
27 79
27 93
27 101
27 109
27 126
27 130
28 3
28 4
28 5
28 7
28 8
28 11
28 34
28 50
28 52
28 60
28 66
28 73
28 75
28 77
28 109
28 117
28 118
28 120
28 123
28 136
29 9
29 12
29 16
29 17
29 26
29 46
29 54
29 80
29 81
29 104
29 106
29 111
29 116
29 131
30 1
30 14
30 15
30 24
30 45
30 69
30 74
30 83
30 85
30 86
30 92
30 96
30 124
30 129
31 13
31 35
31 42
31 53
31 63
31 74
31 83
31 92
31 98
31 114
31 134
32 0
32 39
32 52
32 56
32 64
32 97
32 109
32 122
32 123
33 27
33 34
33 50
33 72
33 73
33 79
33 90
33 93
33 102
33 120
33 123
33 126
33 130
33 136
34 3
34 7
34 27
34 28
34 33
34 50
34 66
34 72
34 73
34 79
34 90
34 102
34 118
34 120
34 123
34 126
34 130
34 136
35 13
35 31
35 42
35 53
35 63
35 70
35 74
35 83
35 92
35 98
35 114
35 134
36 6
36 10
36 19
36 39
36 41
36 59
36 61
36 64
36 68
36 71
36 82
36 94
36 98
36 108
36 121
36 122
36 138
37 18
37 21
37 43
37 67
37 72
37 87
37 93
37 99
37 102
37 105
37 110
38 2
38 62
38 71
38 78
38 100
38 112
38 125
38 131
38 132
38 135
39 0
39 10
39 19
39 32
39 36
39 41
39 59
39 61
39 64
39 68
39 82
39 94
39 97
39 109
39 121
39 122
39 138
40 9
40 16
40 23
40 25
40 26
40 44
40 46
40 47
40 49
40 55
40 84
40 88
40 89
40 91
40 113
40 119
40 127
40 137
41 6
41 10
41 19
41 36
41 39
41 53
41 59
41 61
41 64
41 68
41 82
41 94
41 98
41 108
41 121
41 138
42 6
42 13
42 19
42 31
42 35
42 53
42 61
42 63
42 68
42 70
42 98
42 100
42 108
42 114
42 132
42 134
43 21
43 22
43 37
43 67
43 72
43 86
43 87
43 93
43 96
43 99
43 101
43 110
43 126
43 129
44 9
44 16
44 26
44 40
44 46
44 80
44 84
44 89
44 91
44 106
45 1
45 14
45 15
45 22
45 24
45 30
45 69
45 74
45 85
45 86
45 92
45 96
45 101
45 124
45 129
46 9
46 12
46 16
46 25
46 26
46 29
46 40
46 44
46 80
46 81
46 84
46 91
46 106
47 40
47 48
47 49
47 51
47 55
47 65
47 76
47 88
47 89
47 107
47 113
47 115
47 119
47 127
47 137
47 139
48 47
48 51
48 65
48 76
48 88
48 89
48 113
48 119
48 127
48 137
48 139
49 8
49 23
49 25
49 40
49 47
49 51
49 55
49 56
49 60
49 65
49 75
49 77
49 84
49 88
49 89
49 91
49 107
49 113
49 115
49 119
49 127
49 137
50 3
50 4
50 5
50 7
50 28
50 33
50 34
50 66
50 73
50 79
50 90
50 117
50 118
50 120
50 123
50 128
50 130
50 133
50 136
51 8
51 47
51 48
51 49
51 55
51 57
51 65
51 76
51 77
51 88
51 107
51 113
51 115
51 119
51 127
51 137
51 139
52 0
52 5
52 7
52 8
52 11
52 23
52 28
52 32
52 56
52 60
52 73
52 75
52 97
52 109
52 117
52 122
52 123
52 136
53 6
53 13
53 19
53 31
53 35
53 41
53 42
53 61
53 63
53 68
53 70
53 98
53 108
53 114
53 134
54 12
54 17
54 29
54 62
54 80
54 81
54 104
54 106
54 111
54 116
54 125
54 131
54 135
55 8
55 11
55 23
55 25
55 40
55 47
55 49
55 51
55 56
55 57
55 60
55 65
55 75
55 77
55 88
55 89
55 107
55 113
55 115
55 119
55 127
55 137
56 8
56 9
56 23
56 25
56 26
56 32
56 49
56 52
56 55
56 60
56 75
56 81
56 97
56 109
56 116
57 4
57 5
57 8
57 11
57 51
57 55
57 60
57 65
57 75
57 77
57 88
57 103
57 107
57 115
57 119
57 137
57 139
58 18
58 20
58 90
58 95
58 102
58 105
59 6
59 10
59 19
59 36
59 39
59 41
59 61
59 62
59 64
59 68
59 71
59 82
59 94
59 108
59 121
59 125
59 135
59 138
60 3
60 4
60 5
60 7
60 8
60 11
60 23
60 28
60 49
60 52
60 55
60 56
60 57
60 65
60 73
60 75
60 77
60 88
60 103
60 107
60 115
60 117
60 119
60 123
60 136
60 137
61 6
61 10
61 13
61 19
61 36
61 39
61 41
61 42
61 53
61 59
61 64
61 68
61 70
61 71
61 82
61 94
61 98
61 108
61 114
61 121
61 125
61 135
61 138
62 2
62 38
62 54
62 59
62 71
62 78
62 104
62 111
62 112
62 125
62 131
62 135
63 13
63 31
63 35
63 42
63 53
63 74
63 83
63 92
63 98
63 114
63 134
64 0
64 10
64 19
64 32
64 36
64 39
64 41
64 59
64 61
64 68
64 71
64 82
64 94
64 97
64 108
64 116
64 121
64 122
64 138
65 8
65 11
65 47
65 48
65 49
65 51
65 55
65 57
65 60
65 75
65 76
65 77
65 88
65 89
65 107
65 113
65 115
65 119
65 127
65 137
65 139
66 3
66 4
66 5
66 7
66 11
66 28
66 34
66 50
66 73
66 79
66 117
66 118
66 120
66 123
66 128
66 130
66 133
66 136
67 21
67 22
67 37
67 43
67 85
67 86
67 87
67 93
67 96
67 99
67 101
67 110
67 126
67 129
68 6
68 10
68 19
68 36
68 39
68 41
68 42
68 53
68 59
68 61
68 64
68 70
68 71
68 82
68 94
68 98
68 108
68 114
68 121
68 125
68 135
68 138
69 1
69 15
69 22
69 24
69 30
69 45
69 74
69 85
69 86
69 92
69 96
69 101
69 124
69 129
70 6
70 13
70 19
70 35
70 42
70 53
70 61
70 68
70 98
70 100
70 108
70 114
70 132
71 6
71 10
71 19
71 36
71 38
71 59
71 61
71 62
71 64
71 68
71 82
71 94
71 100
71 108
71 121
71 125
71 131
71 132
71 135
71 138
72 27
72 33
72 34
72 37
72 43
72 79
72 90
72 93
72 102
72 120
72 126
72 130
73 3
73 4
73 5
73 7
73 11
73 28
73 33
73 34
73 50
73 52
73 60
73 66
73 79
73 117
73 118
73 120
73 123
73 130
73 133
73 136
74 1
74 13
74 14
74 24
74 30
74 31
74 35
74 45
74 63
74 69
74 83
74 85
74 92
74 124
74 134
75 5
75 7
75 8
75 11
75 23
75 25
75 28
75 49
75 52
75 55
75 56
75 57
75 60
75 65
75 77
75 88
75 107
75 115
75 117
75 119
75 123
75 127
75 136
75 137
76 47
76 48
76 51
76 65
76 88
76 113
76 119
76 139
77 4
77 5
77 8
77 11
77 28
77 49
77 51
77 55
77 57
77 60
77 65
77 75
77 88
77 103
77 107
77 115
77 117
77 119
77 127
77 137
78 2
78 38
78 62
78 112
79 7
79 27
79 33
79 34
79 50
79 66
79 72
79 73
79 90
79 93
79 102
79 118
79 120
79 123
79 126
79 130
79 136
80 9
80 12
80 16
80 17
80 26
80 29
80 44
80 46
80 54
80 81
80 84
80 104
80 106
80 111
81 9
81 12
81 16
81 23
81 25
81 26
81 29
81 46
81 54
81 56
81 80
81 97
81 106
81 116
82 0
82 10
82 19
82 36
82 39
82 41
82 59
82 61
82 64
82 68
82 71
82 94
82 97
82 98
82 108
82 121
82 122
82 138
83 13
83 14
83 30
83 31
83 35
83 63
83 74
83 92
83 134
84 9
84 16
84 25
84 26
84 40
84 44
84 46
84 49
84 80
84 89
84 91
84 106
84 127
85 1
85 15
85 21
85 22
85 24
85 30
85 45
85 67
85 69
85 74
85 86
85 87
85 92
85 96
85 101
85 124
85 129
86 1
86 15
86 21
86 22
86 24
86 30
86 43
86 45
86 67
86 69
86 85
86 87
86 96
86 99
86 101
86 110
86 124
86 129
87 21
87 22
87 37
87 43
87 67
87 85
87 86
87 93
87 96
87 99
87 110
87 129
88 8
88 23
88 25
88 40
88 47
88 48
88 49
88 51
88 55
88 57
88 60
88 65
88 75
88 76
88 77
88 89
88 91
88 107
88 113
88 115
88 119
88 127
88 137
88 139
89 9
89 25
89 40
89 44
89 47
89 48
89 49
89 55
89 65
89 84
89 88
89 91
89 113
89 119
89 127
89 137
90 18
90 20
90 33
90 34
90 50
90 58
90 72
90 79
90 95
90 102
90 105
90 118
90 120
90 130
90 133
91 9
91 16
91 25
91 26
91 40
91 44
91 46
91 49
91 84
91 88
91 89
91 127
92 1
92 13
92 14
92 30
92 31
92 35
92 45
92 63
92 69
92 74
92 83
92 85
92 134
93 21
93 22
93 27
93 33
93 37
93 43
93 67
93 72
93 79
93 87
93 96
93 99
93 101
93 110
93 126
93 129
94 6
94 10
94 19
94 36
94 39
94 41
94 59
94 61
94 64
94 68
94 71
94 82
94 108
94 121
94 122
94 125
94 135
94 138
95 18
95 20
95 58
95 90
95 102
95 133
96 21
96 22
96 24
96 30
96 43
96 45
96 67
96 69
96 85
96 86
96 87
96 93
96 99
96 101
96 110
96 124
96 129
97 0
97 10
97 12
97 26
97 32
97 39
97 52
97 56
97 64
97 81
97 82
97 109
97 116
97 122
97 138
98 6
98 13
98 19
98 24
98 31
98 35
98 36
98 41
98 42
98 53
98 61
98 63
98 68
98 70
98 82
98 108
98 114
98 121
98 134
99 21
99 22
99 37
99 43
99 67
99 86
99 87
99 93
99 96
99 110
99 129
100 6
100 19
100 38
100 42
100 70
100 71
100 108
100 114
100 125
100 132
100 135
101 21
101 22
101 24
101 27
101 43
101 45
101 67
101 69
101 85
101 86
101 93
101 96
101 124
101 126
101 129
102 18
102 33
102 34
102 37
102 58
102 72
102 79
102 90
102 95
102 105
102 120
102 130
103 4
103 11
103 57
103 60
103 77
103 115
104 12
104 17
104 29
104 54
104 62
104 80
104 106
104 111
104 125
104 131
104 135
105 18
105 37
105 58
105 90
105 102
106 9
106 12
106 16
106 17
106 26
106 29
106 44
106 46
106 54
106 80
106 81
106 84
106 104
106 111
106 116
106 131
107 8
107 11
107 23
107 47
107 49
107 51
107 55
107 57
107 60
107 65
107 75
107 77
107 88
107 113
107 115
107 119
107 127
107 137
107 139
108 6
108 10
108 19
108 36
108 41
108 42
108 53
108 59
108 61
108 64
108 68
108 70
108 71
108 82
108 94
108 98
108 100
108 114
108 121
108 125
108 132
108 135
108 138
109 0
109 7
109 27
109 28
109 32
109 39
109 52
109 56
109 97
109 122
109 123
109 136
110 21
110 22
110 37
110 43
110 67
110 86
110 87
110 93
110 96
110 99
110 129
111 12
111 17
111 29
111 54
111 62
111 80
111 104
111 106
111 125
111 131
111 135
112 2
112 38
112 62
112 78
113 40
113 47
113 48
113 49
113 51
113 55
113 65
113 76
113 88
113 89
113 107
113 115
113 119
113 127
113 137
113 139
114 6
114 13
114 19
114 31
114 35
114 42
114 53
114 61
114 63
114 68
114 70
114 98
114 100
114 108
114 134
115 8
115 11
115 47
115 49
115 51
115 55
115 57
115 60
115 65
115 75
115 77
115 88
115 103
115 107
115 113
115 119
115 127
115 137
115 139
116 9
116 10
116 12
116 26
116 29
116 54
116 56
116 64
116 81
116 97
116 106
116 122
116 138
117 3
117 4
117 5
117 7
117 8
117 11
117 28
117 50
117 52
117 60
117 66
117 73
117 75
117 77
117 118
117 120
117 123
117 130
117 133
117 136
118 3
118 4
118 5
118 7
118 28
118 34
118 50
118 66
118 73
118 79
118 90
118 117
118 120
118 123
118 128
118 130
118 133
118 136
119 8
119 25
119 40
119 47
119 48
119 49
119 51
119 55
119 57
119 60
119 65
119 75
119 76
119 77
119 88
119 89
119 107
119 113
119 115
119 127
119 137
119 139
120 3
120 4
120 5
120 7
120 28
120 33
120 34
120 50
120 66
120 72
120 73
120 79
120 90
120 102
120 117
120 118
120 123
120 130
120 133
120 136
121 6
121 10
121 19
121 36
121 39
121 41
121 59
121 61
121 64
121 68
121 71
121 82
121 94
121 98
121 108
121 122
121 125
121 135
121 138
122 0
122 10
122 32
122 36
122 39
122 52
122 64
122 82
122 94
122 97
122 109
122 116
122 121
122 138
123 0
123 3
123 4
123 5
123 7
123 11
123 28
123 32
123 33
123 34
123 50
123 52
123 60
123 66
123 73
123 75
123 79
123 109
123 117
123 118
123 120
123 130
123 136
124 21
124 22
124 24
124 30
124 45
124 69
124 74
124 85
124 86
124 96
124 101
124 126
124 129
125 6
125 19
125 38
125 54
125 59
125 61
125 62
125 68
125 71
125 94
125 100
125 104
125 108
125 111
125 121
125 131
125 132
125 135
125 138
126 0
126 21
126 22
126 24
126 27
126 33
126 34
126 43
126 67
126 72
126 79
126 93
126 101
126 124
127 8
127 23
127 25
127 40
127 47
127 48
127 49
127 51
127 55
127 65
127 75
127 77
127 84
127 88
127 89
127 91
127 107
127 113
127 115
127 119
127 137
127 139
128 3
128 4
128 50
128 66
128 118
128 133
129 1
129 21
129 22
129 24
129 30
129 43
129 45
129 67
129 69
129 85
129 86
129 87
129 93
129 96
129 99
129 101
129 110
129 124
130 3
130 7
130 27
130 33
130 34
130 50
130 66
130 72
130 73
130 79
130 90
130 102
130 117
130 118
130 120
130 123
130 133
130 136
131 17
131 29
131 38
131 54
131 62
131 71
131 104
131 106
131 111
131 125
131 135
132 6
132 19
132 38
132 42
132 70
132 71
132 100
132 108
132 125
132 135
133 3
133 4
133 5
133 50
133 66
133 73
133 90
133 95
133 117
133 118
133 120
133 128
133 130
133 136
134 13
134 31
134 35
134 42
134 53
134 63
134 74
134 83
134 92
134 98
134 114
135 6
135 10
135 19
135 38
135 54
135 59
135 61
135 62
135 68
135 71
135 94
135 100
135 104
135 108
135 111
135 121
135 125
135 131
135 132
135 138
136 3
136 4
136 5
136 7
136 8
136 11
136 28
136 33
136 34
136 50
136 52
136 60
136 66
136 73
136 75
136 79
136 109
136 117
136 118
136 120
136 123
136 130
136 133
137 8
137 11
137 23
137 25
137 40
137 47
137 48
137 49
137 51
137 55
137 57
137 60
137 65
137 75
137 77
137 88
137 89
137 107
137 113
137 115
137 119
137 127
137 139
138 10
138 19
138 36
138 39
138 41
138 59
138 61
138 64
138 68
138 71
138 82
138 94
138 97
138 108
138 116
138 121
138 122
138 125
138 135
139 47
139 48
139 51
139 57
139 65
139 76
139 88
139 107
139 113
139 115
139 119
139 127
139 137
