4
2 1
140
0 50.000000 50.000000 15 99999999 2
1 43.349917 48.269795 15 136 5
2 53.262004 88.669366 15 115 5
3 31.490792 46.425149 15 104 3
4 28.060804 18.842547 15 137 4
5 14.051624 16.033190 15 102 5
6 85.731036 70.559931 15 143 1
7 76.726292 81.604645 15 132 5
8 8.650469 31.744606 15 110 4
9 40.566451 75.819148 15 115 1
10 89.398827 26.921749 15 147 5
11 18.533835 22.123067 15 144 2
12 66.372113 0.360540 15 103 2
13 99.697016 66.775357 15 116 2
14 97.582753 23.950210 15 130 5
15 41.988487 88.829355 15 104 2
16 39.073474 34.849028 15 130 1
17 83.947974 54.962981 15 126 3
18 39.942874 29.668471 15 104 3
19 56.450113 97.859236 15 148 1
20 52.866284 69.771073 15 110 4
21 93.408333 87.090831 15 102 3
22 81.086466 72.855541 15 123 3
23 0.684278 43.337284 15 140 5
24 25.276461 80.132597 15 137 3
25 31.369383 62.996953 15 114 3
26 51.306842 68.652446 15 101 5
27 50.695138 50.375757 15 138 1
28 30.486923 16.202327 15 105 3
29 71.797743 96.975519 15 132 5
30 56.770318 39.051782 15 101 1
31 75.887474 43.265896 15 124 5
32 16.546938 75.656116 15 125 4
33 26.792297 2.612903 15 138 5
34 43.768786 16.551339 15 104 1
35 37.961580 69.365457 15 122 4
36 31.049044 26.995181 15 127 5
37 16.823569 16.845163 15 135 5
38 47.244052 68.925402 15 137 2
39 41.053740 73.690966 15 125 3
40 76.376205 71.763576 15 123 2
41 26.320063 40.905481 15 117 2
42 1.591165 34.912365 15 143 5
43 32.473675 21.853567 15 126 5
44 3.491509 1.133199 15 149 4
45 10.811477 41.409934 15 139 3
46 22.816110 33.670600 15 125 1
47 89.427632 78.891805 15 132 1
48 93.041044 36.354517 15 104 2
49 4.744428 91.418202 15 135 5
50 34.985850 78.621450 15 111 3
51 90.573820 34.582114 15 137 1
52 39.121440 19.238100 15 143 1
53 74.288974 17.356700 15 148 2
54 47.398559 43.610018 15 119 4
55 22.083095 17.850598 15 100 5
56 20.343774 2.548060 15 119 4
57 13.191164 78.611937 15 141 3
58 39.634848 64.973942 15 109 3
59 58.325919 39.384086 15 126 3
60 58.527376 44.498704 15 105 4
61 60.779728 38.529733 15 123 4
62 17.651252 32.620979 15 108 5
63 51.094514 32.031996 15 139 1
64 92.806991 89.285046 15 122 2
65 31.012448 42.489255 15 104 5
66 56.089500 54.995209 15 112 1
67 89.962007 95.822373 15 139 1
68 73.246797 99.851526 15 108 3
69 52.599885 92.420325 15 130 2
70 3.274371 93.687792 15 126 3
71 42.940283 83.544750 15 128 3
72 24.232015 17.348444 15 108 2
73 5.467621 68.914492 15 127 4
74 45.637566 68.728730 15 142 1
75 35.369247 75.297466 15 147 5
76 44.818803 69.179140 15 141 5
77 30.830944 20.311033 15 140 2
78 13.969995 33.113546 15 142 3
79 95.080135 29.084836 15 109 5
80 25.072372 12.926070 15 133 3
81 14.273319 40.052587 15 112 1
82 56.797118 64.903120 15 131 2
83 91.506220 46.837404 15 140 2
84 69.104047 90.497659 15 120 4
85 57.973417 57.967924 15 102 4
86 30.876187 53.871782 15 149 3
87 68.782028 66.882062 15 144 1
88 41.724841 66.367521 15 105 3
89 0.972265 1.681485 15 132 3
90 8.968258 10.388500 15 111 1
91 79.704013 96.581943 15 146 3
92 20.733597 61.694542 15 113 5
93 1.483788 79.389446 15 128 5
94 49.116000 19.530329 15 103 4
95 13.827811 17.198465 15 137 2
96 49.314219 24.599660 15 111 3
97 82.704382 4.539331 15 126 2
98 60.492735 17.088218 15 109 2
99 82.818422 36.122448 15 104 1
100 7.049332 82.854323 15 134 5
101 57.441042 60.436214 15 108 1
102 39.755140 48.215778 15 118 4
103 90.032368 37.911015 15 115 1
104 63.125951 92.873414 15 118 3
105 97.816505 47.806299 15 148 2
106 90.059549 32.017296 15 133 1
107 36.366613 1.541092 15 146 3
108 72.213936 20.215473 15 120 3
109 56.693897 57.948428 15 149 2
110 95.488165 48.562774 15 102 5
111 43.130335 3.669936 15 105 5
112 54.423328 35.720047 15 123 4
113 89.632000 60.983111 15 125 3
114 41.513810 32.032627 15 106 4
115 20.882084 68.769747 15 104 3
116 44.997031 19.376255 15 136 5
117 97.183426 4.790279 15 127 3
118 18.347184 24.188191 15 100 3
119 10.384836 79.157777 15 122 2
120 27.201839 28.286611 15 145 1
121 11.269680 17.818661 15 108 2
122 35.614494 9.391095 15 132 3
123 99.880797 64.081017 15 134 2
124 39.452995 66.954485 15 138 1
125 41.480702 38.695524 15 122 3
126 40.674329 45.495784 15 146 1
127 34.660521 96.619626 15 134 1
128 19.458123 60.085725 15 106 1
129 2.358942 20.330386 15 142 1
130 94.164098 63.338894 15 148 1
131 93.784542 35.676189 15 149 1
132 95.733130 97.800802 15 115 3
133 1.227039 61.412399 15 145 4
134 59.388696 22.088368 15 135 4
135 95.757837 42.329055 15 109 4
136 6.413894 55.712492 15 136 5
137 29.171769 21.866144 15 105 2
138 90.520433 38.587937 15 123 4
139 53.839669 76.900113 15 115 4
4430
0 1
0 3
0 9
0 16
0 18
0 20
0 25
0 26
0 27
0 30
0 31
0 35
0 36
0 38
0 39
0 41
0 54
0 58
0 59
0 60
0 61
0 63
0 65
0 66
0 74
0 75
0 76
0 82
0 85
0 86
0 87
0 88
0 96
0 101
0 102
0 109
0 112
0 114
0 124
0 125
0 126
0 134
0 139
1 0
1 3
1 9
1 16
1 18
1 20
1 25
1 26
1 27
1 30
1 35
1 36
1 38
1 39
1 41
1 43
1 46
1 52
1 54
1 58
1 59
1 60
1 61
1 63
1 65
1 66
1 74
1 75
1 76
1 82
1 85
1 86
1 88
1 92
1 94
1 96
1 101
1 102
1 109
1 112
1 114
1 116
1 120
1 124
1 125
1 126
1 128
1 137
2 7
2 9
2 15
2 19
2 20
2 24
2 26
2 29
2 35
2 38
2 39
2 40
2 50
2 58
2 68
2 69
2 71
2 74
2 75
2 76
2 82
2 84
2 87
2 88
2 91
2 101
2 104
2 124
2 127
2 139
3 0
3 1
3 4
3 8
3 11
3 16
3 18
3 25
3 26
3 27
3 30
3 35
3 36
3 38
3 39
3 41
3 43
3 45
3 46
3 52
3 54
3 58
3 59
3 60
3 62
3 63
3 65
3 66
3 72
3 74
3 75
3 76
3 77
3 78
3 81
3 85
3 86
3 88
3 92
3 96
3 101
3 102
3 109
3 112
3 114
3 115
3 118
3 120
3 124
3 125
3 126
3 128
3 136
3 137
4 3
4 5
4 8
4 11
4 16
4 18
4 28
4 33
4 34
4 36
4 37
4 41
4 43
4 45
4 46
4 52
4 55
4 56
4 62
4 63
4 65
4 72
4 77
4 78
4 80
4 81
4 90
4 94
4 95
4 96
4 107
4 111
4 114
4 116
4 118
4 120
4 121
4 122
4 125
4 126
4 129
4 137
5 4
5 8
5 11
5 18
5 28
5 33
5 34
5 36
5 37
5 41
5 42
5 43
5 44
5 45
5 46
5 52
5 55
5 56
5 62
5 72
5 77
5 78
5 80
5 81
5 89
5 90
5 95
5 107
5 118
5 120
5 121
5 122
5 129
5 137
6 7
6 13
6 17
6 21
6 22
6 29
6 31
6 40
6 47
6 64
6 67
6 82
6 83
6 84
6 87
6 91
6 105
6 110
6 113
6 123
6 130
6 132
6 135
7 2
7 6
7 13
7 17
7 19
7 20
7 21
7 22
7 26
7 29
7 40
7 47
7 64
7 67
7 68
7 69
7 82
7 84
7 87
7 91
7 101
7 104
7 113
7 123
7 130
7 132
7 139
8 3
8 4
8 5
8 11
8 23
8 28
8 36
8 37
8 41
8 42
8 43
8 45
8 46
8 55
8 62
8 65
8 72
8 77
8 78
8 80
8 81
8 90
8 95
8 118
8 120
8 121
8 129
8 136
8 137
9 0
9 1
9 2
9 15
9 19
9 20
9 24
9 25
9 26
9 27
9 32
9 35
9 38
9 39
9 50
9 57
9 58
9 66
9 69
9 71
9 74
9 75
9 76
9 82
9 85
9 86
9 87
9 88
9 92
9 101
9 102
9 104
9 109
9 115
9 124
9 127
9 128
9 139
10 14
10 17
10 31
10 48
10 51
10 53
10 79
10 83
10 97
10 99
10 103
10 105
10 106
10 108
10 110
10 117
10 131
10 135
10 138
11 3
11 4
11 5
11 8
11 16
11 18
11 23
11 28
11 33
11 34
11 36
11 37
11 41
11 42
11 43
11 44
11 45
11 46
11 52
11 55
11 56
11 62
11 65
11 72
11 77
11 78
11 80
11 81
11 89
11 90
11 95
11 107
11 114
11 116
11 118
11 120
11 121
11 122
11 125
11 129
11 137
12 34
12 53
12 94
12 96
12 97
12 98
12 108
12 111
12 116
12 134
13 6
13 7
13 17
13 21
13 22
13 40
13 47
13 64
13 83
13 105
13 110
13 113
13 123
13 130
13 135
13 138
14 10
14 31
14 48
14 51
14 53
14 79
14 83
14 97
14 99
14 103
14 105
14 106
14 108
14 110
14 117
14 131
14 135
14 138
15 2
15 9
15 19
15 20
15 24
15 25
15 26
15 32
15 35
15 38
15 39
15 50
15 58
15 69
15 71
15 74
15 75
15 76
15 82
15 84
15 88
15 104
15 115
15 124
15 127
15 139
16 0
16 1
16 3
16 4
16 11
16 18
16 25
16 27
16 28
16 30
16 34
16 36
16 37
16 41
16 43
16 45
16 46
16 52
16 54
16 55
16 59
16 60
16 61
16 62
16 63
16 65
16 66
16 72
16 77
16 78
16 80
16 81
16 85
16 86
16 94
16 96
16 98
16 102
16 109
16 112
16 114
16 116
16 118
16 120
16 122
16 125
16 126
16 134
16 137
17 6
17 7
17 10
17 13
17 22
17 31
17 40
17 47
17 48
17 51
17 59
17 60
17 61
17 66
17 79
17 82
17 83
17 85
17 87
17 99
17 101
17 103
17 105
17 106
17 109
17 110
17 113
17 123
17 130
17 131
17 135
17 138
18 0
18 1
18 3
18 4
18 5
18 11
18 16
18 27
18 28
18 30
18 34
18 36
18 37
18 41
18 43
18 46
18 52
18 54
18 55
18 59
18 60
18 61
18 62
18 63
18 65
18 72
18 77
18 78
18 80
18 81
18 86
18 94
18 95
18 96
18 98
18 102
18 107
18 111
18 112
18 114
18 116
18 118
18 120
18 122
18 125
18 126
18 134
18 137
19 2
19 7
19 9
19 15
19 20
19 26
19 29
19 39
19 50
19 68
19 69
19 71
19 84
19 91
19 104
19 127
19 139
20 0
20 1
20 2
20 7
20 9
20 15
20 19
20 22
20 24
20 25
20 26
20 27
20 35
20 38
20 39
20 40
20 50
20 54
20 58
20 60
20 66
20 69
20 71
20 74
20 75
20 76
20 82
20 84
20 85
20 86
20 87
20 88
20 101
20 102
20 104
20 109
20 124
20 126
20 139
21 6
21 7
21 13
21 22
21 29
21 40
21 47
21 64
21 67
21 68
21 84
21 91
21 113
21 123
21 130
21 132
22 6
22 7
22 13
22 17
22 20
22 21
22 29
22 40
22 47
22 64
22 67
22 68
22 82
22 83
22 84
22 85
22 87
22 91
22 101
22 104
22 109
22 110
22 113
22 123
22 130
22 132
22 139
23 8
23 11
23 41
23 42
23 45
23 46
23 62
23 73
23 78
23 81
23 92
23 95
23 118
23 121
23 128
23 129
23 133
23 136
24 2
24 9
24 15
24 20
24 25
24 26
24 32
24 35
24 38
24 39
24 49
24 50
24 57
24 58
24 69
24 70
24 71
24 73
24 74
24 75
24 76
24 86
24 88
24 92
24 93
24 100
24 115
24 119
24 124
24 127
24 128
24 139
25 0
25 1
25 3
25 9
25 15
25 16
25 20
25 24
25 26
25 27
25 32
25 35
25 38
25 39
25 41
25 45
25 50
25 54
25 57
25 58
25 65
25 66
25 71
25 73
25 74
25 75
25 76
25 81
25 82
25 85
25 86
25 88
25 92
25 101
25 102
25 109
25 115
25 119
25 124
25 125
25 126
25 128
25 136
25 139
26 0
26 1
26 2
26 3
26 7
26 9
26 15
26 19
26 20
26 24
26 25
26 27
26 35
26 38
26 39
26 40
26 50
26 54
26 58
26 60
26 66
26 69
26 71
26 74
26 75
26 76
26 82
26 84
26 85
26 86
26 87
26 88
26 101
26 102
26 104
26 109
26 124
26 126
26 139
27 0
27 1
27 3
27 9
27 16
27 18
27 20
27 25
27 26
27 30
27 31
27 35
27 38
27 39
27 41
27 54
27 58
27 59
27 60
27 61
27 63
27 65
27 66
27 74
27 75
27 76
27 82
27 85
27 86
27 87
27 88
27 96
27 101
27 102
27 109
27 112
27 114
27 124
27 125
27 126
27 134
27 139
28 4
28 5
28 8
28 11
28 16
28 18
28 33
28 34
28 36
28 37
28 41
28 43
28 46
28 52
28 55
28 56
28 62
28 63
28 65
28 72
28 77
28 78
28 80
28 81
28 90
28 94
28 95
28 96
28 107
28 111
28 114
28 116
28 118
28 120
28 121
28 122
28 125
28 129
28 134
28 137
29 2
29 6
29 7
29 19
29 21
29 22
29 40
29 47
29 64
29 67
29 68
29 69
29 84
29 91
29 104
29 132
29 139
30 0
30 1
30 3
30 16
30 18
30 27
30 31
30 34
30 36
30 43
30 52
30 53
30 54
30 59
30 60
30 61
30 63
30 65
30 66
30 82
30 85
30 86
30 94
30 96
30 98
30 99
30 101
30 102
30 108
30 109
30 112
30 114
30 116
30 125
30 126
30 134
31 0
31 6
31 10
31 14
31 17
31 27
31 30
31 40
31 48
31 51
31 53
31 54
31 59
31 60
31 61
31 63
31 66
31 79
31 82
31 83
31 85
31 87
31 99
31 101
31 103
31 105
31 106
31 108
31 109
31 110
31 112
31 113
31 130
31 131
31 134
31 135
31 138
32 9
32 15
32 24
32 25
32 35
32 39
32 49
32 50
32 57
32 58
32 70
32 71
32 73
32 74
32 75
32 76
32 86
32 88
32 92
32 93
32 100
32 115
32 119
32 124
32 127
32 128
32 133
32 136
33 4
33 5
33 11
33 28
33 34
33 36
33 37
33 43
33 44
33 52
33 55
33 56
33 72
33 77
33 80
33 89
33 90
33 94
33 95
33 107
33 111
33 116
33 118
33 120
33 121
33 122
33 137
34 4
34 5
34 11
34 12
34 16
34 18
34 28
34 30
34 33
34 36
34 37
34 41
34 43
34 46
34 52
34 54
34 55
34 56
34 59
34 61
34 63
34 65
34 72
34 77
34 80
34 94
34 95
34 96
34 98
34 107
34 108
34 111
34 112
34 114
34 116
34 118
34 120
34 122
34 125
34 126
34 134
34 137
35 0
35 1
35 2
35 3
35 9
35 15
35 20
35 24
35 25
35 26
35 27
35 32
35 38
35 39
35 50
35 54
35 57
35 58
35 65
35 66
35 69
35 71
35 74
35 75
35 76
35 82
35 85
35 86
35 88
35 92
35 101
35 102
35 109
35 115
35 119
35 124
35 126
35 127
35 128
35 139
36 0
36 1
36 3
36 4
36 5
36 8
36 11
36 16
36 18
36 28
36 30
36 33
36 34
36 37
36 41
36 43
36 45
36 46
36 52
36 54
36 55
36 56
36 59
36 62
36 63
36 65
36 72
36 77
36 78
36 80
36 81
36 86
36 90
36 94
36 95
36 96
36 102
36 107
36 111
36 112
36 114
36 116
36 118
36 120
36 121
36 122
36 125
36 126
36 129
36 134
36 137
37 4
37 5
37 8
37 11
37 16
37 18
37 28
37 33
37 34
37 36
37 41
37 42
37 43
37 44
37 45
37 46
37 52
37 55
37 56
37 62
37 65
37 72
37 77
37 78
37 80
37 81
37 89
37 90
37 95
37 107
37 111
37 114
37 116
37 118
37 120
37 121
37 122
37 129
37 137
38 0
38 1
38 2
38 3
38 9
38 15
38 20
38 24
38 25
38 26
38 27
38 35
38 39
38 40
38 50
38 54
38 58
38 60
38 66
38 69
38 71
38 74
38 75
38 76
38 82
38 85
38 86
38 87
38 88
38 92
38 101
38 102
38 104
38 109
38 115
38 124
38 126
38 128
38 139
39 0
39 1
39 2
39 3
39 9
39 15
39 19
39 20
39 24
39 25
39 26
39 27
39 32
39 35
39 38
39 50
39 57
39 58
39 66
39 69
39 71
39 74
39 75
39 76
39 82
39 85
39 86
39 87
39 88
39 92
39 101
39 102
39 104
39 109
39 115
39 124
39 126
39 127
39 128
39 139
40 2
40 6
40 7
40 13
40 17
40 20
40 21
40 22
40 26
40 29
40 31
40 38
40 47
40 64
40 66
40 67
40 68
40 82
40 83
40 84
40 85
40 87
40 91
40 101
40 104
40 109
40 113
40 123
40 130
40 139
41 0
41 1
41 3
41 4
41 5
41 8
41 11
41 16
41 18
41 23
41 25
41 27
41 28
41 34
41 36
41 37
41 42
41 43
41 45
41 46
41 52
41 54
41 55
41 58
41 62
41 63
41 65
41 72
41 77
41 78
41 80
41 81
41 86
41 88
41 92
41 95
41 96
41 102
41 112
41 114
41 115
41 116
41 118
41 120
41 121
41 124
41 125
41 126
41 128
41 136
41 137
42 5
42 8
42 11
42 23
42 37
42 41
42 45
42 46
42 55
42 62
42 72
42 78
42 81
42 90
42 95
42 118
42 120
42 121
42 129
42 133
42 136
43 1
43 3
43 4
43 5
43 8
43 11
43 16
43 18
43 28
43 30
43 33
43 34
43 36
43 37
43 41
43 45
43 46
43 52
43 54
43 55
43 56
43 62
43 63
43 65
43 72
43 77
43 78
43 80
43 81
43 90
43 94
43 95
43 96
43 98
43 102
43 107
43 111
43 112
43 114
43 116
43 118
43 120
43 121
43 122
43 125
43 126
43 134
43 137
44 5
44 11
44 33
44 37
44 55
44 56
44 72
44 80
44 89
44 90
44 95
44 118
44 121
44 129
45 3
45 4
45 5
45 8
45 11
45 16
45 23
45 25
45 36
45 37
45 41
45 42
45 43
45 46
45 55
45 62
45 65
45 72
45 73
45 77
45 78
45 81
45 86
45 92
45 95
45 102
45 115
45 118
45 120
45 121
45 128
45 129
45 133
45 136
45 137
46 1
46 3
46 4
46 5
46 8
46 11
46 16
46 18
46 23
46 28
46 34
46 36
46 37
46 41
46 42
46 43
46 45
46 52
46 54
46 55
46 62
46 63
46 65
46 72
46 77
46 78
46 80
46 81
46 86
46 90
46 92
46 94
46 95
46 96
46 102
46 114
46 116
46 118
46 120
46 121
46 122
46 125
46 126
46 128
46 129
46 136
46 137
47 6
47 7
47 13
47 17
47 21
47 22
47 29
47 40
47 64
47 67
47 68
47 84
47 87
47 91
47 104
47 113
47 123
47 130
47 132
48 10
48 14
48 17
48 31
48 51
48 53
48 79
48 83
48 99
48 103
48 105
48 106
48 108
48 110
48 113
48 123
48 130
48 131
48 135
48 138
49 24
49 32
49 57
49 70
49 73
49 93
49 100
49 115
49 119
50 2
50 9
50 15
50 19
50 20
50 24
50 25
50 26
50 32
50 35
50 38
50 39
50 57
50 58
50 69
50 71
50 74
50 75
50 76
50 82
50 86
50 88
50 92
50 100
50 101
50 109
50 115
50 119
50 124
50 127
50 128
50 139
51 10
51 14
51 17
51 31
51 48
51 53
51 79
51 83
51 99
51 103
51 105
51 106
51 108
51 110
51 113
51 130
51 131
51 135
51 138
52 1
52 3
52 4
52 5
52 11
52 16
52 18
52 28
52 30
52 33
52 34
52 36
52 37
52 41
52 43
52 46
52 54
52 55
52 56
52 59
52 61
52 62
52 63
52 65
52 72
52 77
52 78
52 80
52 94
52 95
52 96
52 98
52 102
52 107
52 111
52 112
52 114
52 116
52 118
52 120
52 121
52 122
52 125
52 126
52 134
52 137
53 10
53 12
53 14
53 30
53 31
53 48
53 51
53 59
53 61
53 63
53 79
53 94
53 96
53 97
53 98
53 99
53 103
53 106
53 108
53 112
53 116
53 117
53 131
53 134
53 138
54 0
54 1
54 3
54 16
54 18
54 20
54 25
54 26
54 27
54 30
54 31
54 34
54 35
54 36
54 38
54 41
54 43
54 46
54 52
54 58
54 59
54 60
54 61
54 63
54 65
54 66
54 74
54 76
54 77
54 82
54 85
54 86
54 88
54 94
54 96
54 98
54 101
54 102
54 109
54 112
54 114
54 116
54 120
54 124
54 125
54 126
54 134
54 137
55 4
55 5
55 8
55 11
55 16
55 18
55 28
55 33
55 34
55 36
55 37
55 41
55 42
55 43
55 44
55 45
55 46
55 52
55 56
55 62
55 65
55 72
55 77
55 78
55 80
55 81
55 89
55 90
55 94
55 95
55 96
55 107
55 111
55 114
55 116
55 118
55 120
55 121
55 122
55 125
55 129
55 137
56 4
56 5
56 11
56 28
56 33
56 34
56 36
56 37
56 43
56 44
56 52
56 55
56 72
56 77
56 80
56 89
56 90
56 95
56 107
56 111
56 116
56 118
56 120
56 121
56 122
56 129
56 137
57 9
57 24
57 25
57 32
57 35
57 39
57 49
57 50
57 58
57 70
57 73
57 75
57 92
57 93
57 100
57 115
57 119
57 124
57 127
57 128
57 133
57 136
58 0
58 1
58 2
58 3
58 9
58 15
58 20
58 24
58 25
58 26
58 27
58 32
58 35
58 38
58 39
58 41
58 50
58 54
58 57
58 60
58 65
58 66
58 71
58 74
58 75
58 76
58 82
58 85
58 86
58 87
58 88
58 92
58 101
58 102
58 109
58 115
58 124
58 125
58 126
58 128
58 139
59 0
59 1
59 3
59 16
59 17
59 18
59 27
59 30
59 31
59 34
59 36
59 52
59 53
59 54
59 60
59 61
59 63
59 65
59 66
59 82
59 85
59 87
59 94
59 96
59 98
59 99
59 101
59 102
59 108
59 109
59 112
59 114
59 116
59 125
59 126
59 134
60 0
60 1
60 3
60 16
60 17
60 18
60 20
60 26
60 27
60 30
60 31
60 38
60 54
60 58
60 59
60 61
60 63
60 65
60 66
60 74
60 76
60 82
60 85
60 86
60 87
60 88
60 94
60 96
60 98
60 99
60 101
60 102
60 108
60 109
60 112
60 114
60 116
60 124
60 125
60 126
60 134
61 0
61 1
61 16
61 17
61 18
61 27
61 30
61 31
61 34
61 52
61 53
61 54
61 59
61 60
61 63
61 66
61 82
61 85
61 87
61 94
61 96
61 98
61 99
61 101
61 102
61 103
61 106
61 108
61 109
61 112
61 114
61 116
61 125
61 126
61 134
61 138
62 3
62 4
62 5
62 8
62 11
62 16
62 18
62 23
62 28
62 36
62 37
62 41
62 42
62 43
62 45
62 46
62 52
62 55
62 65
62 72
62 77
62 78
62 80
62 81
62 86
62 90
62 92
62 95
62 102
62 114
62 118
62 120
62 121
62 122
62 125
62 126
62 128
62 129
62 136
62 137
63 0
63 1
63 3
63 4
63 16
63 18
63 27
63 28
63 30
63 31
63 34
63 36
63 41
63 43
63 46
63 52
63 53
63 54
63 59
63 60
63 61
63 65
63 66
63 77
63 85
63 86
63 94
63 96
63 98
63 101
63 102
63 108
63 109
63 111
63 112
63 114
63 116
63 120
63 122
63 125
63 126
63 134
63 137
64 6
64 7
64 13
64 21
64 22
64 29
64 40
64 47
64 67
64 68
64 84
64 91
64 104
64 113
64 123
64 130
64 132
65 0
65 1
65 3
65 4
65 8
65 11
65 16
65 18
65 25
65 27
65 28
65 30
65 34
65 35
65 36
65 37
65 41
65 43
65 45
65 46
65 52
65 54
65 55
65 58
65 59
65 60
65 62
65 63
65 66
65 72
65 77
65 78
65 81
65 86
65 88
65 92
65 94
65 96
65 102
65 109
65 112
65 114
65 115
65 116
65 118
65 120
65 124
65 125
65 126
65 128
65 136
65 137
66 0
66 1
66 3
66 9
66 16
66 17
66 20
66 25
66 26
66 27
66 30
66 31
66 35
66 38
66 39
66 40
66 54
66 58
66 59
66 60
66 61
66 63
66 65
66 74
66 75
66 76
66 82
66 85
66 86
66 87
66 88
66 101
66 102
66 109
66 112
66 114
66 124
66 125
66 126
66 139
67 6
67 7
67 21
67 22
67 29
67 40
67 47
67 64
67 68
67 84
67 91
67 104
67 132
68 2
68 7
68 19
68 21
68 22
68 29
68 40
68 47
68 64
68 67
68 69
68 84
68 91
68 104
68 132
69 2
69 7
69 9
69 15
69 19
69 20
69 24
69 26
69 29
69 35
69 38
69 39
69 50
69 68
69 71
69 74
69 75
69 76
69 82
69 84
69 88
69 91
69 104
69 124
69 127
69 139
70 24
70 32
70 49
70 57
70 73
70 93
70 100
70 119
71 2
71 9
71 15
71 19
71 20
71 24
71 25
71 26
71 32
71 35
71 38
71 39
71 50
71 58
71 69
71 74
71 75
71 76
71 82
71 84
71 85
71 88
71 101
71 104
71 109
71 115
71 124
71 127
71 139
72 3
72 4
72 5
72 8
72 11
72 16
72 18
72 28
72 33
72 34
72 36
72 37
72 41
72 42
72 43
72 44
72 45
72 46
72 52
72 55
72 56
72 62
72 65
72 77
72 78
72 80
72 81
72 89
72 90
72 94
72 95
72 96
72 107
72 111
72 114
72 116
72 118
72 120
72 121
72 122
72 125
72 129
72 137
73 23
73 24
73 25
73 32
73 45
73 49
73 57
73 70
73 86
73 92
73 93
73 100
73 115
73 119
73 128
73 133
73 136
74 0
74 1
74 2
74 3
74 9
74 15
74 20
74 24
74 25
74 26
74 27
74 32
74 35
74 38
74 39
74 50
74 54
74 58
74 60
74 66
74 69
74 71
74 75
74 76
74 82
74 85
74 86
74 87
74 88
74 92
74 101
74 102
74 104
74 109
74 115
74 124
74 126
74 127
74 128
74 139
75 0
75 1
75 2
75 3
75 9
75 15
75 20
75 24
75 25
75 26
75 27
75 32
75 35
75 38
75 39
75 50
75 57
75 58
75 66
75 69
75 71
75 74
75 76
75 82
75 85
75 86
75 88
75 92
75 100
75 101
75 102
75 109
75 115
75 119
75 124
75 127
75 128
75 139
76 0
76 1
76 2
76 3
76 9
76 15
76 20
76 24
76 25
76 26
76 27
76 32
76 35
76 38
76 39
76 50
76 54
76 58
76 60
76 66
76 69
76 71
76 74
76 75
76 82
76 85
76 86
76 87
76 88
76 92
76 101
76 102
76 104
76 109
76 115
76 124
76 126
76 127
76 128
76 139
77 3
77 4
77 5
77 8
77 11
77 16
77 18
77 28
77 33
77 34
77 36
77 37
77 41
77 43
77 45
77 46
77 52
77 54
77 55
77 56
77 62
77 63
77 65
77 72
77 78
77 80
77 81
77 90
77 94
77 95
77 96
77 98
77 102
77 107
77 111
77 112
77 114
77 116
77 118
77 120
77 121
77 122
77 125
77 126
77 129
77 134
77 137
78 3
78 4
78 5
78 8
78 11
78 16
78 18
78 23
78 28
78 36
78 37
78 41
78 42
78 43
78 45
78 46
78 52
78 55
78 62
78 65
78 72
78 77
78 80
78 81
78 86
78 90
78 92
78 95
78 102
78 114
78 118
78 120
78 121
78 125
78 126
78 128
78 129
78 136
78 137
79 10
79 14
79 17
79 31
79 48
79 51
79 53
79 83
79 97
79 99
79 103
79 105
79 106
79 108
79 110
79 117
79 131
79 135
79 138
80 4
80 5
80 8
80 11
80 16
80 18
80 28
80 33
80 34
80 36
80 37
80 41
80 43
80 44
80 46
80 52
80 55
80 56
80 62
80 72
80 77
80 78
80 81
80 89
80 90
80 94
80 95
80 96
80 107
80 111
80 114
80 116
80 118
80 120
80 121
80 122
80 129
80 137
81 3
81 4
81 5
81 8
81 11
81 16
81 18
81 23
81 25
81 28
81 36
81 37
81 41
81 42
81 43
81 45
81 46
81 55
81 62
81 65
81 72
81 77
81 78
81 80
81 86
81 92
81 95
81 102
81 114
81 115
81 118
81 120
81 121
81 125
81 126
81 128
81 129
81 133
81 136
81 137
82 0
82 1
82 2
82 6
82 7
82 9
82 15
82 17
82 20
82 22
82 25
82 26
82 27
82 30
82 31
82 35
82 38
82 39
82 40
82 50
82 54
82 58
82 59
82 60
82 61
82 66
82 69
82 71
82 74
82 75
82 76
82 84
82 85
82 86
82 87
82 88
82 101
82 102
82 104
82 109
82 112
82 124
82 126
82 139
83 6
83 10
83 13
83 14
83 17
83 22
83 31
83 40
83 48
83 51
83 79
83 99
83 103
83 105
83 106
83 110
83 113
83 123
83 130
83 131
83 135
83 138
84 2
84 6
84 7
84 15
84 19
84 20
84 21
84 22
84 26
84 29
84 40
84 47
84 64
84 67
84 68
84 69
84 71
84 82
84 87
84 91
84 104
84 132
84 139
85 0
85 1
85 3
85 9
85 16
85 17
85 20
85 22
85 25
85 26
85 27
85 30
85 31
85 35
85 38
85 39
85 40
85 54
85 58
85 59
85 60
85 61
85 63
85 66
85 71
85 74
85 75
85 76
85 82
85 86
85 87
85 88
85 101
85 102
85 109
85 112
85 124
85 125
85 126
85 139
86 0
86 1
86 3
86 9
86 16
86 18
86 20
86 24
86 25
86 26
86 27
86 30
86 32
86 35
86 36
86 38
86 39
86 41
86 45
86 46
86 50
86 54
86 58
86 60
86 62
86 63
86 65
86 66
86 73
86 74
86 75
86 76
86 78
86 81
86 82
86 85
86 88
86 92
86 101
86 102
86 109
86 112
86 114
86 115
86 120
86 124
86 125
86 126
86 128
86 136
87 0
87 2
87 6
87 7
87 9
87 17
87 20
87 22
87 26
87 27
87 31
87 38
87 39
87 40
87 47
87 58
87 59
87 60
87 61
87 66
87 74
87 76
87 82
87 84
87 85
87 88
87 101
87 104
87 109
87 113
87 124
87 130
87 139
88 0
88 1
88 2
88 3
88 9
88 15
88 20
88 24
88 25
88 26
88 27
88 32
88 35
88 38
88 39
88 41
88 50
88 54
88 58
88 60
88 65
88 66
88 69
88 71
88 74
88 75
88 76
88 82
88 85
88 86
88 87
88 92
88 101
88 102
88 109
88 115
88 124
88 125
88 126
88 128
88 139
89 5
89 11
89 33
89 37
89 44
89 55
89 56
89 72
89 80
89 90
89 95
89 118
89 121
89 129
90 4
90 5
90 8
90 11
90 28
90 33
90 36
90 37
90 42
90 43
90 44
90 46
90 55
90 56
90 62
90 72
90 77
90 78
90 80
90 89
90 95
90 107
90 118
90 120
90 121
90 122
90 129
90 137
91 2
91 6
91 7
91 19
91 21
91 22
91 29
91 40
91 47
91 64
91 67
91 68
91 69
91 84
91 104
91 132
92 1
92 3
92 9
92 23
92 24
92 25
92 32
92 35
92 38
92 39
92 41
92 45
92 46
92 50
92 57
92 58
92 62
92 65
92 73
92 74
92 75
92 76
92 78
92 81
92 86
92 88
92 93
92 100
92 102
92 115
92 119
92 124
92 126
92 128
92 133
92 136
93 24
93 32
93 49
93 57
93 70
93 73
93 92
93 100
93 115
93 119
93 128
93 133
93 136
94 1
94 4
94 12
94 16
94 18
94 28
94 30
94 33
94 34
94 36
94 43
94 46
94 52
94 53
94 54
94 55
94 59
94 60
94 61
94 63
94 65
94 72
94 77
94 80
94 96
94 98
94 107
94 108
94 111
94 112
94 114
94 116
94 120
94 122
94 125
94 126
94 134
94 137
95 4
95 5
95 8
95 11
95 18
95 23
95 28
95 33
95 34
95 36
95 37
95 41
95 42
95 43
95 44
95 45
95 46
95 52
95 55
95 56
95 62
95 72
95 77
95 78
95 80
95 81
95 89
95 90
95 107
95 118
95 120
95 121
95 122
95 129
95 137
96 0
96 1
96 3
96 4
96 12
96 16
96 18
96 27
96 28
96 30
96 34
96 36
96 41
96 43
96 46
96 52
96 53
96 54
96 55
96 59
96 60
96 61
96 63
96 65
96 72
96 77
96 80
96 94
96 98
96 102
96 107
96 108
96 111
96 112
96 114
96 116
96 120
96 122
96 125
96 126
96 134
96 137
97 10
97 12
97 14
97 53
97 79
97 98
97 106
97 108
97 117
97 134
98 12
98 16
98 18
98 30
98 34
98 43
98 52
98 53
98 54
98 59
98 60
98 61
98 63
98 77
98 94
98 96
98 97
98 99
98 107
98 108
98 111
98 112
98 114
98 116
98 122
98 125
98 134
99 10
99 14
99 17
99 30
99 31
99 48
99 51
99 53
99 59
99 60
99 61
99 79
99 83
99 98
99 103
99 105
99 106
99 108
99 110
99 112
99 113
99 130
99 131
99 134
99 135
99 138
100 24
100 32
100 49
100 50
100 57
100 70
100 73
100 75
100 92
100 93
100 115
100 119
100 128
100 133
100 136
101 0
101 1
101 2
101 3
101 7
101 9
101 17
101 20
101 22
101 25
101 26
101 27
101 30
101 31
101 35
101 38
101 39
101 40
101 50
101 54
101 58
101 59
101 60
101 61
101 63
101 66
101 71
101 74
101 75
101 76
101 82
101 85
101 86
101 87
101 88
101 102
101 109
101 112
101 124
101 125
101 126
101 139
102 0
102 1
102 3
102 9
102 16
102 18
102 20
102 25
102 26
102 27
102 30
102 35
102 36
102 38
102 39
102 41
102 43
102 45
102 46
102 52
102 54
102 58
102 59
102 60
102 61
102 62
102 63
102 65
102 66
102 74
102 75
102 76
102 77
102 78
102 81
102 82
102 85
102 86
102 88
102 92
102 96
102 101
102 109
102 112
102 114
102 115
102 116
102 120
102 124
102 125
102 126
102 128
102 137
103 10
103 14
103 17
103 31
103 48
103 51
103 53
103 61
103 79
103 83
103 99
103 105
103 106
103 108
103 110
103 113
103 123
103 130
103 131
103 135
103 138
104 2
104 7
104 9
104 15
104 19
104 20
104 22
104 26
104 29
104 38
104 39
104 40
104 47
104 64
104 67
104 68
104 69
104 71
104 74
104 76
104 82
104 84
104 87
104 91
104 127
104 139
105 6
105 10
105 13
105 14
105 17
105 31
105 48
105 51
105 79
105 83
105 99
105 103
105 106
105 110
105 113
105 123
105 130
105 131
105 135
105 138
106 10
106 14
106 17
106 31
106 48
106 51
106 53
106 61
106 79
106 83
106 97
106 99
106 103
106 105
106 108
106 110
106 113
106 117
106 131
106 135
106 138
107 4
107 5
107 11
107 18
107 28
107 33
107 34
107 36
107 37
107 43
107 52
107 55
107 56
107 72
107 77
107 80
107 90
107 94
107 95
107 96
107 98
107 111
107 116
107 118
107 120
107 121
107 122
107 137
108 10
108 12
108 14
108 30
108 31
108 34
108 48
108 51
108 53
108 59
108 60
108 61
108 63
108 79
108 94
108 96
108 97
108 98
108 99
108 103
108 106
108 112
108 116
108 117
108 131
108 134
108 138
109 0
109 1
109 3
109 9
109 16
109 17
109 20
109 22
109 25
109 26
109 27
109 30
109 31
109 35
109 38
109 39
109 40
109 50
109 54
109 58
109 59
109 60
109 61
109 63
109 65
109 66
109 71
109 74
109 75
109 76
109 82
109 85
109 86
109 87
109 88
109 101
109 102
109 112
109 124
109 125
109 126
109 139
110 6
110 10
110 13
110 14
110 17
110 22
110 31
110 48
110 51
110 79
110 83
110 99
110 103
110 105
110 106
110 113
110 123
110 130
110 131
110 135
110 138
111 4
111 12
111 18
111 28
111 33
111 34
111 36
111 37
111 43
111 52
111 55
111 56
111 63
111 72
111 77
111 80
111 94
111 96
111 98
111 107
111 114
111 116
111 120
111 122
111 134
111 137
112 0
112 1
112 3
112 16
112 18
112 27
112 30
112 31
112 34
112 36
112 41
112 43
112 52
112 53
112 54
112 59
112 60
112 61
112 63
112 65
112 66
112 77
112 82
112 85
112 86
112 94
112 96
112 98
112 99
112 101
112 102
112 108
112 109
112 114
112 116
112 120
112 125
112 126
112 134
112 137
113 6
113 7
113 13
113 17
113 21
113 22
113 31
113 40
113 47
113 48
113 51
113 64
113 83
113 87
113 99
113 103
113 105
113 106
113 110
113 123
113 130
113 131
113 135
113 138
114 0
114 1
114 3
114 4
114 11
114 16
114 18
114 27
114 28
114 30
114 34
114 36
114 37
114 41
114 43
114 46
114 52
114 54
114 55
114 59
114 60
114 61
114 62
114 63
114 65
114 66
114 72
114 77
114 78
114 80
114 81
114 86
114 94
114 96
114 98
114 102
114 111
114 112
114 116
114 118
114 120
114 122
114 125
114 126
114 134
114 137
115 3
115 9
115 15
115 24
115 25
115 32
115 35
115 38
115 39
115 41
115 45
115 49
115 50
115 57
115 58
115 65
115 71
115 73
115 74
115 75
115 76
115 81
115 86
115 88
115 92
115 93
115 100
115 102
115 119
115 124
115 128
115 133
115 136
116 1
116 4
116 11
116 12
116 16
116 18
116 28
116 30
116 33
116 34
116 36
116 37
116 41
116 43
116 46
116 52
116 53
116 54
116 55
116 56
116 59
116 60
116 61
116 63
116 65
116 72
116 77
116 80
116 94
116 96
116 98
116 102
116 107
116 108
116 111
116 112
116 114
116 118
116 120
116 122
116 125
116 126
116 134
116 137
117 10
117 14
117 53
117 79
117 97
117 106
117 108
118 3
118 4
118 5
118 8
118 11
118 16
118 18
118 23
118 28
118 33
118 34
118 36
118 37
118 41
118 42
118 43
118 44
118 45
118 46
118 52
118 55
118 56
118 62
118 65
118 72
118 77
118 78
118 80
118 81
118 89
118 90
118 95
118 107
118 114
118 116
118 120
118 121
118 122
118 125
118 129
118 137
119 24
119 25
119 32
119 35
119 49
119 50
119 57
119 70
119 73
119 75
119 92
119 93
119 100
119 115
119 127
119 128
119 133
119 136
120 1
120 3
120 4
120 5
120 8
120 11
120 16
120 18
120 28
120 33
120 34
120 36
120 37
120 41
120 42
120 43
120 45
120 46
120 52
120 54
120 55
120 56
120 62
120 63
120 65
120 72
120 77
120 78
120 80
120 81
120 86
120 90
120 94
120 95
120 96
120 102
120 107
120 111
120 112
120 114
120 116
120 118
120 121
120 122
120 125
120 126
120 129
120 137
121 4
121 5
121 8
121 11
121 23
121 28
121 33
121 36
121 37
121 41
121 42
121 43
121 44
121 45
121 46
121 52
121 55
121 56
121 62
121 72
121 77
121 78
121 80
121 81
121 89
121 90
121 95
121 107
121 118
121 120
121 122
121 129
121 137
122 4
122 5
122 11
122 16
122 18
122 28
122 33
122 34
122 36
122 37
122 43
122 46
122 52
122 55
122 56
122 62
122 63
122 72
122 77
122 80
122 90
122 94
122 95
122 96
122 98
122 107
122 111
122 114
122 116
122 118
122 120
122 121
122 125
122 134
122 137
123 6
123 7
123 13
123 17
123 21
123 22
123 40
123 47
123 48
123 64
123 83
123 103
123 105
123 110
123 113
123 130
123 131
123 135
123 138
124 0
124 1
124 2
124 3
124 9
124 15
124 20
124 24
124 25
124 26
124 27
124 32
124 35
124 38
124 39
124 41
124 50
124 54
124 57
124 58
124 60
124 65
124 66
124 69
124 71
124 74
124 75
124 76
124 82
124 85
124 86
124 87
124 88
124 92
124 101
124 102
124 109
124 115
124 125
124 126
124 128
124 139
125 0
125 1
125 3
125 4
125 11
125 16
125 18
125 25
125 27
125 28
125 30
125 34
125 36
125 41
125 43
125 46
125 52
125 54
125 55
125 58
125 59
125 60
125 61
125 62
125 63
125 65
125 66
125 72
125 77
125 78
125 81
125 85
125 86
125 88
125 94
125 96
125 98
125 101
125 102
125 109
125 112
125 114
125 116
125 118
125 120
125 122
125 124
125 126
125 134
125 137
126 0
126 1
126 3
126 4
126 16
126 18
126 20
126 25
126 26
126 27
126 30
126 34
126 35
126 36
126 38
126 39
126 41
126 43
126 46
126 52
126 54
126 58
126 59
126 60
126 61
126 62
126 63
126 65
126 66
126 74
126 76
126 77
126 78
126 81
126 82
126 85
126 86
126 88
126 92
126 94
126 96
126 101
126 102
126 109
126 112
126 114
126 116
126 120
126 124
126 125
126 128
126 134
126 137
127 2
127 9
127 15
127 19
127 24
127 32
127 35
127 39
127 50
127 57
127 69
127 71
127 74
127 75
127 76
127 104
127 119
127 139
128 1
128 3
128 9
128 23
128 24
128 25
128 32
128 35
128 38
128 39
128 41
128 45
128 46
128 50
128 57
128 58
128 62
128 65
128 73
128 74
128 75
128 76
128 78
128 81
128 86
128 88
128 92
128 93
128 100
128 102
128 115
128 119
128 124
128 126
128 133
128 136
129 4
129 5
129 8
129 11
129 23
129 28
129 36
129 37
129 42
129 44
129 45
129 46
129 55
129 56
129 62
129 72
129 77
129 78
129 80
129 81
129 89
129 90
129 95
129 118
129 120
129 121
129 137
130 6
130 7
130 13
130 17
130 21
130 22
130 31
130 40
130 47
130 48
130 51
130 64
130 83
130 87
130 99
130 103
130 105
130 110
130 113
130 123
130 131
130 135
130 138
131 10
131 14
131 17
131 31
131 48
131 51
131 53
131 79
131 83
131 99
131 103
131 105
131 106
131 108
131 110
131 113
131 123
131 130
131 135
131 138
132 6
132 7
132 21
132 22
132 29
132 47
132 64
132 67
132 68
132 84
132 91
133 23
133 32
133 42
133 45
133 57
133 73
133 81
133 92
133 93
133 100
133 115
133 119
133 128
133 136
134 0
134 12
134 16
134 18
134 27
134 28
134 30
134 31
134 34
134 36
134 43
134 52
134 53
134 54
134 59
134 60
134 61
134 63
134 77
134 94
134 96
134 97
134 98
134 99
134 108
134 111
134 112
134 114
134 116
134 122
134 125
134 126
135 6
135 10
135 13
135 14
135 17
135 31
135 48
135 51
135 79
135 83
135 99
135 103
135 105
135 106
135 110
135 113
135 123
135 130
135 131
135 138
136 3
136 8
136 23
136 25
136 32
136 41
136 42
136 45
136 46
136 57
136 62
136 65
136 73
136 78
136 81
136 86
136 92
136 93
136 100
136 115
136 119
136 128
136 133
137 1
137 3
137 4
137 5
137 8
137 11
137 16
137 18
137 28
137 33
137 34
137 36
137 37
137 41
137 43
137 45
137 46
137 52
137 54
137 55
137 56
137 62
137 63
137 65
137 72
137 77
137 78
137 80
137 81
137 90
137 94
137 95
137 96
137 102
137 107
137 111
137 112
137 114
137 116
137 118
137 120
137 121
137 122
137 125
137 126
137 129
138 10
138 13
138 14
138 17
138 31
138 48
138 51
138 53
138 61
138 79
138 83
138 99
138 103
138 105
138 106
138 108
138 110
138 113
138 123
138 130
138 131
138 135
139 0
139 2
139 7
139 9
139 15
139 19
139 20
139 22
139 24
139 25
139 26
139 27
139 29
139 35
139 38
139 39
139 40
139 50
139 58
139 66
139 69
139 71
139 74
139 75
139 76
139 82
139 84
139 85
139 87
139 88
139 101
139 104
139 109
139 124
139 127
