4
2 1
160
0 50.000000 50.000000 15 99999999 1
1 15.079210 24.930836 15 107 2
2 59.162134 31.997302 15 130 1
3 52.526457 98.182482 15 123 1
4 44.634525 39.650490 15 145 5
5 90.283822 31.240508 15 132 2
6 17.142358 58.276780 15 146 3
7 65.534449 56.251770 15 119 4
8 35.006780 41.614628 15 126 1
9 83.933881 87.036041 15 148 5
10 15.430323 53.312847 15 149 1
11 58.108213 44.890255 15 146 1
12 14.155561 91.060868 15 116 4
13 90.460963 10.607524 15 135 4
14 48.205996 95.217143 15 103 4
15 30.597499 67.524583 15 111 3
16 67.653232 43.442440 15 129 2
17 36.782446 46.319363 15 146 5
18 44.130667 52.568764 15 132 1
19 58.680049 95.172196 15 148 4
20 43.389973 1.287371 15 105 4
21 52.618003 45.975668 15 109 5
22 92.033197 18.678494 15 129 2
23 59.886230 80.799140 15 143 2
24 3.671969 3.075816 15 105 5
25 99.267000 49.662008 15 110 2
26 68.742311 13.828533 15 103 1
27 57.029897 12.956059 15 110 5
28 85.662295 56.815283 15 101 2
29 12.431495 59.251939 15 118 5
30 9.234767 7.458187 15 120 5
31 96.828201 8.333906 15 140 5
32 81.702785 11.465780 15 129 3
33 51.298925 98.121900 15 142 3
34 75.717414 38.162899 15 132 4
35 56.846286 9.686963 15 149 3
36 59.938137 15.830046 15 124 3
37 39.676469 26.198628 15 107 4
38 26.397312 59.149668 15 131 5
39 43.607314 50.081504 15 107 4
40 91.033015 88.752100 15 112 3
41 98.824980 23.751815 15 107 5
42 16.620454 78.543175 15 103 1
43 27.042741 51.911877 15 112 1
44 7.178322 43.099276 15 149 2
45 41.642946 18.835528 15 147 5
46 58.400297 99.157744 15 141 3
47 77.286747 41.878179 15 127 4
48 66.248917 44.796714 15 120 4
49 31.729356 96.131221 15 128 1
50 82.928252 49.278211 15 144 2
51 91.944326 11.390323 15 123 3
52 20.293293 68.885662 15 112 5
53 58.218516 67.211094 15 140 4
54 75.380317 34.082313 15 148 1
55 91.902065 10.078642 15 123 3
56 33.057962 39.685161 15 109 5
57 89.238037 15.847833 15 123 3
58 21.777490 76.137414 15 108 1
59 65.850829 85.117180 15 119 3
60 24.016019 87.558262 15 103 2
61 0.026238 41.153442 15 126 1
62 23.271335 5.717165 15 101 1
63 59.543569 13.085547 15 112 1
64 13.153299 34.768121 15 141 3
65 61.710275 5.671726 15 111 1
66 93.946971 99.298660 15 145 5
67 54.751135 86.678339 15 115 2
68 70.097401 80.721943 15 147 1
69 28.519147 58.697677 15 129 5
70 73.238299 41.974550 15 122 5
71 48.684456 8.990413 15 113 5
72 96.181277 92.325682 15 135 2
73 16.410435 76.523549 15 122 3
74 77.316992 70.588411 15 126 3
75 16.987432 50.831689 15 143 1
76 87.338460 82.441130 15 111 5
77 31.962350 43.131139 15 120 5
78 16.398017 30.967556 15 138 1
79 86.138316 37.490426 15 147 1
80 17.824413 59.581705 15 135 2
81 24.595621 89.664515 15 130 4
82 37.128815 72.853877 15 126 5
83 93.195526 32.962349 15 120 3
84 95.123041 85.036614 15 116 4
85 33.916532 92.783884 15 145 1
86 15.567966 24.229689 15 121 4
87 85.316413 89.088605 15 120 1
88 21.273936 49.738987 15 146 5
89 34.865406 78.245972 15 103 5
90 41.003764 25.632347 15 111 4
91 34.222566 22.724665 15 123 1
92 51.689432 33.138751 15 138 1
93 30.437639 44.559197 15 108 1
94 48.152003 64.852390 15 120 2
95 48.230651 85.071030 15 100 3
96 89.382144 74.463517 15 126 3
97 62.559120 95.417169 15 137 1
98 10.858677 8.990155 15 102 4
99 97.067988 9.246710 15 127 2
100 27.964690 7.944375 15 144 3
101 86.646200 29.073984 15 112 4
102 57.153323 67.072051 15 114 2
103 16.717252 4.152591 15 133 3
104 64.575901 64.561018 15 123 2
105 30.696633 42.956433 15 149 3
106 16.087860 30.408204 15 107 3
107 57.770058 7.085784 15 109 4
108 40.104803 1.342624 15 122 3
109 25.715054 63.771446 15 123 5
110 91.358782 75.979674 15 0 5
111 59.898538 86.217069 15 0 5
112 1.270506 73.511492 15 0 1
113 97.668351 94.088215 15 0 5
114 88.645854 33.792611 15 0 4
115 80.187101 92.044663 15 0 5
116 95.024746 76.151786 15 0 5
117 3.079775 72.138464 15 0 2
118 80.556866 49.635838 15 0 4
119 14.330695 20.895387 15 0 1
120 7.787972 45.636874 15 0 3
121 16.949554 74.781010 15 0 3
122 57.684914 21.606638 15 0 2
123 98.840798 30.717025 15 0 4
124 56.670290 43.949994 15 0 4
125 75.676920 31.913889 15 0 1
126 82.206222 53.683325 15 0 4
127 54.626010 7.208012 15 0 3
128 25.269979 71.010743 15 0 4
129 93.192973 55.161075 15 0 1
130 55.337290 0.330141 15 0 3
131 88.816097 38.429139 15 0 2
132 31.543788 38.364107 15 0 1
133 79.425529 36.412652 15 0 1
134 28.846535 35.703526 15 0 4
135 71.558004 2.165544 15 0 2
136 58.037052 65.309195 15 0 5
137 10.448295 19.423762 15 0 2
138 11.451514 76.022480 15 0 5
139 21.465602 22.389278 15 0 1
140 21.728559 16.745353 15 0 3
141 41.603557 9.327801 15 0 3
142 82.630756 95.098518 15 0 5
143 14.945371 30.259211 15 0 2
144 54.831387 95.481555 15 0 1
145 93.409406 49.550304 15 0 3
146 79.002091 18.667735 15 0 1
147 5.588120 87.891281 15 0 4
148 12.950544 19.884998 15 0 2
149 70.753168 52.482282 15 0 4
150 59.361574 39.122865 15 0 4
151 85.414712 41.708366 15 0 2
152 80.581840 23.312329 15 0 1
153 26.905614 9.239744 15 0 1
154 71.853328 44.422681 15 0 5
155 48.377619 11.420574 15 0 3
156 68.564954 67.094441 15 0 3
157 24.011220 24.791254 15 0 1
158 73.858372 87.004923 15 0 1
159 5.694769 88.366767 15 0 1
5282
0 2
0 4
0 7
0 8
0 11
0 15
0 16
0 17
0 18
0 21
0 34
0 37
0 38
0 39
0 43
0 47
0 48
0 53
0 54
0 56
0 69
0 70
0 77
0 82
0 88
0 90
0 92
0 93
0 94
0 102
0 104
0 105
0 109
0 122
0 124
0 132
0 134
0 136
0 149
0 150
0 154
0 156
1 8
1 10
1 24
1 30
1 37
1 43
1 44
1 45
1 56
1 61
1 62
1 64
1 75
1 77
1 78
1 86
1 88
1 90
1 91
1 93
1 98
1 100
1 103
1 105
1 106
1 119
1 120
1 132
1 134
1 137
1 139
1 140
1 143
1 148
1 153
1 157
2 0
2 4
2 7
2 8
2 11
2 16
2 17
2 18
2 21
2 26
2 27
2 34
2 35
2 36
2 37
2 39
2 45
2 47
2 48
2 50
2 54
2 56
2 63
2 65
2 70
2 71
2 77
2 79
2 90
2 91
2 92
2 101
2 107
2 114
2 118
2 122
2 124
2 125
2 127
2 132
2 133
2 141
2 146
2 149
2 150
2 151
2 152
2 154
2 155
3 14
3 19
3 23
3 33
3 46
3 49
3 59
3 67
3 68
3 81
3 82
3 85
3 89
3 95
3 97
3 111
3 115
3 144
3 158
4 0
4 2
4 7
4 8
4 11
4 16
4 17
4 18
4 21
4 27
4 36
4 37
4 38
4 39
4 43
4 45
4 48
4 56
4 69
4 70
4 75
4 77
4 78
4 88
4 90
4 91
4 92
4 93
4 94
4 105
4 122
4 124
4 132
4 134
4 136
4 139
4 149
4 150
4 154
4 155
4 157
5 13
5 16
5 22
5 25
5 26
5 28
5 31
5 32
5 34
5 41
5 47
5 48
5 50
5 51
5 54
5 55
5 57
5 70
5 79
5 83
5 99
5 101
5 114
5 118
5 123
5 125
5 126
5 129
5 131
5 133
5 145
5 146
5 149
5 151
5 152
5 154
6 8
6 10
6 15
6 17
6 18
6 29
6 38
6 39
6 42
6 43
6 44
6 52
6 56
6 58
6 61
6 64
6 69
6 73
6 75
6 77
6 78
6 80
6 82
6 88
6 89
6 93
6 105
6 106
6 109
6 112
6 117
6 120
6 121
6 128
6 132
6 134
6 138
6 143
7 0
7 2
7 4
7 11
7 16
7 18
7 21
7 23
7 28
7 34
7 39
7 47
7 48
7 50
7 53
7 54
7 59
7 68
7 70
7 74
7 79
7 92
7 94
7 102
7 104
7 118
7 124
7 125
7 126
7 129
7 131
7 133
7 136
7 145
7 149
7 150
7 151
7 154
7 156
8 0
8 1
8 2
8 4
8 6
8 10
8 11
8 15
8 17
8 18
8 21
8 29
8 37
8 38
8 39
8 43
8 44
8 45
8 56
8 64
8 69
8 75
8 77
8 78
8 80
8 86
8 88
8 90
8 91
8 92
8 93
8 94
8 105
8 106
8 109
8 119
8 120
8 124
8 132
8 134
8 139
8 140
8 143
8 150
8 157
9 19
9 23
9 40
9 46
9 59
9 66
9 67
9 68
9 72
9 74
9 76
9 84
9 87
9 96
9 97
9 104
9 110
9 111
9 113
9 115
9 116
9 142
9 156
9 158
10 1
10 6
10 8
10 15
10 17
10 18
10 29
10 38
10 39
10 42
10 43
10 44
10 52
10 56
10 58
10 61
10 64
10 69
10 73
10 75
10 77
10 78
10 80
10 82
10 86
10 88
10 93
10 105
10 106
10 109
10 112
10 117
10 120
10 121
10 128
10 132
10 134
10 138
10 143
10 157
11 0
11 2
11 4
11 7
11 8
11 16
11 17
11 18
11 21
11 34
11 36
11 37
11 39
11 47
11 48
11 50
11 53
11 54
11 56
11 70
11 77
11 79
11 90
11 92
11 93
11 94
11 102
11 104
11 105
11 118
11 122
11 124
11 125
11 126
11 132
11 133
11 136
11 149
11 150
11 151
11 154
11 156
12 15
12 42
12 49
12 52
12 58
12 60
12 73
12 81
12 82
12 85
12 89
12 109
12 112
12 117
12 121
12 128
12 138
12 147
12 159
13 5
13 22
13 26
13 31
13 32
13 41
13 51
13 54
13 55
13 57
13 65
13 79
13 83
13 99
13 101
13 114
13 123
13 125
13 131
13 133
13 135
13 146
13 152
14 3
14 19
14 23
14 33
14 46
14 49
14 53
14 59
14 60
14 67
14 68
14 81
14 82
14 85
14 89
14 95
14 97
14 102
14 111
14 144
14 158
15 0
15 6
15 8
15 10
15 12
15 17
15 18
15 29
15 38
15 39
15 42
15 43
15 49
15 52
15 53
15 56
15 58
15 60
15 69
15 73
15 75
15 77
15 80
15 81
15 82
15 85
15 88
15 89
15 93
15 94
15 95
15 102
15 105
15 109
15 112
15 117
15 121
15 128
15 132
15 136
15 138
16 0
16 2
16 4
16 5
16 7
16 11
16 18
16 21
16 26
16 28
16 34
16 36
16 39
16 47
16 48
16 50
16 53
16 54
16 70
16 74
16 79
16 83
16 92
16 94
16 101
16 102
16 104
16 114
16 118
16 122
16 124
16 125
16 126
16 129
16 131
16 133
16 136
16 145
16 146
16 149
16 150
16 151
16 152
16 154
16 156
17 0
17 2
17 4
17 6
17 8
17 10
17 11
17 15
17 18
17 21
17 29
17 37
17 38
17 39
17 43
17 44
17 45
17 48
17 52
17 53
17 56
17 64
17 69
17 75
17 77
17 78
17 80
17 82
17 88
17 90
17 91
17 92
17 93
17 94
17 102
17 105
17 106
17 109
17 120
17 124
17 128
17 132
17 134
17 136
17 139
17 143
17 150
17 157
18 0
18 2
18 4
18 6
18 7
18 8
18 10
18 11
18 15
18 16
18 17
18 21
18 37
18 38
18 39
18 43
18 48
18 52
18 53
18 56
18 69
18 75
18 77
18 80
18 82
18 88
18 89
18 90
18 92
18 93
18 94
18 102
18 104
18 105
18 109
18 124
18 128
18 132
18 134
18 136
18 149
18 150
18 154
18 156
19 3
19 9
19 14
19 23
19 33
19 46
19 49
19 53
19 59
19 67
19 68
19 85
19 87
19 89
19 95
19 97
19 102
19 111
19 115
19 136
19 142
19 144
19 156
19 158
20 26
20 27
20 35
20 36
20 37
20 45
20 62
20 63
20 65
20 71
20 90
20 91
20 100
20 103
20 107
20 108
20 122
20 127
20 130
20 135
20 140
20 141
20 153
20 155
21 0
21 2
21 4
21 7
21 8
21 11
21 16
21 17
21 18
21 34
21 37
21 38
21 39
21 43
21 45
21 47
21 48
21 53
21 54
21 56
21 69
21 70
21 77
21 90
21 91
21 92
21 93
21 94
21 102
21 104
21 105
21 118
21 122
21 124
21 125
21 132
21 133
21 134
21 136
21 149
21 150
21 154
21 156
22 5
22 13
22 26
22 31
22 32
22 34
22 41
22 47
22 51
22 54
22 55
22 57
22 70
22 79
22 83
22 99
22 101
22 114
22 123
22 125
22 131
22 133
22 135
22 146
22 151
22 152
23 3
23 7
23 9
23 14
23 19
23 33
23 46
23 53
23 59
23 67
23 68
23 74
23 76
23 82
23 85
23 87
23 89
23 94
23 95
23 97
23 102
23 104
23 111
23 115
23 136
23 142
23 144
23 156
23 158
24 1
24 30
24 62
24 86
24 98
24 100
24 103
24 119
24 137
24 139
24 140
24 143
24 148
24 153
24 157
25 5
25 28
25 34
25 41
25 47
25 50
25 54
25 70
25 79
25 83
25 96
25 101
25 110
25 114
25 116
25 118
25 123
25 125
25 126
25 129
25 131
25 133
25 145
25 149
25 151
25 154
26 2
26 5
26 13
26 16
26 20
26 22
26 27
26 31
26 32
26 34
26 35
26 36
26 45
26 47
26 51
26 54
26 55
26 57
26 63
26 65
26 70
26 71
26 79
26 92
26 99
26 101
26 107
26 114
26 122
26 125
26 127
26 130
26 133
26 135
26 141
26 146
26 150
26 152
26 155
27 2
27 4
27 20
27 26
27 32
27 35
27 36
27 37
27 45
27 54
27 63
27 65
27 71
27 90
27 91
27 92
27 100
27 107
27 108
27 122
27 125
27 127
27 130
27 135
27 141
27 146
27 150
27 152
27 155
28 5
28 7
28 16
28 25
28 34
28 47
28 48
28 50
28 53
28 54
28 68
28 70
28 74
28 76
28 79
28 83
28 84
28 96
28 101
28 104
28 110
28 114
28 116
28 118
28 123
28 125
28 126
28 129
28 131
28 133
28 136
28 145
28 149
28 151
28 154
28 156
29 6
29 8
29 10
29 15
29 17
29 38
29 42
29 43
29 44
29 52
29 56
29 58
29 61
29 64
29 69
29 73
29 75
29 77
29 78
29 80
29 82
29 88
29 89
29 93
29 105
29 106
29 109
29 112
29 117
29 120
29 121
29 128
29 132
29 134
29 138
29 143
29 147
29 159
30 1
30 24
30 62
30 64
30 78
30 86
30 91
30 98
30 100
30 103
30 106
30 119
30 137
30 139
30 140
30 143
30 148
30 153
30 157
31 5
31 13
31 22
31 26
31 32
31 41
31 51
31 55
31 57
31 83
31 99
31 101
31 114
31 123
31 135
31 146
31 152
32 5
32 13
32 22
32 26
32 27
32 31
32 34
32 35
32 36
32 41
32 51
32 54
32 55
32 57
32 63
32 65
32 79
32 83
32 99
32 101
32 107
32 114
32 122
32 123
32 125
32 127
32 130
32 131
32 133
32 135
32 146
32 152
33 3
33 14
33 19
33 23
33 46
33 49
33 59
33 60
33 67
33 68
33 81
33 82
33 85
33 89
33 95
33 97
33 111
33 115
33 144
33 158
34 0
34 2
34 5
34 7
34 11
34 16
34 21
34 22
34 25
34 26
34 28
34 32
34 36
34 41
34 47
34 48
34 50
34 54
34 57
34 63
34 70
34 79
34 83
34 92
34 101
34 104
34 114
34 118
34 122
34 123
34 124
34 125
34 126
34 129
34 131
34 133
34 145
34 146
34 149
34 150
34 151
34 152
34 154
34 156
35 2
35 20
35 26
35 27
35 32
35 36
35 37
35 45
35 63
35 65
35 71
35 90
35 91
35 92
35 100
35 107
35 108
35 122
35 125
35 127
35 130
35 135
35 141
35 146
35 150
35 152
35 153
35 155
36 2
36 4
36 11
36 16
36 20
36 26
36 27
36 32
36 34
36 35
36 37
36 45
36 48
36 54
36 57
36 63
36 65
36 70
36 71
36 90
36 91
36 92
36 101
36 107
36 108
36 122
36 124
36 125
36 127
36 130
36 133
36 135
36 141
36 146
36 150
36 152
36 155
37 0
37 1
37 2
37 4
37 8
37 11
37 17
37 18
37 20
37 21
37 27
37 35
37 36
37 39
37 43
37 45
37 56
37 62
37 63
37 64
37 71
37 77
37 78
37 86
37 88
37 90
37 91
37 92
37 93
37 100
37 105
37 106
37 107
37 108
37 119
37 122
37 124
37 127
37 132
37 134
37 139
37 140
37 141
37 143
37 148
37 150
37 153
37 155
37 157
38 0
38 4
38 6
38 8
38 10
38 15
38 17
38 18
38 21
38 29
38 39
38 42
38 43
38 44
38 52
38 56
38 58
38 60
38 64
38 69
38 73
38 75
38 77
38 78
38 80
38 82
38 88
38 89
38 93
38 94
38 105
38 109
38 112
38 117
38 120
38 121
38 128
38 132
38 134
38 138
39 0
39 2
39 4
39 6
39 7
39 8
39 10
39 11
39 15
39 16
39 17
39 18
39 21
39 37
39 38
39 43
39 48
39 52
39 53
39 56
39 69
39 75
39 77
39 80
39 82
39 88
39 89
39 90
39 91
39 92
39 93
39 94
39 102
39 104
39 105
39 109
39 124
39 128
39 132
39 134
39 136
39 149
39 150
39 154
40 9
40 59
40 66
40 68
40 72
40 74
40 76
40 84
40 87
40 96
40 97
40 110
40 113
40 115
40 116
40 142
40 158
41 5
41 13
41 22
41 25
41 31
41 32
41 34
41 47
41 51
41 54
41 55
41 57
41 79
41 83
41 99
41 101
41 114
41 123
41 125
41 131
41 133
41 145
41 146
41 151
41 152
42 6
42 10
42 12
42 15
42 29
42 38
42 43
42 49
42 52
42 58
42 60
42 69
42 73
42 75
42 80
42 81
42 82
42 85
42 88
42 89
42 109
42 112
42 117
42 121
42 128
42 138
42 147
42 159
43 0
43 1
43 4
43 6
43 8
43 10
43 15
43 17
43 18
43 21
43 29
43 37
43 38
43 39
43 42
43 44
43 52
43 56
43 58
43 61
43 64
43 69
43 73
43 75
43 77
43 78
43 80
43 82
43 86
43 88
43 89
43 90
43 93
43 94
43 105
43 106
43 109
43 120
43 121
43 128
43 132
43 134
43 138
43 143
43 157
44 1
44 6
44 8
44 10
44 17
44 29
44 38
44 43
44 52
44 56
44 61
44 64
44 69
44 75
44 77
44 78
44 80
44 86
44 88
44 93
44 105
44 106
44 109
44 117
44 119
44 120
44 132
44 134
44 137
44 139
44 143
44 148
44 157
45 1
45 2
45 4
45 8
45 17
45 20
45 21
45 26
45 27
45 35
45 36
45 37
45 56
45 62
45 63
45 65
45 71
45 77
45 78
45 86
45 90
45 91
45 92
45 93
45 100
45 103
45 105
45 106
45 107
45 108
45 119
45 122
45 124
45 127
45 130
45 132
45 134
45 139
45 140
45 141
45 143
45 148
45 150
45 153
45 155
45 157
46 3
46 9
46 14
46 19
46 23
46 33
46 49
46 59
46 67
46 68
46 85
46 87
46 95
46 97
46 111
46 115
46 142
46 144
46 158
47 0
47 2
47 5
47 7
47 11
47 16
47 21
47 22
47 25
47 26
47 28
47 34
47 41
47 48
47 50
47 54
47 57
47 70
47 74
47 79
47 83
47 92
47 101
47 104
47 114
47 118
47 122
47 123
47 124
47 125
47 126
47 129
47 131
47 133
47 145
47 146
47 149
47 150
47 151
47 152
47 154
47 156
48 0
48 2
48 4
48 5
48 7
48 11
48 16
48 17
48 18
48 21
48 28
48 34
48 36
48 39
48 47
48 50
48 53
48 54
48 70
48 74
48 79
48 83
48 92
48 94
48 101
48 102
48 104
48 114
48 118
48 122
48 124
48 125
48 126
48 129
48 131
48 133
48 136
48 145
48 146
48 149
48 150
48 151
48 152
48 154
48 156
49 3
49 12
49 14
49 15
49 19
49 33
49 42
49 46
49 52
49 58
49 60
49 67
49 73
49 81
49 82
49 85
49 89
49 95
49 111
49 121
49 128
49 138
49 144
49 147
49 159
50 2
50 5
50 7
50 11
50 16
50 25
50 28
50 34
50 47
50 48
50 54
50 70
50 74
50 79
50 83
50 96
50 101
50 104
50 110
50 114
50 116
50 118
50 123
50 124
50 125
50 126
50 129
50 131
50 133
50 136
50 145
50 149
50 150
50 151
50 152
50 154
50 156
51 5
51 13
51 22
51 26
51 31
51 32
51 41
51 54
51 55
51 57
51 79
51 83
51 99
51 101
51 114
51 123
51 125
51 131
51 133
51 135
51 146
51 152
52 6
52 10
52 12
52 15
52 17
52 18
52 29
52 38
52 39
52 42
52 43
52 44
52 49
52 58
52 60
52 69
52 73
52 75
52 77
52 80
52 81
52 82
52 85
52 88
52 89
52 93
52 94
52 105
52 109
52 112
52 117
52 120
52 121
52 128
52 138
52 147
52 159
53 0
53 7
53 11
53 14
53 15
53 16
53 17
53 18
53 19
53 21
53 23
53 28
53 39
53 48
53 59
53 67
53 68
53 70
53 74
53 82
53 89
53 94
53 95
53 97
53 102
53 104
53 111
53 118
53 124
53 126
53 136
53 144
53 149
53 150
53 154
53 156
53 158
54 0
54 2
54 5
54 7
54 11
54 13
54 16
54 21
54 22
54 25
54 26
54 27
54 28
54 32
54 34
54 36
54 41
54 47
54 48
54 50
54 51
54 55
54 57
54 63
54 70
54 79
54 83
54 92
54 101
54 114
54 118
54 122
54 123
54 124
54 125
54 126
54 129
54 131
54 133
54 145
54 146
54 149
54 150
54 151
54 152
54 154
55 5
55 13
55 22
55 26
55 31
55 32
55 41
55 51
55 54
55 57
55 79
55 83
55 99
55 101
55 114
55 123
55 125
55 131
55 133
55 135
55 146
55 152
56 0
56 1
56 2
56 4
56 6
56 8
56 10
56 11
56 15
56 17
56 18
56 21
56 29
56 37
56 38
56 39
56 43
56 44
56 45
56 64
56 69
56 75
56 77
56 78
56 80
56 86
56 88
56 90
56 91
56 92
56 93
56 94
56 105
56 106
56 109
56 119
56 120
56 124
56 132
56 134
56 139
56 140
56 143
56 148
56 150
56 157
57 5
57 13
57 22
57 26
57 31
57 32
57 34
57 36
57 41
57 47
57 51
57 54
57 55
57 63
57 65
57 79
57 83
57 99
57 101
57 114
57 123
57 125
57 131
57 133
57 135
57 146
57 151
57 152
58 6
58 10
58 12
58 15
58 29
58 38
58 42
58 43
58 49
58 52
58 60
58 69
58 73
58 75
58 80
58 81
58 82
58 85
58 88
58 89
58 94
58 95
58 109
58 112
58 117
58 121
58 128
58 138
58 147
58 159
59 3
59 7
59 9
59 14
59 19
59 23
59 33
59 40
59 46
59 53
59 67
59 68
59 74
59 76
59 84
59 87
59 94
59 95
59 96
59 97
59 102
59 104
59 110
59 111
59 115
59 136
59 142
59 144
59 156
59 158
60 12
60 14
60 15
60 33
60 38
60 42
60 49
60 52
60 58
60 69
60 73
60 80
60 81
60 82
60 85
60 89
60 95
60 109
60 112
60 117
60 121
60 128
60 138
60 147
60 159
61 1
61 6
61 10
61 29
61 43
61 44
61 64
61 75
61 78
61 80
61 86
61 88
61 106
61 119
61 120
61 134
61 137
61 139
61 143
61 148
61 157
62 1
62 20
62 24
62 30
62 37
62 45
62 71
62 78
62 86
62 90
62 91
62 98
62 100
62 103
62 106
62 108
62 119
62 137
62 139
62 140
62 141
62 143
62 148
62 153
62 155
62 157
63 2
63 20
63 26
63 27
63 32
63 34
63 35
63 36
63 37
63 45
63 54
63 57
63 65
63 71
63 90
63 91
63 92
63 107
63 108
63 122
63 125
63 127
63 130
63 135
63 141
63 146
63 150
63 152
63 155
64 1
64 6
64 8
64 10
64 17
64 29
64 30
64 37
64 38
64 43
64 44
64 56
64 61
64 69
64 75
64 77
64 78
64 80
64 86
64 88
64 90
64 91
64 93
64 98
64 105
64 106
64 119
64 120
64 132
64 134
64 137
64 139
64 140
64 143
64 148
64 153
64 157
65 2
65 13
65 20
65 26
65 27
65 32
65 35
65 36
65 45
65 57
65 63
65 71
65 90
65 92
65 107
65 108
65 122
65 125
65 127
65 130
65 135
65 141
65 146
65 152
65 155
66 9
66 40
66 72
66 76
66 84
66 87
66 96
66 110
66 113
66 115
66 116
66 142
66 158
67 3
67 9
67 14
67 19
67 23
67 33
67 46
67 49
67 53
67 59
67 68
67 74
67 82
67 85
67 89
67 94
67 95
67 97
67 102
67 104
67 111
67 115
67 136
67 142
67 144
67 156
67 158
68 3
68 7
68 9
68 14
68 19
68 23
68 28
68 33
68 40
68 46
68 53
68 59
68 67
68 72
68 74
68 76
68 84
68 87
68 94
68 95
68 96
68 97
68 102
68 104
68 110
68 111
68 115
68 116
68 126
68 136
68 142
68 144
68 149
68 156
68 158
69 0
69 4
69 6
69 8
69 10
69 15
69 17
69 18
69 21
69 29
69 38
69 39
69 42
69 43
69 44
69 52
69 56
69 58
69 60
69 64
69 73
69 75
69 77
69 80
69 82
69 88
69 89
69 93
69 94
69 102
69 105
69 109
69 117
69 120
69 121
69 128
69 132
69 134
69 138
70 0
70 2
70 4
70 5
70 7
70 11
70 16
70 21
70 22
70 25
70 26
70 28
70 34
70 36
70 47
70 48
70 50
70 53
70 54
70 74
70 79
70 83
70 92
70 101
70 102
70 104
70 114
70 118
70 122
70 123
70 124
70 125
70 126
70 129
70 131
70 133
70 136
70 145
70 146
70 149
70 150
70 151
70 152
70 154
70 156
71 2
71 20
71 26
71 27
71 35
71 36
71 37
71 45
71 62
71 63
71 65
71 90
71 91
71 92
71 100
71 107
71 108
71 122
71 127
71 130
71 135
71 140
71 141
71 153
71 155
71 157
72 9
72 40
72 66
72 68
72 74
72 76
72 84
72 87
72 96
72 110
72 113
72 115
72 116
72 142
72 158
73 6
73 10
73 12
73 15
73 29
73 38
73 42
73 43
73 49
73 52
73 58
73 60
73 69
73 75
73 80
73 81
73 82
73 85
73 88
73 89
73 109
73 112
73 117
73 121
73 128
73 138
73 147
73 159
74 7
74 9
74 16
74 23
74 28
74 40
74 47
74 48
74 50
74 53
74 59
74 67
74 68
74 70
74 72
74 76
74 84
74 87
74 94
74 96
74 97
74 102
74 104
74 110
74 111
74 115
74 116
74 118
74 126
74 129
74 136
74 142
74 145
74 149
74 151
74 154
74 156
74 158
75 1
75 4
75 6
75 8
75 10
75 15
75 17
75 18
75 29
75 38
75 39
75 42
75 43
75 44
75 52
75 56
75 58
75 61
75 64
75 69
75 73
75 77
75 78
75 80
75 82
75 86
75 88
75 93
75 105
75 106
75 109
75 112
75 117
75 120
75 121
75 128
75 132
75 134
75 138
75 139
75 143
75 157
76 9
76 23
76 28
76 40
76 59
76 66
76 68
76 72
76 74
76 84
76 87
76 96
76 97
76 104
76 110
76 111
76 113
76 115
76 116
76 126
76 129
76 142
76 156
76 158
77 0
77 1
77 2
77 4
77 6
77 8
77 10
77 11
77 15
77 17
77 18
77 21
77 29
77 37
77 38
77 39
77 43
77 44
77 45
77 52
77 56
77 64
77 69
77 75
77 78
77 80
77 86
77 88
77 90
77 91
77 92
77 93
77 94
77 105
77 106
77 109
77 119
77 120
77 124
77 128
77 132
77 134
77 139
77 140
77 143
77 150
77 157
78 1
78 4
78 6
78 8
78 10
78 17
78 29
78 30
78 37
78 38
78 43
78 44
78 45
78 56
78 61
78 62
78 64
78 75
78 77
78 80
78 86
78 88
78 90
78 91
78 93
78 98
78 100
78 103
78 105
78 106
78 119
78 120
78 132
78 134
78 137
78 139
78 140
78 143
78 148
78 153
78 157
79 2
79 5
79 7
79 11
79 13
79 16
79 22
79 25
79 26
79 28
79 32
79 34
79 41
79 47
79 48
79 50
79 51
79 54
79 55
79 57
79 70
79 83
79 101
79 114
79 118
79 123
79 125
79 126
79 129
79 131
79 133
79 145
79 146
79 149
79 150
79 151
79 152
79 154
80 6
80 8
80 10
80 15
80 17
80 18
80 29
80 38
80 39
80 42
80 43
80 44
80 52
80 56
80 58
80 60
80 61
80 64
80 69
80 73
80 75
80 77
80 78
80 82
80 88
80 89
80 93
80 105
80 106
80 109
80 112
80 117
80 120
80 121
80 128
80 132
80 134
80 138
80 143
81 3
81 12
81 14
81 15
81 33
81 42
81 49
81 52
81 58
81 60
81 73
81 82
81 85
81 89
81 95
81 109
81 112
81 117
81 121
81 128
81 138
81 147
81 159
82 0
82 3
82 6
82 10
82 12
82 14
82 15
82 17
82 18
82 23
82 29
82 33
82 38
82 39
82 42
82 43
82 49
82 52
82 53
82 58
82 60
82 67
82 69
82 73
82 75
82 80
82 81
82 85
82 88
82 89
82 93
82 94
82 95
82 102
82 104
82 109
82 111
82 121
82 128
82 136
82 138
82 144
83 5
83 13
83 16
83 22
83 25
83 28
83 31
83 32
83 34
83 41
83 47
83 48
83 50
83 51
83 54
83 55
83 57
83 70
83 79
83 99
83 101
83 114
83 118
83 123
83 125
83 126
83 129
83 131
83 133
83 145
83 146
83 149
83 151
83 152
83 154
84 9
84 28
84 40
84 59
84 66
84 68
84 72
84 74
84 76
84 87
84 96
84 110
84 113
84 115
84 116
84 129
84 142
84 158
85 3
85 12
85 14
85 15
85 19
85 23
85 33
85 42
85 46
85 49
85 52
85 58
85 60
85 67
85 73
85 81
85 82
85 89
85 95
85 97
85 111
85 121
85 128
85 138
85 144
85 147
85 159
86 1
86 8
86 10
86 24
86 30
86 37
86 43
86 44
86 45
86 56
86 61
86 62
86 64
86 75
86 77
86 78
86 88
86 90
86 91
86 93
86 98
86 100
86 103
86 105
86 106
86 119
86 120
86 132
86 134
86 137
86 139
86 140
86 141
86 143
86 148
86 153
86 157
87 9
87 19
87 23
87 40
87 46
87 59
87 66
87 68
87 72
87 74
87 76
87 84
87 96
87 97
87 110
87 111
87 113
87 115
87 116
87 142
87 156
87 158
88 0
88 1
88 4
88 6
88 8
88 10
88 15
88 17
88 18
88 29
88 37
88 38
88 39
88 42
88 43
88 44
88 52
88 56
88 58
88 61
88 64
88 69
88 73
88 75
88 77
88 78
88 80
88 82
88 86
88 91
88 93
88 105
88 106
88 109
88 117
88 119
88 120
88 121
88 128
88 132
88 134
88 138
88 139
88 143
88 157
89 3
89 6
89 12
89 14
89 15
89 18
89 19
89 23
89 29
89 33
89 38
89 39
89 42
89 43
89 49
89 52
89 53
89 58
89 60
89 67
89 69
89 73
89 80
89 81
89 82
89 85
89 94
89 95
89 102
89 109
89 111
89 121
89 128
89 136
89 138
89 144
90 0
90 1
90 2
90 4
90 8
90 11
90 17
90 18
90 20
90 21
90 27
90 35
90 36
90 37
90 39
90 43
90 45
90 56
90 62
90 63
90 64
90 65
90 71
90 77
90 78
90 86
90 91
90 92
90 93
90 100
90 105
90 106
90 107
90 108
90 119
90 122
90 124
90 127
90 130
90 132
90 134
90 139
90 140
90 141
90 143
90 148
90 150
90 153
90 155
90 157
91 1
91 2
91 4
91 8
91 17
91 20
91 21
91 27
91 30
91 35
91 36
91 37
91 39
91 45
91 56
91 62
91 63
91 64
91 71
91 77
91 78
91 86
91 88
91 90
91 92
91 93
91 98
91 100
91 103
91 105
91 106
91 107
91 108
91 119
91 122
91 127
91 132
91 134
91 137
91 139
91 140
91 141
91 143
91 148
91 153
91 155
91 157
92 0
92 2
92 4
92 7
92 8
92 11
92 16
92 17
92 18
92 21
92 26
92 27
92 34
92 35
92 36
92 37
92 39
92 45
92 47
92 48
92 54
92 56
92 63
92 65
92 70
92 71
92 77
92 90
92 91
92 93
92 105
92 107
92 122
92 124
92 125
92 127
92 132
92 133
92 134
92 141
92 149
92 150
92 154
92 155
92 157
93 0
93 1
93 4
93 6
93 8
93 10
93 11
93 15
93 17
93 18
93 21
93 29
93 37
93 38
93 39
93 43
93 44
93 45
93 52
93 56
93 64
93 69
93 75
93 77
93 78
93 80
93 82
93 86
93 88
93 90
93 91
93 92
93 94
93 105
93 106
93 109
93 119
93 120
93 124
93 128
93 132
93 134
93 139
93 140
93 143
93 150
93 157
94 0
94 4
94 7
94 8
94 11
94 15
94 16
94 17
94 18
94 21
94 23
94 38
94 39
94 43
94 48
94 52
94 53
94 56
94 58
94 59
94 67
94 68
94 69
94 74
94 77
94 82
94 89
94 93
94 95
94 102
94 104
94 105
94 109
94 111
94 124
94 128
94 136
94 149
94 150
94 156
95 3
95 14
95 15
95 19
95 23
95 33
95 46
95 49
95 53
95 58
95 59
95 60
95 67
95 68
95 81
95 82
95 85
95 89
95 94
95 97
95 102
95 104
95 111
95 128
95 136
95 144
95 156
95 158
96 9
96 25
96 28
96 40
96 50
96 59
96 66
96 68
96 72
96 74
96 76
96 84
96 87
96 104
96 110
96 113
96 115
96 116
96 118
96 126
96 129
96 142
96 145
96 149
96 156
96 158
97 3
97 9
97 14
97 19
97 23
97 33
97 40
97 46
97 53
97 59
97 67
97 68
97 74
97 76
97 85
97 87
97 95
97 102
97 111
97 115
97 142
97 144
97 156
97 158
98 1
98 24
98 30
98 62
98 64
98 78
98 86
98 91
98 100
98 103
98 106
98 119
98 137
98 139
98 140
98 143
98 148
98 153
98 157
99 5
99 13
99 22
99 26
99 31
99 32
99 41
99 51
99 55
99 57
99 83
99 101
99 114
99 123
99 135
99 146
99 152
100 1
100 20
100 24
100 27
100 30
100 35
100 37
100 45
100 62
100 71
100 78
100 86
100 90
100 91
100 98
100 103
100 106
100 107
100 108
100 119
100 127
100 130
100 134
100 137
100 139
100 140
100 141
100 143
100 148
100 153
100 155
100 157
101 2
101 5
101 13
101 16
101 22
101 25
101 26
101 28
101 31
101 32
101 34
101 36
101 41
101 47
101 48
101 50
101 51
101 54
101 55
101 57
101 70
101 79
101 83
101 99
101 114
101 118
101 122
101 123
101 125
101 126
101 129
101 131
101 133
101 145
101 146
101 149
101 150
101 151
101 152
101 154
102 0
102 7
102 11
102 14
102 15
102 16
102 17
102 18
102 19
102 21
102 23
102 39
102 48
102 53
102 59
102 67
102 68
102 69
102 70
102 74
102 82
102 89
102 94
102 95
102 97
102 104
102 111
102 118
102 124
102 126
102 136
102 144
102 149
102 150
102 154
102 156
102 158
103 1
103 20
103 24
103 30
103 45
103 62
103 78
103 86
103 91
103 98
103 100
103 106
103 108
103 119
103 137
103 139
103 140
103 141
103 143
103 148
103 153
103 157
104 0
104 7
104 9
104 11
104 16
104 18
104 21
104 23
104 28
104 34
104 39
104 47
104 48
104 50
104 53
104 59
104 67
104 68
104 70
104 74
104 76
104 82
104 94
104 95
104 96
104 102
104 110
104 111
104 118
104 124
104 126
104 136
104 149
104 150
104 154
104 156
104 158
105 0
105 1
105 4
105 6
105 8
105 10
105 11
105 15
105 17
105 18
105 21
105 29
105 37
105 38
105 39
105 43
105 44
105 45
105 52
105 56
105 64
105 69
105 75
105 77
105 78
105 80
105 86
105 88
105 90
105 91
105 92
105 93
105 94
105 106
105 109
105 119
105 120
105 124
105 128
105 132
105 134
105 139
105 140
105 143
105 148
105 150
105 157
106 1
106 6
106 8
106 10
106 17
106 29
106 30
106 37
106 43
106 44
106 45
106 56
106 61
106 62
106 64
106 75
106 77
106 78
106 80
106 86
106 88
106 90
106 91
106 93
106 98
106 100
106 103
106 105
106 119
106 120
106 132
106 134
106 137
106 139
106 140
106 143
106 148
106 153
106 157
107 2
107 20
107 26
107 27
107 32
107 35
107 36
107 37
107 45
107 63
107 65
107 71
107 90
107 91
107 92
107 100
107 108
107 122
107 127
107 130
107 135
107 141
107 146
107 152
107 155
108 20
108 27
108 35
108 36
108 37
108 45
108 62
108 63
108 65
108 71
108 90
108 91
108 100
108 103
108 107
108 122
108 127
108 130
108 139
108 140
108 141
108 153
108 155
108 157
109 0
109 6
109 8
109 10
109 12
109 15
109 17
109 18
109 29
109 38
109 39
109 42
109 43
109 44
109 52
109 56
109 58
109 60
109 69
109 73
109 75
109 77
109 80
109 81
109 82
109 88
109 89
109 93
109 94
109 105
109 112
109 117
109 120
109 121
109 128
109 132
109 134
109 138
110 9
110 25
110 28
110 40
110 50
110 59
110 66
110 68
110 72
110 74
110 76
110 84
110 87
110 96
110 104
110 113
110 115
110 116
110 118
110 126
110 129
110 142
110 145
110 156
110 158
111 3
111 9
111 14
111 19
111 23
111 33
111 46
111 49
111 53
111 59
111 67
111 68
111 74
111 76
111 82
111 85
111 87
111 89
111 94
111 95
111 97
111 102
111 104
111 115
111 136
111 142
111 144
111 156
111 158
112 6
112 10
112 12
112 15
112 29
112 38
112 42
112 52
112 58
112 60
112 73
112 75
112 80
112 81
112 109
112 117
112 120
112 121
112 128
112 138
112 147
112 159
113 9
113 40
113 66
113 72
113 76
113 84
113 87
113 96
113 110
113 115
113 116
113 142
113 158
114 2
114 5
114 13
114 16
114 22
114 25
114 26
114 28
114 31
114 32
114 34
114 41
114 47
114 48
114 50
114 51
114 54
114 55
114 57
114 70
114 79
114 83
114 99
114 101
114 118
114 123
114 125
114 126
114 129
114 131
114 133
114 145
114 146
114 149
114 150
114 151
114 152
114 154
115 3
115 9
115 19
115 23
115 33
115 40
115 46
115 59
115 66
115 67
115 68
115 72
115 74
115 76
115 84
115 87
115 96
115 97
115 110
115 111
115 113
115 116
115 142
115 144
115 156
115 158
116 9
116 25
116 28
116 40
116 50
116 66
116 68
116 72
116 74
116 76
116 84
116 87
116 96
116 110
116 113
116 115
116 126
116 129
116 142
116 145
116 156
116 158
117 6
117 10
117 12
117 15
117 29
117 38
117 42
117 44
117 52
117 58
117 60
117 69
117 73
117 75
117 80
117 81
117 88
117 109
117 112
117 120
117 121
117 128
117 138
117 147
117 159
118 2
118 5
118 7
118 11
118 16
118 21
118 25
118 28
118 34
118 47
118 48
118 50
118 53
118 54
118 70
118 74
118 79
118 83
118 96
118 101
118 102
118 104
118 110
118 114
118 123
118 124
118 125
118 126
118 129
118 131
118 133
118 136
118 145
118 149
118 150
118 151
118 152
118 154
118 156
119 1
119 8
119 24
119 30
119 37
119 44
119 45
119 56
119 61
119 62
119 64
119 77
119 78
119 86
119 88
119 90
119 91
119 93
119 98
119 100
119 103
119 105
119 106
119 120
119 132
119 134
119 137
119 139
119 140
119 141
119 143
119 148
119 153
119 157
120 1
120 6
120 8
120 10
120 17
120 29
120 38
120 43
120 44
120 52
120 56
120 61
120 64
120 69
120 75
120 77
120 78
120 80
120 86
120 88
120 93
120 105
120 106
120 109
120 112
120 117
120 119
120 132
120 134
120 137
120 139
120 143
120 148
120 157
121 6
121 10
121 12
121 15
121 29
121 38
121 42
121 43
121 49
121 52
121 58
121 60
121 69
121 73
121 75
121 80
121 81
121 82
121 85
121 88
121 89
121 109
121 112
121 117
121 128
121 138
121 147
121 159
122 0
122 2
122 4
122 11
122 16
122 20
122 21
122 26
122 27
122 32
122 34
122 35
122 36
122 37
122 45
122 47
122 48
122 54
122 63
122 65
122 70
122 71
122 90
122 91
122 92
122 101
122 107
122 108
122 124
122 125
122 127
122 130
122 133
122 135
122 141
122 146
122 150
122 152
122 154
122 155
123 5
123 13
123 22
123 25
123 28
123 31
123 32
123 34
123 41
123 47
123 50
123 51
123 54
123 55
123 57
123 70
123 79
123 83
123 99
123 101
123 114
123 118
123 125
123 126
123 129
123 131
123 133
123 145
123 146
123 151
123 152
124 0
124 2
124 4
124 7
124 8
124 11
124 16
124 17
124 18
124 21
124 34
124 36
124 37
124 39
124 45
124 47
124 48
124 50
124 53
124 54
124 56
124 70
124 77
124 90
124 92
124 93
124 94
124 102
124 104
124 105
124 118
124 122
124 125
124 126
124 132
124 133
124 134
124 136
124 149
124 150
124 151
124 154
124 156
125 2
125 5
125 7
125 11
125 13
125 16
125 21
125 22
125 25
125 26
125 27
125 28
125 32
125 34
125 35
125 36
125 41
125 47
125 48
125 50
125 51
125 54
125 55
125 57
125 63
125 65
125 70
125 79
125 83
125 92
125 101
125 114
125 118
125 122
125 123
125 124
125 126
125 129
125 131
125 133
125 145
125 146
125 149
125 150
125 151
125 152
125 154
126 5
126 7
126 11
126 16
126 25
126 28
126 34
126 47
126 48
126 50
126 53
126 54
126 68
126 70
126 74
126 76
126 79
126 83
126 96
126 101
126 102
126 104
126 110
126 114
126 116
126 118
126 123
126 124
126 125
126 129
126 131
126 133
126 136
126 145
126 149
126 150
126 151
126 154
126 156
127 2
127 20
127 26
127 27
127 32
127 35
127 36
127 37
127 45
127 63
127 65
127 71
127 90
127 91
127 92
127 100
127 107
127 108
127 122
127 130
127 135
127 141
127 146
127 153
127 155
128 6
128 10
128 12
128 15
128 17
128 18
128 29
128 38
128 39
128 42
128 43
128 49
128 52
128 58
128 60
128 69
128 73
128 75
128 77
128 80
128 81
128 82
128 85
128 88
128 89
128 93
128 94
128 95
128 105
128 109
128 112
128 117
128 121
128 138
128 147
128 159
129 5
129 7
129 16
129 25
129 28
129 34
129 47
129 48
129 50
129 54
129 70
129 74
129 76
129 79
129 83
129 84
129 96
129 101
129 110
129 114
129 116
129 118
129 123
129 125
129 126
129 131
129 133
129 145
129 149
129 151
129 154
129 156
130 20
130 26
130 27
130 32
130 35
130 36
130 45
130 63
130 65
130 71
130 90
130 100
130 107
130 108
130 122
130 127
130 135
130 141
130 146
130 153
130 155
131 5
131 7
131 13
131 16
131 22
131 25
131 28
131 32
131 34
131 41
131 47
131 48
131 50
131 51
131 54
131 55
131 57
131 70
131 79
131 83
131 101
131 114
131 118
131 123
131 125
131 126
131 129
131 133
131 145
131 146
131 149
131 150
131 151
131 152
131 154
132 0
132 1
132 2
132 4
132 6
132 8
132 10
132 11
132 15
132 17
132 18
132 21
132 29
132 37
132 38
132 39
132 43
132 44
132 45
132 56
132 64
132 69
132 75
132 77
132 78
132 80
132 86
132 88
132 90
132 91
132 92
132 93
132 105
132 106
132 109
132 119
132 120
132 124
132 134
132 137
132 139
132 140
132 143
132 148
132 150
132 153
132 157
133 2
133 5
133 7
133 11
133 13
133 16
133 21
133 22
133 25
133 26
133 28
133 32
133 34
133 36
133 41
133 47
133 48
133 50
133 51
133 54
133 55
133 57
133 70
133 79
133 83
133 92
133 101
133 114
133 118
133 122
133 123
133 124
133 125
133 126
133 129
133 131
133 145
133 146
133 149
133 150
133 151
133 152
133 154
134 0
134 1
134 4
134 6
134 8
134 10
134 17
134 18
134 21
134 29
134 37
134 38
134 39
134 43
134 44
134 45
134 56
134 61
134 64
134 69
134 75
134 77
134 78
134 80
134 86
134 88
134 90
134 91
134 92
134 93
134 100
134 105
134 106
134 109
134 119
134 120
134 124
134 132
134 137
134 139
134 140
134 141
134 143
134 148
134 153
134 157
135 13
135 20
135 22
135 26
135 27
135 31
135 32
135 35
135 36
135 51
135 55
135 57
135 63
135 65
135 71
135 99
135 107
135 122
135 127
135 130
135 146
135 152
135 155
136 0
136 4
136 7
136 11
136 15
136 16
136 17
136 18
136 19
136 21
136 23
136 28
136 39
136 48
136 50
136 53
136 59
136 67
136 68
136 70
136 74
136 82
136 89
136 94
136 95
136 102
136 104
136 111
136 118
136 124
136 126
136 149
136 150
136 154
136 156
136 158
137 1
137 24
137 30
137 44
137 61
137 62
137 64
137 78
137 86
137 91
137 98
137 100
137 103
137 106
137 119
137 120
137 132
137 134
137 139
137 140
137 143
137 148
137 153
137 157
138 6
138 10
138 12
138 15
138 29
138 38
138 42
138 43
138 49
138 52
138 58
138 60
138 69
138 73
138 75
138 80
138 81
138 82
138 85
138 88
138 89
138 109
138 112
138 117
138 121
138 128
138 147
138 159
139 1
139 4
139 8
139 17
139 24
139 30
139 37
139 44
139 45
139 56
139 61
139 62
139 64
139 75
139 77
139 78
139 86
139 88
139 90
139 91
139 93
139 98
139 100
139 103
139 105
139 106
139 108
139 119
139 120
139 132
139 134
139 137
139 140
139 141
139 143
139 148
139 153
139 155
139 157
140 1
140 8
140 20
140 24
140 30
140 37
140 45
140 56
140 62
140 64
140 71
140 77
140 78
140 86
140 90
140 91
140 93
140 98
140 100
140 103
140 105
140 106
140 108
140 119
140 132
140 134
140 137
140 139
140 141
140 143
140 148
140 153
140 155
140 157
141 2
141 20
141 26
141 27
141 35
141 36
141 37
141 45
141 62
141 63
141 65
141 71
141 86
141 90
141 91
141 92
141 100
141 103
141 107
141 108
141 119
141 122
141 127
141 130
141 134
141 139
141 140
141 153
141 155
141 157
142 9
142 19
142 23
142 40
142 46
142 59
142 66
142 67
142 68
142 72
142 74
142 76
142 84
142 87
142 96
142 97
142 110
142 111
142 113
142 115
142 116
142 144
142 158
143 1
143 6
143 8
143 10
143 17
143 24
143 29
143 30
143 37
143 43
143 44
143 45
143 56
143 61
143 62
143 64
143 75
143 77
143 78
143 80
143 86
143 88
143 90
143 91
143 93
143 98
143 100
143 103
143 105
143 106
143 119
143 120
143 132
143 134
143 137
143 139
143 140
143 148
143 153
143 157
144 3
144 14
144 19
144 23
144 33
144 46
144 49
144 53
144 59
144 67
144 68
144 82
144 85
144 89
144 95
144 97
144 102
144 111
144 115
144 142
144 158
145 5
145 7
145 16
145 25
145 28
145 34
145 41
145 47
145 48
145 50
145 54
145 70
145 74
145 79
145 83
145 96
145 101
145 110
145 114
145 116
145 118
145 123
145 125
145 126
145 129
145 131
145 133
145 149
145 151
145 152
145 154
146 2
146 5
146 13
146 16
146 22
146 26
146 27
146 31
146 32
146 34
146 35
146 36
146 41
146 47
146 48
146 51
146 54
146 55
146 57
146 63
146 65
146 70
146 79
146 83
146 99
146 101
146 107
146 114
146 122
146 123
146 125
146 127
146 130
146 131
146 133
146 135
146 150
146 151
146 152
146 154
147 12
147 29
147 42
147 49
147 52
147 58
147 60
147 73
147 81
147 85
147 112
147 117
147 121
147 128
147 138
147 159
148 1
148 24
148 30
148 37
148 44
148 45
148 56
148 61
148 62
148 64
148 78
148 86
148 90
148 91
148 98
148 100
148 103
148 105
148 106
148 119
148 120
148 132
148 134
148 137
148 139
148 140
148 143
148 153
148 157
149 0
149 2
149 4
149 5
149 7
149 11
149 16
149 18
149 21
149 25
149 28
149 34
149 39
149 47
149 48
149 50
149 53
149 54
149 68
149 70
149 74
149 79
149 83
149 92
149 94
149 96
149 101
149 102
149 104
149 114
149 118
149 124
149 125
149 126
149 129
149 131
149 133
149 136
149 145
149 150
149 151
149 154
149 156
150 0
150 2
150 4
150 7
150 8
150 11
150 16
150 17
150 18
150 21
150 26
150 27
150 34
150 35
150 36
150 37
150 39
150 45
150 47
150 48
150 50
150 53
150 54
150 56
150 63
150 70
150 77
150 79
150 90
150 92
150 93
150 94
150 101
150 102
150 104
150 105
150 114
150 118
150 122
150 124
150 125
150 126
150 131
150 132
150 133
150 136
150 146
150 149
150 151
150 152
150 154
150 155
150 156
151 2
151 5
151 7
151 11
151 16
151 22
151 25
151 28
151 34
151 41
151 47
151 48
151 50
151 54
151 57
151 70
151 74
151 79
151 83
151 101
151 114
151 118
151 123
151 124
151 125
151 126
151 129
151 131
151 133
151 145
151 146
151 149
151 150
151 152
151 154
152 2
152 5
152 13
152 16
152 22
152 26
152 27
152 31
152 32
152 34
152 35
152 36
152 41
152 47
152 48
152 50
152 51
152 54
152 55
152 57
152 63
152 65
152 70
152 79
152 83
152 99
152 101
152 107
152 114
152 118
152 122
152 123
152 125
152 131
152 133
152 135
152 145
152 146
152 150
152 151
152 154
153 1
153 20
153 24
153 30
153 35
153 37
153 45
153 62
153 64
153 71
153 78
153 86
153 90
153 91
153 98
153 100
153 103
153 106
153 108
153 119
153 127
153 130
153 132
153 134
153 137
153 139
153 140
153 141
153 143
153 148
153 155
153 157
154 0
154 2
154 4
154 5
154 7
154 11
154 16
154 18
154 21
154 25
154 28
154 34
154 39
154 47
154 48
154 50
154 53
154 54
154 70
154 74
154 79
154 83
154 92
154 101
154 102
154 104
154 114
154 118
154 122
154 124
154 125
154 126
154 129
154 131
154 133
154 136
154 145
154 146
154 149
154 150
154 151
154 152
154 156
155 2
155 4
155 20
155 26
155 27
155 35
155 36
155 37
155 45
155 62
155 63
155 65
155 71
155 90
155 91
155 92
155 100
155 107
155 108
155 122
155 127
155 130
155 135
155 139
155 140
155 141
155 150
155 153
155 157
156 0
156 7
156 9
156 11
156 16
156 18
156 19
156 21
156 23
156 28
156 34
156 47
156 48
156 50
156 53
156 59
156 67
156 68
156 70
156 74
156 76
156 87
156 94
156 95
156 96
156 97
156 102
156 104
156 110
156 111
156 115
156 116
156 118
156 124
156 126
156 129
156 136
156 149
156 150
156 154
156 158
157 1
157 4
157 8
157 10
157 17
157 24
157 30
157 37
157 43
157 44
157 45
157 56
157 61
157 62
157 64
157 71
157 75
157 77
157 78
157 86
157 88
157 90
157 91
157 92
157 93
157 98
157 100
157 103
157 105
157 106
157 108
157 119
157 120
157 132
157 134
157 137
157 139
157 140
157 141
157 143
157 148
157 153
157 155
158 3
158 9
158 14
158 19
158 23
158 33
158 40
158 46
158 53
158 59
158 66
158 67
158 68
158 72
158 74
158 76
158 84
158 87
158 95
158 96
158 97
158 102
158 104
158 110
158 111
158 113
158 115
158 116
158 136
158 142
158 144
158 156
159 12
159 29
159 42
159 49
159 52
159 58
159 60
159 73
159 81
159 85
159 112
159 117
159 121
159 128
159 138
159 147
