4
2 1
170
0 50.000000 50.000000 15 99999999 2
1 73.614757 2.205130 15 107 1
2 50.173400 22.095888 15 149 3
3 17.225268 38.437280 15 148 1
4 43.574106 19.311075 15 123 2
5 44.549566 75.694170 15 148 1
6 3.780947 89.576302 15 133 1
7 68.068354 32.190100 15 145 5
8 11.858103 60.303707 15 149 2
9 36.813341 11.592625 15 139 4
10 21.545004 81.820725 15 112 5
11 30.852874 81.324229 15 128 1
12 4.196647 16.763405 15 137 2
13 96.487987 89.405070 15 129 3
14 11.240996 67.288021 15 112 5
15 40.317659 96.797255 15 111 2
16 63.042085 83.413510 15 143 1
17 85.157645 35.801361 15 106 3
18 12.770184 31.567123 15 109 1
19 19.450900 7.712280 15 140 2
20 90.423419 45.698148 15 125 2
21 53.632011 8.723020 15 144 3
22 9.113395 3.880432 15 144 3
23 46.383295 37.185900 15 115 1
24 19.453904 27.749681 15 113 4
25 90.320073 2.709752 15 144 3
26 59.343119 27.589934 15 109 1
27 3.454870 77.226922 15 136 3
28 33.872138 6.605183 15 142 2
29 10.912874 35.576279 15 141 4
30 83.358094 85.760772 15 113 3
31 68.343351 51.215083 15 125 1
32 22.714737 76.062880 15 102 2
33 25.456824 80.782762 15 110 4
34 0.320069 2.550702 15 129 2
35 43.717595 2.313322 15 118 4
36 33.158578 49.267066 15 103 3
37 48.920013 25.873006 15 128 5
38 67.455892 57.088475 15 130 1
39 62.211458 55.373251 15 132 2
40 0.198887 9.290807 15 109 4
41 7.614070 97.599708 15 107 5
42 88.994019 54.099549 15 134 2
43 38.632145 22.593296 15 136 4
44 89.102257 89.576462 15 113 2
45 50.656945 68.994577 15 113 5
46 47.630147 64.407180 15 140 3
47 10.111845 76.043964 15 127 3
48 42.902051 24.838680 15 146 1
49 60.523245 20.781184 15 119 2
50 14.818076 17.077181 15 134 2
51 41.045379 26.268196 15 146 3
52 79.691596 71.854222 15 126 5
53 52.135446 12.241903 15 124 2
54 27.966420 56.370700 15 126 3
55 67.813935 14.984882 15 129 4
56 21.986191 13.159266 15 121 4
57 75.090913 59.767143 15 102 1
58 85.656334 11.347506 15 108 5
59 67.862661 53.535602 15 136 4
60 76.393382 65.547360 15 116 4
61 77.172738 0.498009 15 136 1
62 30.510958 52.061522 15 114 4
63 3.422281 83.086628 15 101 2
64 20.932781 13.330445 15 121 1
65 30.336520 70.849090 15 125 5
66 71.290717 42.759797 15 142 4
67 37.794532 31.151265 15 126 4
68 99.934987 5.883835 15 123 3
69 8.615541 75.804192 15 128 1
70 14.686189 89.431570 15 129 5
71 60.871529 99.199450 15 126 1
72 92.288058 82.267291 15 141 1
73 56.425240 80.313480 15 125 2
74 3.126504 64.805841 15 137 4
75 0.199943 7.228694 15 123 4
76 99.543165 69.308436 15 118 2
77 14.095052 53.797194 15 112 5
78 25.164845 34.695337 15 114 1
79 20.758242 33.839017 15 108 2
80 15.837115 81.934843 15 112 5
81 73.146926 29.546524 15 146 2
82 98.379297 11.037104 15 104 3
83 38.586953 79.708336 15 124 3
84 24.547995 40.794887 15 145 2
85 91.156326 16.690991 15 105 4
86 81.491499 53.802286 15 112 5
87 83.670620 42.923057 15 139 1
88 22.193350 2.896755 15 136 2
89 58.384080 27.950028 15 110 4
90 76.127745 53.852065 15 139 1
91 26.777902 68.059202 15 129 3
92 53.602556 25.200461 15 148 2
93 93.097330 88.420322 15 143 1
94 76.013435 82.414193 15 111 1
95 69.177723 31.528621 15 125 1
96 23.739362 63.368877 15 119 2
97 42.905302 84.001939 15 132 3
98 17.935291 37.393133 15 123 5
99 35.521810 91.530108 15 113 4
100 31.545788 55.044850 15 105 5
101 68.048556 14.579039 15 104 5
102 62.032311 18.586939 15 103 2
103 19.158214 65.384907 15 103 4
104 0.341390 28.436867 15 120 2
105 23.772910 21.878569 15 100 3
106 74.339136 82.424736 15 127 3
107 31.224320 36.755227 15 106 2
108 18.540101 90.053906 15 149 5
109 59.347123 93.300966 15 130 5
110 37.757967 51.338178 15 139 2
111 60.360732 40.513715 15 112 4
112 96.425645 12.710155 15 126 1
113 74.774441 67.459946 15 100 5
114 21.280267 46.638906 15 144 5
115 32.479884 59.810093 15 133 2
116 12.279883 30.109400 15 139 4
117 79.922405 41.999845 15 127 5
118 88.205799 42.064510 15 106 2
119 92.269962 93.955051 15 149 5
120 70.069890 82.315957 15 0 4
121 77.276514 39.383022 15 0 3
122 22.818348 9.724869 15 0 5
123 5.560680 58.300330 15 0 3
124 94.297207 68.973195 15 0 4
125 7.934781 90.714575 15 0 3
126 55.163966 80.024578 15 0 2
127 54.116669 35.011972 15 0 5
128 3.128177 28.298625 15 0 3
129 56.120539 5.120338 15 0 3
130 81.567079 64.987811 15 0 4
131 10.003365 86.222170 15 0 4
132 98.155167 23.885829 15 0 4
133 55.153915 35.463087 15 0 2
134 30.390125 97.069662 15 0 4
135 15.887499 52.430421 15 0 4
136 21.582897 50.129659 15 0 2
137 4.495968 19.057737 15 0 2
138 87.162110 88.120879 15 0 5
139 96.094853 28.317300 15 0 3
140 73.296899 37.391769 15 0 2
141 52.460543 90.905918 15 0 4
142 15.717455 14.789221 15 0 2
143 24.888845 67.229803 15 0 4
144 49.754109 46.208953 15 0 5
145 23.631340 47.425796 15 0 2
146 76.193336 63.558495 15 0 2
147 62.160193 42.975002 15 0 2
148 93.057573 29.223164 15 0 1
149 29.695930 35.187136 15 0 1
150 75.973940 51.439941 15 0 4
151 64.144808 31.141315 15 0 2
152 5.938982 9.496693 15 0 2
153 65.769378 93.155281 15 0 1
154 65.901984 40.484690 15 0 2
155 96.750844 3.762945 15 0 3
156 23.395210 64.526964 15 0 2
157 1.357460 30.139126 15 0 3
158 17.536276 48.532124 15 0 1
159 13.035319 75.366913 15 0 1
160 22.820664 0.305525 15 0 1
161 51.878529 43.797255 15 0 5
162 12.697589 9.360768 15 0 5
163 81.844186 50.778174 15 0 2
164 22.150362 19.217070 15 0 3
165 18.400027 17.655996 15 0 2
166 13.135983 87.552649 15 0 4
167 1.248531 49.021718 15 0 3
168 1.840419 23.852184 15 0 3
169 2.816420 71.104597 15 0 3
6206
0 2
0 5
0 7
0 23
0 26
0 31
0 36
0 37
0 38
0 39
0 43
0 45
0 46
0 48
0 51
0 54
0 57
0 59
0 62
0 65
0 66
0 67
0 78
0 84
0 89
0 90
0 91
0 92
0 95
0 96
0 100
0 107
0 110
0 111
0 114
0 115
0 121
0 127
0 133
0 136
0 140
0 144
0 145
0 146
0 147
0 149
0 150
0 151
0 154
0 161
1 21
1 25
1 26
1 35
1 49
1 53
1 55
1 58
1 61
1 68
1 81
1 82
1 85
1 89
1 95
1 101
1 102
1 112
1 129
1 155
2 0
2 4
2 7
2 9
2 21
2 23
2 26
2 28
2 35
2 37
2 43
2 48
2 49
2 51
2 53
2 55
2 56
2 66
2 67
2 78
2 81
2 89
2 92
2 95
2 101
2 102
2 105
2 107
2 111
2 127
2 129
2 133
2 140
2 144
2 147
2 149
2 151
2 154
2 161
2 164
3 8
3 12
3 14
3 18
3 23
3 24
3 29
3 36
3 43
3 48
3 50
3 51
3 54
3 56
3 62
3 64
3 67
3 74
3 77
3 78
3 79
3 84
3 96
3 98
3 100
3 103
3 104
3 105
3 107
3 110
3 114
3 115
3 116
3 122
3 123
3 128
3 135
3 136
3 137
3 142
3 143
3 145
3 149
3 156
3 157
3 158
3 162
3 164
3 165
3 167
3 168
4 2
4 7
4 9
4 19
4 21
4 23
4 24
4 26
4 28
4 35
4 37
4 43
4 48
4 49
4 50
4 51
4 53
4 55
4 56
4 64
4 67
4 78
4 79
4 84
4 88
4 89
4 92
4 95
4 101
4 102
4 105
4 107
4 111
4 122
4 127
4 129
4 133
4 142
4 144
4 149
4 151
4 160
4 161
4 164
4 165
5 0
5 10
5 11
5 15
5 16
5 32
5 33
5 36
5 38
5 39
5 45
5 46
5 54
5 62
5 65
5 71
5 73
5 80
5 83
5 91
5 96
5 97
5 99
5 100
5 103
5 108
5 109
5 110
5 115
5 120
5 126
5 134
5 141
5 143
5 144
5 153
5 156
6 10
6 11
6 14
6 27
6 32
6 33
6 41
6 47
6 63
6 69
6 70
6 74
6 80
6 103
6 108
6 125
6 131
6 134
6 159
6 166
6 169
7 0
7 2
7 4
7 17
7 20
7 21
7 23
7 26
7 31
7 37
7 38
7 39
7 48
7 49
7 51
7 53
7 55
7 57
7 58
7 59
7 66
7 81
7 85
7 86
7 87
7 89
7 90
7 92
7 95
7 101
7 102
7 111
7 117
7 118
7 121
7 127
7 129
7 133
7 139
7 140
7 144
7 147
7 148
7 150
7 151
7 154
7 161
7 163
8 3
8 10
8 11
8 14
8 18
8 27
8 29
8 32
8 33
8 36
8 47
8 54
8 62
8 63
8 65
8 69
8 70
8 74
8 77
8 78
8 79
8 80
8 84
8 91
8 96
8 98
8 100
8 103
8 110
8 114
8 115
8 123
8 131
8 135
8 136
8 143
8 145
8 156
8 158
8 159
8 166
8 167
8 169
9 2
9 4
9 19
9 21
9 22
9 23
9 24
9 26
9 28
9 35
9 37
9 43
9 48
9 49
9 50
9 51
9 53
9 56
9 64
9 67
9 78
9 79
9 88
9 89
9 92
9 102
9 105
9 107
9 122
9 127
9 129
9 142
9 149
9 160
9 162
9 164
9 165
10 5
10 6
10 8
10 11
10 14
10 15
10 27
10 32
10 33
10 41
10 47
10 54
10 63
10 65
10 69
10 70
10 74
10 77
10 80
10 83
10 91
10 96
10 97
10 99
10 100
10 103
10 108
10 115
10 123
10 125
10 131
10 134
10 135
10 143
10 156
10 159
10 166
10 169
11 5
11 6
11 8
11 10
11 14
11 15
11 27
11 32
11 33
11 41
11 45
11 46
11 47
11 54
11 62
11 63
11 65
11 69
11 70
11 73
11 80
11 83
11 91
11 96
11 97
11 99
11 100
11 103
11 108
11 115
11 125
11 126
11 131
11 134
11 141
11 143
11 156
11 159
11 166
11 169
12 3
12 18
12 19
12 22
12 24
12 29
12 34
12 40
12 50
12 56
12 64
12 75
12 78
12 79
12 88
12 98
12 104
12 105
12 116
12 122
12 128
12 137
12 142
12 152
12 157
12 160
12 162
12 164
12 165
12 168
13 30
13 44
13 52
13 72
13 76
13 93
13 94
13 106
13 119
13 120
13 124
13 130
13 138
14 3
14 6
14 8
14 10
14 11
14 27
14 32
14 33
14 36
14 47
14 54
14 62
14 63
14 65
14 69
14 70
14 74
14 77
14 80
14 84
14 91
14 96
14 100
14 103
14 108
14 114
14 115
14 123
14 125
14 131
14 135
14 136
14 143
14 145
14 156
14 158
14 159
14 166
14 167
14 169
15 5
15 10
15 11
15 16
15 32
15 33
15 45
15 65
15 70
15 71
15 73
15 80
15 83
15 97
15 99
15 108
15 109
15 126
15 134
15 141
15 153
15 166
16 5
16 15
16 30
16 38
16 39
16 44
16 45
16 46
16 52
16 57
16 60
16 71
16 72
16 73
16 83
16 94
16 97
16 99
16 106
16 109
16 113
16 120
16 126
16 130
16 138
16 141
16 146
16 153
17 7
17 20
17 26
17 31
17 38
17 42
17 49
17 55
17 57
17 58
17 59
17 66
17 81
17 82
17 85
17 86
17 87
17 89
17 90
17 95
17 101
17 102
17 111
17 112
17 117
17 118
17 121
17 130
17 132
17 139
17 140
17 146
17 147
17 148
17 150
17 151
17 154
17 163
18 3
18 8
18 12
18 19
18 22
18 24
18 29
18 36
18 40
18 43
18 50
18 51
18 54
18 56
18 62
18 64
18 67
18 75
18 77
18 78
18 79
18 84
18 98
18 104
18 105
18 107
18 114
18 116
18 122
18 123
18 128
18 135
18 136
18 137
18 142
18 145
18 149
18 152
18 157
18 158
18 162
18 164
18 165
18 167
18 168
19 4
19 9
19 12
19 18
19 22
19 24
19 28
19 29
19 34
19 35
19 40
19 43
19 48
19 50
19 51
19 56
19 64
19 67
19 75
19 78
19 79
19 88
19 98
19 104
19 105
19 116
19 122
19 128
19 137
19 142
19 149
19 152
19 157
19 160
19 162
19 164
19 165
19 168
20 7
20 17
20 31
20 38
20 39
20 42
20 52
20 57
20 59
20 60
20 66
20 76
20 81
20 85
20 86
20 87
20 90
20 95
20 113
20 117
20 118
20 121
20 124
20 130
20 132
20 139
20 140
20 146
20 147
20 148
20 150
20 154
20 163
21 1
21 2
21 4
21 7
21 9
21 23
21 26
21 28
21 35
21 37
21 43
21 48
21 49
21 51
21 53
21 55
21 61
21 67
21 81
21 89
21 92
21 95
21 101
21 102
21 127
21 129
21 133
21 151
22 9
22 12
22 18
22 19
22 24
22 28
22 34
22 40
22 50
22 56
22 64
22 75
22 88
22 104
22 105
22 116
22 122
22 128
22 137
22 142
22 152
22 157
22 160
22 162
22 164
22 165
22 168
23 0
23 2
23 3
23 4
23 7
23 9
23 21
23 24
23 26
23 31
23 36
23 37
23 38
23 39
23 43
23 46
23 48
23 49
23 51
23 53
23 54
23 59
23 62
23 66
23 67
23 78
23 79
23 81
23 84
23 89
23 92
23 95
23 98
23 100
23 102
23 105
23 107
23 110
23 111
23 114
23 115
23 127
23 133
23 136
23 140
23 144
23 145
23 147
23 149
23 151
23 154
23 161
24 3
24 4
24 9
24 12
24 18
24 19
24 22
24 23
24 28
24 29
24 36
24 37
24 40
24 43
24 48
24 50
24 51
24 54
24 56
24 62
24 64
24 67
24 75
24 77
24 78
24 79
24 84
24 88
24 98
24 100
24 104
24 105
24 107
24 110
24 114
24 116
24 122
24 128
24 135
24 136
24 137
24 142
24 145
24 149
24 152
24 157
24 158
24 160
24 162
24 164
24 165
24 167
24 168
25 1
25 55
25 58
25 61
25 68
25 82
25 85
25 101
25 112
25 132
25 139
25 148
25 155
26 0
26 1
26 2
26 4
26 7
26 9
26 17
26 21
26 23
26 31
26 35
26 37
26 39
26 43
26 48
26 49
26 51
26 53
26 55
26 59
26 66
26 67
26 81
26 87
26 89
26 92
26 95
26 101
26 102
26 107
26 111
26 117
26 121
26 127
26 129
26 133
26 140
26 144
26 147
26 150
26 151
26 154
26 161
27 6
27 8
27 10
27 11
27 14
27 32
27 33
27 41
27 47
27 63
27 65
27 69
27 70
27 74
27 77
27 80
27 91
27 96
27 103
27 108
27 123
27 125
27 131
27 135
27 143
27 156
27 159
27 166
27 167
27 169
28 2
28 4
28 9
28 19
28 21
28 22
28 24
28 35
28 37
28 43
28 48
28 50
28 51
28 53
28 56
28 64
28 67
28 78
28 88
28 92
28 105
28 122
28 129
28 142
28 149
28 152
28 160
28 162
28 164
28 165
29 3
29 8
29 12
29 18
29 19
29 24
29 36
29 40
29 50
29 54
29 56
29 62
29 64
29 67
29 77
29 78
29 79
29 84
29 98
29 100
29 104
29 105
29 107
29 114
29 116
29 122
29 123
29 128
29 135
29 136
29 137
29 142
29 145
29 149
29 152
29 157
29 158
29 162
29 164
29 165
29 167
29 168
30 13
30 16
30 44
30 52
30 57
30 60
30 71
30 72
30 73
30 76
30 93
30 94
30 106
30 109
30 113
30 119
30 120
30 124
30 126
30 130
30 138
30 146
30 153
31 0
31 7
31 17
31 20
31 23
31 26
31 38
31 39
31 42
31 45
31 46
31 52
31 57
31 59
31 60
31 66
31 81
31 86
31 87
31 89
31 90
31 92
31 95
31 111
31 113
31 117
31 118
31 121
31 127
31 130
31 133
31 140
31 144
31 146
31 147
31 150
31 151
31 154
31 161
31 163
32 5
32 6
32 8
32 10
32 11
32 14
32 15
32 27
32 33
32 36
32 41
32 45
32 46
32 47
32 54
32 62
32 63
32 65
32 69
32 70
32 74
32 77
32 80
32 83
32 91
32 96
32 97
32 99
32 100
32 103
32 108
32 110
32 114
32 115
32 123
32 125
32 131
32 134
32 135
32 136
32 143
32 145
32 156
32 158
32 159
32 166
32 169
33 5
33 6
33 8
33 10
33 11
33 14
33 15
33 27
33 32
33 41
33 45
33 46
33 47
33 54
33 62
33 63
33 65
33 69
33 70
33 74
33 77
33 80
33 83
33 91
33 96
33 97
33 99
33 100
33 103
33 108
33 115
33 125
33 126
33 131
33 134
33 135
33 141
33 143
33 156
33 159
33 166
33 169
34 12
34 19
34 22
34 40
34 50
34 56
34 64
34 75
34 88
34 104
34 122
34 128
34 137
34 142
34 152
34 157
34 160
34 162
34 164
34 165
34 168
35 1
35 2
35 4
35 9
35 19
35 21
35 26
35 28
35 37
35 43
35 48
35 49
35 51
35 53
35 55
35 56
35 64
35 67
35 88
35 89
35 92
35 101
35 102
35 105
35 122
35 129
35 160
35 164
35 165
36 0
36 3
36 5
36 8
36 14
36 18
36 23
36 24
36 29
36 32
36 37
36 39
36 43
36 45
36 46
36 48
36 51
36 54
36 62
36 65
36 67
36 77
36 78
36 79
36 84
36 91
36 96
36 98
36 100
36 103
36 105
36 107
36 110
36 111
36 114
36 115
36 116
36 123
36 127
36 133
36 135
36 136
36 143
36 144
36 145
36 147
36 149
36 156
36 158
36 161
37 0
37 2
37 4
37 7
37 9
37 21
37 23
37 24
37 26
37 28
37 35
37 36
37 43
37 48
37 49
37 51
37 53
37 55
37 56
37 66
37 67
37 78
37 79
37 81
37 84
37 89
37 92
37 95
37 101
37 102
37 105
37 107
37 110
37 111
37 127
37 129
37 133
37 140
37 144
37 147
37 149
37 151
37 154
37 161
37 164
38 0
38 5
38 7
38 16
38 17
38 20
38 23
38 31
38 39
38 42
38 45
38 46
38 52
38 57
38 59
38 60
38 66
38 73
38 81
38 86
38 87
38 90
38 94
38 95
38 106
38 111
38 113
38 117
38 118
38 120
38 121
38 124
38 126
38 127
38 130
38 133
38 140
38 144
38 146
38 147
38 150
38 151
38 154
38 161
38 163
39 0
39 5
39 7
39 16
39 20
39 23
39 26
39 31
39 36
39 38
39 42
39 45
39 46
39 52
39 57
39 59
39 60
39 66
39 73
39 81
39 86
39 87
39 89
39 90
39 95
39 106
39 110
39 111
39 113
39 117
39 118
39 120
39 121
39 126
39 127
39 130
39 133
39 140
39 144
39 146
39 147
39 150
39 151
39 154
39 161
39 163
40 12
40 18
40 19
40 22
40 24
40 29
40 34
40 50
40 56
40 64
40 75
40 88
40 104
40 105
40 116
40 122
40 128
40 137
40 142
40 152
40 157
40 160
40 162
40 164
40 165
40 168
41 6
41 10
41 11
41 27
41 32
41 33
41 47
41 63
41 69
41 70
41 80
41 99
41 108
41 125
41 131
41 134
41 159
41 166
41 169
42 17
42 20
42 31
42 38
42 39
42 52
42 57
42 59
42 60
42 66
42 72
42 76
42 81
42 86
42 87
42 90
42 113
42 117
42 118
42 121
42 124
42 130
42 139
42 140
42 146
42 147
42 148
42 150
42 154
42 163
43 0
43 2
43 3
43 4
43 9
43 18
43 19
43 21
43 23
43 24
43 26
43 28
43 35
43 36
43 37
43 48
43 49
43 50
43 51
43 53
43 56
43 64
43 67
43 78
43 79
43 84
43 88
43 89
43 92
43 98
43 102
43 105
43 107
43 110
43 111
43 114
43 116
43 122
43 127
43 129
43 133
43 142
43 144
43 145
43 149
43 151
43 160
43 161
43 162
43 164
43 165
44 13
44 16
44 30
44 52
44 60
44 71
44 72
44 76
44 93
44 94
44 106
44 109
44 113
44 119
44 120
44 124
44 130
44 138
44 146
44 153
45 0
45 5
45 11
45 15
45 16
45 31
45 32
45 33
45 36
45 38
45 39
45 46
45 52
45 54
45 57
45 59
45 60
45 62
45 65
45 73
45 83
45 90
45 91
45 94
45 96
45 97
45 99
45 100
45 106
45 109
45 110
45 113
45 115
45 120
45 126
45 141
45 143
45 144
45 146
45 147
45 153
45 156
45 161
46 0
46 5
46 11
46 16
46 23
46 31
46 32
46 33
46 36
46 38
46 39
46 45
46 54
46 57
46 59
46 60
46 62
46 65
46 73
46 83
46 91
46 96
46 97
46 99
46 100
46 103
46 110
46 111
46 113
46 115
46 120
46 126
46 133
46 136
46 141
46 143
46 144
46 145
46 146
46 147
46 156
46 161
47 6
47 8
47 10
47 11
47 14
47 27
47 32
47 33
47 41
47 54
47 63
47 65
47 69
47 70
47 74
47 77
47 80
47 83
47 91
47 96
47 99
47 103
47 108
47 115
47 123
47 125
47 131
47 134
47 135
47 136
47 143
47 156
47 158
47 159
47 166
47 167
47 169
48 0
48 2
48 3
48 4
48 7
48 9
48 19
48 21
48 23
48 24
48 26
48 28
48 35
48 36
48 37
48 43
48 49
48 50
48 51
48 53
48 55
48 56
48 62
48 64
48 67
48 78
48 79
48 84
48 89
48 92
48 95
48 98
48 101
48 102
48 105
48 107
48 110
48 111
48 122
48 127
48 129
48 133
48 142
48 144
48 145
48 147
48 149
48 151
48 154
48 161
48 164
48 165
49 1
49 2
49 4
49 7
49 9
49 17
49 21
49 23
49 26
49 35
49 37
49 43
49 48
49 51
49 53
49 55
49 58
49 61
49 66
49 67
49 81
49 89
49 92
49 95
49 101
49 102
49 111
49 117
49 121
49 127
49 129
49 133
49 140
49 144
49 147
49 151
49 154
49 161
50 3
50 4
50 9
50 12
50 18
50 19
50 22
50 24
50 28
50 29
50 34
50 40
50 43
50 48
50 51
50 56
50 64
50 67
50 75
50 78
50 79
50 84
50 88
50 98
50 104
50 105
50 107
50 116
50 122
50 128
50 137
50 142
50 149
50 152
50 157
50 160
50 162
50 164
50 165
50 168
51 0
51 2
51 3
51 4
51 7
51 9
51 18
51 19
51 21
51 23
51 24
51 26
51 28
51 35
51 36
51 37
51 43
51 48
51 49
51 50
51 53
51 55
51 56
51 62
51 64
51 67
51 78
51 79
51 84
51 89
51 92
51 95
51 98
51 101
51 102
51 105
51 107
51 110
51 111
51 114
51 116
51 122
51 127
51 129
51 133
51 142
51 144
51 145
51 147
51 149
51 151
51 154
51 161
51 164
51 165
52 13
52 16
52 20
52 30
52 31
52 38
52 39
52 42
52 44
52 45
52 57
52 59
52 60
52 72
52 73
52 76
52 86
52 87
52 90
52 93
52 94
52 106
52 109
52 113
52 117
52 119
52 120
52 124
52 126
52 130
52 138
52 146
52 150
52 153
52 163
53 1
53 2
53 4
53 7
53 9
53 21
53 23
53 26
53 28
53 35
53 37
53 43
53 48
53 49
53 51
53 55
53 61
53 67
53 81
53 89
53 92
53 95
53 101
53 102
53 105
53 111
53 122
53 127
53 129
53 133
53 151
54 0
54 3
54 5
54 8
54 10
54 11
54 14
54 18
54 23
54 24
54 29
54 32
54 33
54 36
54 45
54 46
54 47
54 62
54 65
54 67
54 69
54 74
54 77
54 78
54 79
54 80
54 83
54 84
54 91
54 96
54 98
54 100
54 103
54 107
54 110
54 114
54 115
54 123
54 135
54 136
54 143
54 144
54 145
54 149
54 156
54 158
54 159
54 161
54 167
54 169
55 1
55 2
55 4
55 7
55 17
55 21
55 25
55 26
55 35
55 37
55 48
55 49
55 51
55 53
55 58
55 61
55 66
55 81
55 85
55 89
55 92
55 95
55 101
55 102
55 111
55 112
55 117
55 121
55 127
55 129
55 133
55 140
55 147
55 148
55 151
55 154
56 2
56 3
56 4
56 9
56 12
56 18
56 19
56 22
56 24
56 28
56 29
56 34
56 35
56 37
56 40
56 43
56 48
56 50
56 51
56 64
56 67
56 75
56 78
56 79
56 84
56 88
56 98
56 104
56 105
56 107
56 116
56 122
56 128
56 137
56 142
56 149
56 152
56 157
56 160
56 162
56 164
56 165
56 168
57 0
57 7
57 16
57 17
57 20
57 30
57 31
57 38
57 39
57 42
57 45
57 46
57 52
57 59
57 60
57 66
57 72
57 73
57 76
57 86
57 87
57 90
57 94
57 95
57 106
57 111
57 113
57 117
57 118
57 120
57 121
57 124
57 126
57 130
57 140
57 144
57 146
57 147
57 150
57 154
57 161
57 163
58 1
58 7
58 17
58 25
58 49
58 55
58 61
58 68
58 81
58 82
58 85
58 95
58 101
58 102
58 112
58 121
58 132
58 139
58 140
58 148
58 151
58 155
59 0
59 7
59 17
59 20
59 23
59 26
59 31
59 38
59 39
59 42
59 45
59 46
59 52
59 57
59 60
59 66
59 73
59 81
59 86
59 87
59 89
59 90
59 95
59 106
59 111
59 113
59 117
59 118
59 120
59 121
59 126
59 127
59 130
59 133
59 140
59 144
59 146
59 147
59 150
59 151
59 154
59 161
59 163
60 16
60 20
60 30
60 31
60 38
60 39
60 42
60 44
60 45
60 46
60 52
60 57
60 59
60 66
60 72
60 73
60 76
60 86
60 87
60 90
60 93
60 94
60 106
60 111
60 113
60 117
60 118
60 120
60 121
60 124
60 126
60 130
60 138
60 140
60 146
60 147
60 150
60 153
60 154
60 163
61 1
61 21
61 25
61 49
61 53
61 55
61 58
61 68
61 81
61 82
61 85
61 101
61 102
61 112
61 129
61 155
62 0
62 3
62 5
62 8
62 11
62 14
62 18
62 23
62 24
62 29
62 32
62 33
62 36
62 45
62 46
62 48
62 51
62 54
62 65
62 67
62 77
62 78
62 79
62 83
62 84
62 91
62 96
62 98
62 100
62 103
62 107
62 110
62 114
62 115
62 116
62 123
62 127
62 133
62 135
62 136
62 143
62 144
62 145
62 149
62 156
62 158
62 159
62 161
62 167
63 6
63 8
63 10
63 11
63 14
63 27
63 32
63 33
63 41
63 47
63 65
63 69
63 70
63 74
63 80
63 91
63 96
63 103
63 108
63 123
63 125
63 131
63 143
63 156
63 159
63 166
63 169
64 3
64 4
64 9
64 12
64 18
64 19
64 22
64 24
64 28
64 29
64 34
64 35
64 40
64 43
64 48
64 50
64 51
64 56
64 67
64 75
64 78
64 79
64 84
64 88
64 98
64 104
64 105
64 107
64 116
64 122
64 128
64 137
64 142
64 149
64 152
64 157
64 160
64 162
64 164
64 165
64 168
65 0
65 5
65 8
65 10
65 11
65 14
65 15
65 27
65 32
65 33
65 36
65 45
65 46
65 47
65 54
65 62
65 63
65 69
65 70
65 73
65 74
65 77
65 80
65 83
65 91
65 96
65 97
65 99
65 100
65 103
65 108
65 110
65 114
65 115
65 123
65 125
65 126
65 131
65 134
65 135
65 136
65 141
65 143
65 145
65 156
65 158
65 159
65 166
65 169
66 0
66 2
66 7
66 17
66 20
66 23
66 26
66 31
66 37
66 38
66 39
66 42
66 49
66 55
66 57
66 59
66 60
66 81
66 86
66 87
66 89
66 90
66 92
66 95
66 101
66 102
66 111
66 113
66 117
66 118
66 121
66 127
66 130
66 133
66 139
66 140
66 144
66 146
66 147
66 148
66 150
66 151
66 154
66 161
66 163
67 0
67 2
67 3
67 4
67 9
67 18
67 19
67 21
67 23
67 24
67 26
67 28
67 29
67 35
67 36
67 37
67 43
67 48
67 49
67 50
67 51
67 53
67 54
67 56
67 62
67 64
67 78
67 79
67 84
67 89
67 92
67 98
67 100
67 102
67 105
67 107
67 110
67 111
67 114
67 115
67 116
67 122
67 127
67 133
67 136
67 142
67 144
67 145
67 147
67 149
67 151
67 154
67 158
67 161
67 164
67 165
68 1
68 25
68 58
68 61
68 82
68 85
68 112
68 132
68 139
68 148
68 155
69 6
69 8
69 10
69 11
69 14
69 27
69 32
69 33
69 41
69 47
69 54
69 63
69 65
69 70
69 74
69 77
69 80
69 91
69 96
69 103
69 108
69 115
69 123
69 125
69 131
69 135
69 136
69 143
69 156
69 158
69 159
69 166
69 167
69 169
70 6
70 8
70 10
70 11
70 14
70 15
70 27
70 32
70 33
70 41
70 47
70 63
70 65
70 69
70 74
70 80
70 83
70 91
70 96
70 97
70 99
70 103
70 108
70 125
70 131
70 134
70 143
70 156
70 159
70 166
70 169
71 5
71 15
71 16
71 30
71 44
71 73
71 83
71 94
71 97
71 99
71 106
71 109
71 120
71 126
71 138
71 141
71 153
72 13
72 16
72 30
72 42
72 44
72 52
72 57
72 60
72 76
72 93
72 94
72 106
72 113
72 119
72 120
72 124
72 130
72 138
72 146
72 153
73 5
73 11
73 15
73 16
73 30
73 38
73 39
73 45
73 46
73 52
73 57
73 59
73 60
73 65
73 71
73 83
73 94
73 97
73 99
73 106
73 109
73 113
73 120
73 126
73 130
73 141
73 146
73 153
74 3
74 6
74 8
74 10
74 14
74 27
74 32
74 33
74 47
74 54
74 63
74 65
74 69
74 70
74 77
74 80
74 91
74 96
74 103
74 108
74 114
74 115
74 123
74 125
74 131
74 135
74 136
74 143
74 145
74 156
74 158
74 159
74 166
74 167
74 169
75 12
75 18
75 19
75 22
75 24
75 34
75 40
75 50
75 56
75 64
75 88
75 104
75 105
75 116
75 122
75 128
75 137
75 142
75 152
75 157
75 160
75 162
75 164
75 165
75 168
76 13
76 20
76 30
76 42
76 44
76 52
76 57
76 60
76 72
76 86
76 90
76 93
76 94
76 106
76 113
76 118
76 119
76 124
76 130
76 138
76 146
76 150
76 163
77 3
77 8
77 10
77 14
77 18
77 24
77 27
77 29
77 32
77 33
77 36
77 47
77 54
77 62
77 65
77 69
77 74
77 78
77 79
77 80
77 84
77 91
77 96
77 98
77 100
77 103
77 104
77 107
77 110
77 114
77 115
77 116
77 123
77 128
77 135
77 136
77 143
77 145
77 149
77 156
77 157
77 158
77 159
77 167
77 169
78 0
78 2
78 3
78 4
78 8
78 9
78 12
78 18
78 19
78 23
78 24
78 28
78 29
78 36
78 37
78 43
78 48
78 50
78 51
78 54
78 56
78 62
78 64
78 67
78 77
78 79
78 84
78 92
78 96
78 98
78 100
78 104
78 105
78 107
78 110
78 114
78 115
78 116
78 122
78 127
78 128
78 133
78 135
78 136
78 137
78 142
78 144
78 145
78 149
78 156
78 157
78 158
78 161
78 162
78 164
78 165
78 167
78 168
79 3
79 4
79 8
79 9
79 12
79 18
79 19
79 23
79 24
79 29
79 36
79 37
79 43
79 48
79 50
79 51
79 54
79 56
79 62
79 64
79 67
79 77
79 78
79 84
79 96
79 98
79 100
79 104
79 105
79 107
79 110
79 114
79 115
79 116
79 122
79 123
79 128
79 135
79 136
79 137
79 142
79 145
79 149
79 152
79 157
79 158
79 162
79 164
79 165
79 167
79 168
80 5
80 6
80 8
80 10
80 11
80 14
80 15
80 27
80 32
80 33
80 41
80 47
80 54
80 63
80 65
80 69
80 70
80 74
80 77
80 83
80 91
80 96
80 97
80 99
80 103
80 108
80 115
80 123
80 125
80 131
80 134
80 135
80 143
80 156
80 159
80 166
80 169
81 1
81 2
81 7
81 17
81 20
81 21
81 23
81 26
81 31
81 37
81 38
81 39
81 42
81 49
81 53
81 55
81 58
81 59
81 61
81 66
81 85
81 86
81 87
81 89
81 90
81 92
81 95
81 101
81 102
81 111
81 112
81 117
81 118
81 121
81 127
81 129
81 132
81 133
81 139
81 140
81 144
81 147
81 148
81 150
81 151
81 154
81 161
81 163
82 1
82 17
82 25
82 58
82 61
82 68
82 85
82 112
82 132
82 139
82 148
82 155
83 5
83 10
83 11
83 15
83 16
83 32
83 33
83 45
83 46
83 47
83 54
83 62
83 65
83 70
83 71
83 73
83 80
83 91
83 96
83 97
83 99
83 100
83 103
83 108
83 109
83 110
83 115
83 126
83 131
83 134
83 141
83 143
83 156
83 159
83 166
84 0
84 3
84 4
84 8
84 14
84 18
84 23
84 24
84 29
84 36
84 37
84 43
84 48
84 50
84 51
84 54
84 56
84 62
84 64
84 67
84 77
84 78
84 79
84 91
84 96
84 98
84 100
84 103
84 104
84 105
84 107
84 110
84 114
84 115
84 116
84 123
84 128
84 135
84 136
84 137
84 142
84 143
84 144
84 145
84 149
84 156
84 157
84 158
84 161
84 164
84 165
84 167
84 168
85 1
85 7
85 17
85 20
85 25
85 55
85 58
85 61
85 68
85 81
85 82
85 87
85 95
85 101
85 102
85 112
85 117
85 118
85 121
85 132
85 139
85 140
85 148
85 155
86 7
86 17
86 20
86 31
86 38
86 39
86 42
86 52
86 57
86 59
86 60
86 66
86 76
86 81
86 87
86 90
86 94
86 95
86 106
86 111
86 113
86 117
86 118
86 121
86 124
86 130
86 139
86 140
86 146
86 147
86 148
86 150
86 151
86 154
86 163
87 7
87 17
87 20
87 26
87 31
87 38
87 39
87 42
87 52
87 57
87 59
87 60
87 66
87 81
87 85
87 86
87 89
87 90
87 95
87 111
87 113
87 117
87 118
87 121
87 124
87 130
87 132
87 133
87 139
87 140
87 146
87 147
87 148
87 150
87 151
87 154
87 163
88 4
88 9
88 12
88 19
88 22
88 24
88 28
88 34
88 35
88 40
88 43
88 50
88 56
88 64
88 75
88 105
88 116
88 122
88 137
88 142
88 152
88 160
88 162
88 164
88 165
88 168
89 0
89 1
89 2
89 4
89 7
89 9
89 17
89 21
89 23
89 26
89 31
89 35
89 37
89 39
89 43
89 48
89 49
89 51
89 53
89 55
89 59
89 66
89 67
89 81
89 87
89 92
89 95
89 101
89 102
89 107
89 111
89 117
89 121
89 127
89 129
89 133
89 140
89 144
89 147
89 149
89 150
89 151
89 154
89 161
90 0
90 7
90 17
90 20
90 31
90 38
90 39
90 42
90 45
90 52
90 57
90 59
90 60
90 66
90 76
90 81
90 86
90 87
90 94
90 95
90 106
90 111
90 113
90 117
90 118
90 120
90 121
90 124
90 127
90 130
90 133
90 140
90 144
90 146
90 147
90 148
90 150
90 151
90 154
90 161
90 163
91 0
91 5
91 8
91 10
91 11
91 14
91 27
91 32
91 33
91 36
91 45
91 46
91 47
91 54
91 62
91 63
91 65
91 69
91 70
91 74
91 77
91 80
91 83
91 84
91 96
91 97
91 99
91 100
91 103
91 108
91 110
91 114
91 115
91 123
91 125
91 131
91 134
91 135
91 136
91 143
91 145
91 156
91 158
91 159
91 166
91 169
92 0
92 2
92 4
92 7
92 9
92 21
92 23
92 26
92 28
92 31
92 35
92 37
92 43
92 48
92 49
92 51
92 53
92 55
92 66
92 67
92 78
92 81
92 89
92 95
92 101
92 102
92 107
92 111
92 121
92 127
92 129
92 133
92 140
92 144
92 147
92 149
92 151
92 154
92 161
93 13
93 30
93 44
93 52
93 60
93 72
93 76
93 94
93 106
93 113
93 119
93 120
93 124
93 130
93 138
93 153
94 13
94 16
94 30
94 38
94 44
94 45
94 52
94 57
94 60
94 71
94 72
94 73
94 76
94 86
94 90
94 93
94 106
94 109
94 113
94 119
94 120
94 124
94 126
94 130
94 138
94 141
94 146
94 153
95 0
95 1
95 2
95 4
95 7
95 17
95 20
95 21
95 23
95 26
95 31
95 37
95 38
95 39
95 48
95 49
95 51
95 53
95 55
95 57
95 58
95 59
95 66
95 81
95 85
95 86
95 87
95 89
95 90
95 92
95 101
95 102
95 111
95 117
95 118
95 121
95 127
95 129
95 132
95 133
95 139
95 140
95 144
95 147
95 148
95 150
95 151
95 154
95 161
95 163
96 0
96 3
96 5
96 8
96 10
96 11
96 14
96 27
96 32
96 33
96 36
96 45
96 46
96 47
96 54
96 62
96 63
96 65
96 69
96 70
96 74
96 77
96 78
96 79
96 80
96 83
96 84
96 91
96 97
96 98
96 100
96 103
96 107
96 108
96 110
96 114
96 115
96 123
96 131
96 135
96 136
96 143
96 145
96 149
96 156
96 158
96 159
96 166
96 167
96 169
97 5
97 10
97 11
97 15
97 16
97 32
97 33
97 45
97 46
97 65
97 70
97 71
97 73
97 80
97 83
97 91
97 96
97 99
97 108
97 109
97 115
97 120
97 126
97 134
97 141
97 143
97 153
97 156
97 166
98 3
98 8
98 12
98 18
98 19
98 23
98 24
98 29
98 36
98 43
98 48
98 50
98 51
98 54
98 56
98 62
98 64
98 67
98 77
98 78
98 79
98 84
98 96
98 100
98 103
98 104
98 105
98 107
98 110
98 114
98 115
98 116
98 122
98 123
98 128
98 135
98 136
98 137
98 142
98 145
98 149
98 156
98 157
98 158
98 162
98 164
98 165
98 167
98 168
99 5
99 10
99 11
99 15
99 16
99 32
99 33
99 41
99 45
99 46
99 47
99 65
99 70
99 71
99 73
99 80
99 83
99 91
99 97
99 108
99 109
99 125
99 126
99 131
99 134
99 141
99 143
99 156
99 159
99 166
100 0
100 3
100 5
100 8
100 10
100 11
100 14
100 23
100 24
100 29
100 32
100 33
100 36
100 45
100 46
100 54
100 62
100 65
100 67
100 77
100 78
100 79
100 83
100 84
100 91
100 96
100 98
100 103
100 107
100 110
100 114
100 115
100 123
100 135
100 136
100 143
100 144
100 145
100 149
100 156
100 158
100 159
100 161
101 1
101 2
101 4
101 7
101 17
101 21
101 25
101 26
101 35
101 37
101 48
101 49
101 51
101 53
101 55
101 58
101 61
101 66
101 81
101 85
101 89
101 92
101 95
101 102
101 111
101 112
101 117
101 121
101 127
101 129
101 133
101 140
101 147
101 148
101 151
101 154
102 1
102 2
102 4
102 7
102 9
102 17
102 21
102 23
102 26
102 35
102 37
102 43
102 48
102 49
102 51
102 53
102 55
102 58
102 61
102 66
102 67
102 81
102 85
102 89
102 92
102 95
102 101
102 111
102 117
102 121
102 127
102 129
102 133
102 140
102 147
102 151
102 154
102 161
103 3
103 5
103 6
103 8
103 10
103 11
103 14
103 27
103 32
103 33
103 36
103 46
103 47
103 54
103 62
103 63
103 65
103 69
103 70
103 74
103 77
103 80
103 83
103 84
103 91
103 96
103 98
103 100
103 108
103 110
103 114
103 115
103 123
103 125
103 131
103 135
103 136
103 143
103 145
103 156
103 158
103 159
103 166
103 167
103 169
104 3
104 12
104 18
104 19
104 22
104 24
104 29
104 34
104 40
104 50
104 56
104 64
104 75
104 77
104 78
104 79
104 84
104 98
104 105
104 114
104 116
104 122
104 128
104 135
104 137
104 142
104 152
104 157
104 158
104 162
104 164
104 165
104 167
104 168
105 2
105 3
105 4
105 9
105 12
105 18
105 19
105 22
105 23
105 24
105 28
105 29
105 35
105 36
105 37
105 40
105 43
105 48
105 50
105 51
105 53
105 56
105 64
105 67
105 75
105 78
105 79
105 84
105 88
105 98
105 104
105 107
105 114
105 116
105 122
105 128
105 136
105 137
105 142
105 145
105 149
105 152
105 157
105 158
105 160
105 162
105 164
105 165
105 168
106 13
106 16
106 30
106 38
106 39
106 44
106 45
106 52
106 57
106 59
106 60
106 71
106 72
106 73
106 76
106 86
106 90
106 93
106 94
106 109
106 113
106 119
106 120
106 124
106 126
106 130
106 138
106 141
106 146
106 153
107 0
107 2
107 3
107 4
107 9
107 18
107 23
107 24
107 26
107 29
107 36
107 37
107 43
107 48
107 50
107 51
107 54
107 56
107 62
107 64
107 67
107 77
107 78
107 79
107 84
107 89
107 92
107 96
107 98
107 100
107 105
107 110
107 111
107 114
107 115
107 116
107 122
107 127
107 128
107 133
107 135
107 136
107 142
107 144
107 145
107 149
107 156
107 158
107 161
107 164
107 165
108 5
108 6
108 10
108 11
108 14
108 15
108 27
108 32
108 33
108 41
108 47
108 63
108 65
108 69
108 70
108 74
108 80
108 83
108 91
108 96
108 97
108 99
108 103
108 125
108 131
108 134
108 143
108 156
108 159
108 166
108 169
109 5
109 15
109 16
109 30
109 44
109 45
109 52
109 71
109 73
109 83
109 94
109 97
109 99
109 106
109 120
109 126
109 134
109 138
109 141
109 153
110 0
110 3
110 5
110 8
110 23
110 24
110 32
110 36
110 37
110 39
110 43
110 45
110 46
110 48
110 51
110 54
110 62
110 65
110 67
110 77
110 78
110 79
110 83
110 84
110 91
110 96
110 98
110 100
110 103
110 107
110 111
110 114
110 115
110 127
110 133
110 135
110 136
110 143
110 144
110 145
110 147
110 149
110 156
110 158
110 161
111 0
111 2
111 4
111 7
111 17
111 23
111 26
111 31
111 36
111 37
111 38
111 39
111 43
111 46
111 48
111 49
111 51
111 53
111 55
111 57
111 59
111 60
111 66
111 67
111 81
111 86
111 87
111 89
111 90
111 92
111 95
111 101
111 102
111 107
111 110
111 117
111 118
111 121
111 127
111 133
111 140
111 144
111 146
111 147
111 150
111 151
111 154
111 161
111 163
112 1
112 17
112 25
112 55
112 58
112 61
112 68
112 81
112 82
112 85
112 101
112 132
112 139
112 148
112 155
113 16
113 20
113 30
113 31
113 38
113 39
113 42
113 44
113 45
113 46
113 52
113 57
113 59
113 60
113 66
113 72
113 73
113 76
113 86
113 87
113 90
113 93
113 94
113 106
113 117
113 118
113 120
113 121
113 124
113 126
113 130
113 138
113 146
113 147
113 150
113 153
113 154
113 163
114 0
114 3
114 8
114 14
114 18
114 23
114 24
114 29
114 32
114 36
114 43
114 51
114 54
114 62
114 65
114 67
114 74
114 77
114 78
114 79
114 84
114 91
114 96
114 98
114 100
114 103
114 104
114 105
114 107
114 110
114 115
114 116
114 123
114 128
114 135
114 136
114 143
114 144
114 145
114 149
114 156
114 157
114 158
114 159
114 164
114 165
114 167
114 168
115 0
115 3
115 5
115 8
115 10
115 11
115 14
115 23
115 32
115 33
115 36
115 45
115 46
115 47
115 54
115 62
115 65
115 67
115 69
115 74
115 77
115 78
115 79
115 80
115 83
115 84
115 91
115 96
115 97
115 98
115 100
115 103
115 107
115 110
115 114
115 123
115 135
115 136
115 143
115 144
115 145
115 149
115 156
115 158
115 159
115 161
116 3
116 12
116 18
116 19
116 22
116 24
116 29
116 36
116 40
116 43
116 50
116 51
116 56
116 62
116 64
116 67
116 75
116 77
116 78
116 79
116 84
116 88
116 98
116 104
116 105
116 107
116 114
116 122
116 123
116 128
116 135
116 136
116 137
116 142
116 145
116 149
116 152
116 157
116 158
116 162
116 164
116 165
116 167
116 168
117 7
117 17
117 20
117 26
117 31
117 38
117 39
117 42
117 49
117 52
117 55
117 57
117 59
117 60
117 66
117 81
117 85
117 86
117 87
117 89
117 90
117 95
117 101
117 102
117 111
117 113
117 118
117 121
117 127
117 130
117 132
117 133
117 139
117 140
117 146
117 147
117 148
117 150
117 151
117 154
117 161
117 163
118 7
118 17
118 20
118 31
118 38
118 39
118 42
118 57
118 59
118 60
118 66
118 76
118 81
118 85
118 86
118 87
118 90
118 95
118 111
118 113
118 117
118 121
118 124
118 130
118 132
118 139
118 140
118 146
118 147
118 148
118 150
118 151
118 154
118 163
119 13
119 30
119 44
119 52
119 72
119 76
119 93
119 94
119 106
119 120
119 124
119 138
119 153
120 5
120 13
120 16
120 30
120 38
120 39
120 44
120 45
120 46
120 52
120 57
120 59
120 60
120 71
120 72
120 73
120 90
120 93
120 94
120 97
120 106
120 109
120 113
120 119
120 124
120 126
120 130
120 138
120 141
120 146
120 153
121 0
121 7
121 17
121 20
121 26
121 31
121 38
121 39
121 42
121 49
121 55
121 57
121 58
121 59
121 60
121 66
121 81
121 85
121 86
121 87
121 89
121 90
121 92
121 95
121 101
121 102
121 111
121 113
121 117
121 118
121 127
121 130
121 132
121 133
121 139
121 140
121 144
121 146
121 147
121 148
121 150
121 151
121 154
121 161
121 163
122 3
122 4
122 9
122 12
122 18
122 19
122 22
122 24
122 28
122 29
122 34
122 35
122 40
122 43
122 48
122 50
122 51
122 53
122 56
122 64
122 67
122 75
122 78
122 79
122 88
122 98
122 104
122 105
122 107
122 116
122 128
122 137
122 142
122 149
122 152
122 157
122 160
122 162
122 164
122 165
122 168
123 3
123 8
123 10
123 14
123 18
123 27
123 29
123 32
123 36
123 47
123 54
123 62
123 63
123 65
123 69
123 74
123 77
123 79
123 80
123 84
123 91
123 96
123 98
123 100
123 103
123 114
123 115
123 116
123 131
123 135
123 136
123 143
123 145
123 156
123 157
123 158
123 159
123 167
123 169
124 13
124 20
124 30
124 38
124 42
124 44
124 52
124 57
124 60
124 72
124 76
124 86
124 87
124 90
124 93
124 94
124 106
124 113
124 118
124 119
124 120
124 130
124 138
124 146
124 150
124 163
125 6
125 10
125 11
125 14
125 27
125 32
125 33
125 41
125 47
125 63
125 65
125 69
125 70
125 74
125 80
125 91
125 99
125 103
125 108
125 131
125 134
125 143
125 159
125 166
125 169
126 5
126 11
126 15
126 16
126 30
126 33
126 38
126 39
126 45
126 46
126 52
126 57
126 59
126 60
126 65
126 71
126 73
126 83
126 94
126 97
126 99
126 106
126 109
126 113
126 120
126 141
126 146
126 153
127 0
127 2
127 4
127 7
127 9
127 21
127 23
127 26
127 31
127 36
127 37
127 38
127 39
127 43
127 48
127 49
127 51
127 53
127 55
127 59
127 62
127 66
127 67
127 78
127 81
127 89
127 90
127 92
127 95
127 101
127 102
127 107
127 110
127 111
127 117
127 121
127 129
127 133
127 140
127 144
127 147
127 149
127 150
127 151
127 154
127 161
128 3
128 12
128 18
128 19
128 22
128 24
128 29
128 34
128 40
128 50
128 56
128 64
128 75
128 77
128 78
128 79
128 84
128 98
128 104
128 105
128 107
128 114
128 116
128 122
128 135
128 136
128 137
128 142
128 145
128 149
128 152
128 157
128 158
128 162
128 164
128 165
128 167
128 168
129 1
129 2
129 4
129 7
129 9
129 21
129 26
129 28
129 35
129 37
129 43
129 48
129 49
129 51
129 53
129 55
129 61
129 81
129 89
129 92
129 95
129 101
129 102
129 127
129 151
130 13
130 16
130 17
130 20
130 30
130 31
130 38
130 39
130 42
130 44
130 52
130 57
130 59
130 60
130 66
130 72
130 73
130 76
130 86
130 87
130 90
130 93
130 94
130 106
130 113
130 117
130 118
130 120
130 121
130 124
130 138
130 140
130 146
130 147
130 150
130 154
130 163
131 6
131 8
131 10
131 11
131 14
131 27
131 32
131 33
131 41
131 47
131 63
131 65
131 69
131 70
131 74
131 80
131 83
131 91
131 96
131 99
131 103
131 108
131 123
131 125
131 134
131 143
131 156
131 159
131 166
131 169
132 17
132 20
132 25
132 58
132 68
132 81
132 82
132 85
132 87
132 95
132 112
132 117
132 118
132 121
132 139
132 140
132 148
132 155
133 0
133 2
133 4
133 7
133 21
133 23
133 26
133 31
133 36
133 37
133 38
133 39
133 43
133 46
133 48
133 49
133 51
133 53
133 55
133 59
133 62
133 66
133 67
133 78
133 81
133 87
133 89
133 90
133 92
133 95
133 101
133 102
133 107
133 110
133 111
133 117
133 121
133 127
133 140
133 144
133 147
133 149
133 150
133 151
133 154
133 161
134 5
134 6
134 10
134 11
134 15
134 32
134 33
134 41
134 47
134 65
134 70
134 80
134 83
134 91
134 97
134 99
134 108
134 109
134 125
134 131
134 141
134 159
134 166
135 3
135 8
135 10
135 14
135 18
135 24
135 27
135 29
135 32
135 33
135 36
135 47
135 54
135 62
135 65
135 69
135 74
135 77
135 78
135 79
135 80
135 84
135 91
135 96
135 98
135 100
135 103
135 104
135 107
135 110
135 114
135 115
135 116
135 123
135 128
135 136
135 143
135 145
135 149
135 156
135 157
135 158
135 159
135 167
135 169
136 0
136 3
136 8
136 14
136 18
136 23
136 24
136 29
136 32
136 36
136 46
136 47
136 54
136 62
136 65
136 67
136 69
136 74
136 77
136 78
136 79
136 84
136 91
136 96
136 98
136 100
136 103
136 105
136 107
136 110
136 114
136 115
136 116
136 123
136 128
136 135
136 143
136 144
136 145
136 149
136 156
136 157
136 158
136 159
136 167
136 169
137 3
137 12
137 18
137 19
137 22
137 24
137 29
137 34
137 40
137 50
137 56
137 64
137 75
137 78
137 79
137 84
137 88
137 98
137 104
137 105
137 116
137 122
137 128
137 142
137 149
137 152
137 157
137 160
137 162
137 164
137 165
137 168
138 13
138 16
138 30
138 44
138 52
138 60
138 71
138 72
138 76
138 93
138 94
138 106
138 109
138 113
138 119
138 120
138 124
138 130
138 146
138 153
139 7
139 17
139 20
139 25
139 42
139 58
139 66
139 68
139 81
139 82
139 85
139 86
139 87
139 95
139 112
139 117
139 118
139 121
139 132
139 140
139 148
139 155
139 163
140 0
140 2
140 7
140 17
140 20
140 23
140 26
140 31
140 37
140 38
140 39
140 42
140 49
140 55
140 57
140 58
140 59
140 60
140 66
140 81
140 85
140 86
140 87
140 89
140 90
140 92
140 95
140 101
140 102
140 111
140 117
140 118
140 121
140 127
140 130
140 132
140 133
140 139
140 144
140 146
140 147
140 148
140 150
140 151
140 154
140 161
140 163
141 5
141 11
141 15
141 16
141 33
141 45
141 46
141 65
141 71
141 73
141 83
141 94
141 97
141 99
141 106
141 109
141 120
141 126
141 134
141 153
142 3
142 4
142 9
142 12
142 18
142 19
142 22
142 24
142 28
142 29
142 34
142 40
142 43
142 48
142 50
142 51
142 56
142 64
142 67
142 75
142 78
142 79
142 84
142 88
142 98
142 104
142 105
142 107
142 116
142 122
142 128
142 137
142 149
142 152
142 157
142 160
142 162
142 164
142 165
142 168
143 3
143 5
143 8
143 10
143 11
143 14
143 27
143 32
143 33
143 36
143 45
143 46
143 47
143 54
143 62
143 63
143 65
143 69
143 70
143 74
143 77
143 80
143 83
143 84
143 91
143 96
143 97
143 99
143 100
143 103
143 108
143 110
143 114
143 115
143 123
143 125
143 131
143 135
143 136
143 145
143 156
143 158
143 159
143 166
143 167
143 169
144 0
144 2
144 4
144 5
144 7
144 23
144 26
144 31
144 36
144 37
144 38
144 39
144 43
144 45
144 46
144 48
144 49
144 51
144 54
144 57
144 59
144 62
144 66
144 67
144 78
144 81
144 84
144 89
144 90
144 92
144 95
144 100
144 107
144 110
144 111
144 114
144 115
144 121
144 127
144 133
144 136
144 140
144 145
144 147
144 149
144 150
144 151
144 154
144 161
145 0
145 3
145 8
145 14
145 18
145 23
145 24
145 29
145 32
145 36
145 43
145 46
145 48
145 51
145 54
145 62
145 65
145 67
145 74
145 77
145 78
145 79
145 84
145 91
145 96
145 98
145 100
145 103
145 105
145 107
145 110
145 114
145 115
145 116
145 123
145 128
145 135
145 136
145 143
145 144
145 149
145 156
145 157
145 158
145 159
145 161
145 164
145 167
146 0
146 16
146 17
146 20
146 30
146 31
146 38
146 39
146 42
146 44
146 45
146 46
146 52
146 57
146 59
146 60
146 66
146 72
146 73
146 76
146 86
146 87
146 90
146 94
146 106
146 111
146 113
146 117
146 118
146 120
146 121
146 124
146 126
146 130
146 138
146 140
146 147
146 150
146 154
146 163
147 0
147 2
147 7
147 17
147 20
147 23
147 26
147 31
147 36
147 37
147 38
147 39
147 42
147 45
147 46
147 48
147 49
147 51
147 55
147 57
147 59
147 60
147 66
147 67
147 81
147 86
147 87
147 89
147 90
147 92
147 95
147 101
147 102
147 110
147 111
147 113
147 117
147 118
147 121
147 127
147 130
147 133
147 140
147 144
147 146
147 150
147 151
147 154
147 161
147 163
148 7
148 17
148 20
148 25
148 42
148 55
148 58
148 66
148 68
148 81
148 82
148 85
148 86
148 87
148 90
148 95
148 101
148 112
148 117
148 118
148 121
148 132
148 139
148 140
148 150
148 151
148 154
148 155
148 163
149 0
149 2
149 3
149 4
149 9
149 18
149 19
149 23
149 24
149 28
149 29
149 36
149 37
149 43
149 48
149 50
149 51
149 54
149 56
149 62
149 64
149 67
149 77
149 78
149 79
149 84
149 89
149 92
149 96
149 98
149 100
149 105
149 107
149 110
149 114
149 115
149 116
149 122
149 127
149 128
149 133
149 135
149 136
149 137
149 142
149 144
149 145
149 157
149 158
149 161
149 164
149 165
150 0
150 7
150 17
150 20
150 26
150 31
150 38
150 39
150 42
150 52
150 57
150 59
150 60
150 66
150 76
150 81
150 86
150 87
150 89
150 90
150 95
150 111
150 113
150 117
150 118
150 121
150 124
150 127
150 130
150 133
150 140
150 144
150 146
150 147
150 148
150 151
150 154
150 161
150 163
151 0
151 2
151 4
151 7
151 17
151 21
151 23
151 26
151 31
151 37
151 38
151 39
151 43
151 48
151 49
151 51
151 53
151 55
151 58
151 59
151 66
151 67
151 81
151 86
151 87
151 89
151 90
151 92
151 95
151 101
151 102
151 111
151 117
151 118
151 121
151 127
151 129
151 133
151 140
151 144
151 147
151 148
151 150
151 154
151 161
151 163
152 12
152 18
152 19
152 22
152 24
152 28
152 29
152 34
152 40
152 50
152 56
152 64
152 75
152 79
152 88
152 104
152 105
152 116
152 122
152 128
152 137
152 142
152 157
152 160
152 162
152 164
152 165
152 168
153 5
153 15
153 16
153 30
153 44
153 45
153 52
153 60
153 71
153 72
153 73
153 93
153 94
153 97
153 106
153 109
153 113
153 119
153 120
153 126
153 138
153 141
154 0
154 2
154 7
154 17
154 20
154 23
154 26
154 31
154 37
154 38
154 39
154 42
154 48
154 49
154 51
154 55
154 57
154 59
154 60
154 66
154 67
154 81
154 86
154 87
154 89
154 90
154 92
154 95
154 101
154 102
154 111
154 113
154 117
154 118
154 121
154 127
154 130
154 133
154 140
154 144
154 146
154 147
154 148
154 150
154 151
154 161
154 163
155 1
155 25
155 58
155 61
155 68
155 82
155 85
155 112
155 132
155 139
155 148
156 3
156 5
156 8
156 10
156 11
156 14
156 27
156 32
156 33
156 36
156 45
156 46
156 47
156 54
156 62
156 63
156 65
156 69
156 70
156 74
156 77
156 78
156 80
156 83
156 84
156 91
156 96
156 97
156 98
156 99
156 100
156 103
156 107
156 108
156 110
156 114
156 115
156 123
156 131
156 135
156 136
156 143
156 145
156 158
156 159
156 166
156 167
156 169
157 3
157 12
157 18
157 19
157 22
157 24
157 29
157 34
157 40
157 50
157 56
157 64
157 75
157 77
157 78
157 79
157 84
157 98
157 104
157 105
157 114
157 116
157 122
157 123
157 128
157 135
157 136
157 137
157 142
157 145
157 149
157 152
157 158
157 162
157 164
157 165
157 167
157 168
158 3
158 8
158 14
158 18
158 24
158 29
158 32
158 36
158 47
158 54
158 62
158 65
158 67
158 69
158 74
158 77
158 78
158 79
158 84
158 91
158 96
158 98
158 100
158 103
158 104
158 105
158 107
158 110
158 114
158 115
158 116
158 123
158 128
158 135
158 136
158 143
158 145
158 149
158 156
158 157
158 159
158 164
158 167
158 168
158 169
159 6
159 8
159 10
159 11
159 14
159 27
159 32
159 33
159 41
159 47
159 54
159 62
159 63
159 65
159 69
159 70
159 74
159 77
159 80
159 83
159 91
159 96
159 99
159 100
159 103
159 108
159 114
159 115
159 123
159 125
159 131
159 134
159 135
159 136
159 143
159 145
159 156
159 158
159 166
159 167
159 169
160 4
160 9
160 12
160 19
160 22
160 24
160 28
160 34
160 35
160 40
160 43
160 50
160 56
160 64
160 75
160 88
160 105
160 122
160 137
160 142
160 152
160 162
160 164
160 165
161 0
161 2
161 4
161 7
161 23
161 26
161 31
161 36
161 37
161 38
161 39
161 43
161 45
161 46
161 48
161 49
161 51
161 54
161 57
161 59
161 62
161 66
161 67
161 78
161 81
161 84
161 89
161 90
161 92
161 95
161 100
161 102
161 107
161 110
161 111
161 115
161 117
161 121
161 127
161 133
161 140
161 144
161 145
161 147
161 149
161 150
161 151
161 154
162 3
162 9
162 12
162 18
162 19
162 22
162 24
162 28
162 29
162 34
162 40
162 43
162 50
162 56
162 64
162 75
162 78
162 79
162 88
162 98
162 104
162 105
162 116
162 122
162 128
162 137
162 142
162 152
162 157
162 160
162 164
162 165
162 168
163 7
163 17
163 20
163 31
163 38
163 39
163 42
163 52
163 57
163 59
163 60
163 66
163 76
163 81
163 86
163 87
163 90
163 95
163 111
163 113
163 117
163 118
163 121
163 124
163 130
163 139
163 140
163 146
163 147
163 148
163 150
163 151
163 154
164 2
164 3
164 4
164 9
164 12
164 18
164 19
164 22
164 24
164 28
164 29
164 34
164 35
164 37
164 40
164 43
164 48
164 50
164 51
164 56
164 64
164 67
164 75
164 78
164 79
164 84
164 88
164 98
164 104
164 105
164 107
164 114
164 116
164 122
164 128
164 137
164 142
164 145
164 149
164 152
164 157
164 158
164 160
164 162
164 165
164 168
165 3
165 4
165 9
165 12
165 18
165 19
165 22
165 24
165 28
165 29
165 34
165 35
165 40
165 43
165 48
165 50
165 51
165 56
165 64
165 67
165 75
165 78
165 79
165 84
165 88
165 98
165 104
165 105
165 107
165 114
165 116
165 122
165 128
165 137
165 142
165 149
165 152
165 157
165 160
165 162
165 164
165 168
166 6
166 8
166 10
166 11
166 14
166 15
166 27
166 32
166 33
166 41
166 47
166 63
166 65
166 69
166 70
166 74
166 80
166 83
166 91
166 96
166 97
166 99
166 103
166 108
166 125
166 131
166 134
166 143
166 156
166 159
166 169
167 3
167 8
167 14
167 18
167 24
167 27
167 29
167 47
167 54
167 62
167 69
167 74
167 77
167 78
167 79
167 84
167 96
167 98
167 103
167 104
167 114
167 116
167 123
167 128
167 135
167 136
167 143
167 145
167 156
167 157
167 158
167 159
167 168
167 169
168 3
168 12
168 18
168 19
168 22
168 24
168 29
168 34
168 40
168 50
168 56
168 64
168 75
168 78
168 79
168 84
168 88
168 98
168 104
168 105
168 114
168 116
168 122
168 128
168 137
168 142
168 152
168 157
168 158
168 162
168 164
168 165
168 167
169 6
169 8
169 10
169 11
169 14
169 27
169 32
169 33
169 41
169 47
169 54
169 63
169 65
169 69
169 70
169 74
169 77
169 80
169 91
169 96
169 103
169 108
169 123
169 125
169 131
169 135
169 136
169 143
169 156
169 158
169 159
169 166
169 167
