4
2 1
170
0 50.000000 50.000000 10 99999999 4
1 78.520448 86.474141 10 126 3
2 16.434965 27.122405 10 136 2
3 86.787648 99.257364 10 124 1
4 87.298579 32.469189 10 113 4
5 90.395672 25.697772 10 134 2
6 10.710678 93.349432 10 130 1
7 69.128035 66.306020 10 110 2
8 11.545613 73.840992 10 148 3
9 69.666486 8.266141 10 125 4
10 26.614045 4.628777 10 142 5
11 39.235618 60.565847 10 121 3
12 43.483056 17.034159 10 123 1
13 20.253385 38.079369 10 135 1
14 4.549192 56.417456 10 147 2
15 22.952609 52.048430 10 133 5
16 55.581722 10.120576 10 120 2
17 95.460723 30.339109 10 130 2
18 2.501035 94.302972 10 117 4
19 77.025303 61.764247 10 135 3
20 46.440494 17.152750 10 141 3
21 4.400802 96.080594 10 128 1
22 79.220377 13.590714 10 146 4
23 64.758244 94.308398 10 138 3
24 72.852747 37.858642 10 127 1
25 90.360099 39.483387 10 118 5
26 17.061961 44.141236 10 121 4
27 45.697700 90.082329 10 141 5
28 24.048695 3.396295 10 136 1
29 41.283016 42.940926 10 125 4
30 4.963664 60.685776 10 148 1
31 23.433104 59.275730 10 108 1
32 93.325906 86.700331 10 143 4
33 75.628725 84.526298 10 136 2
34 24.796430 97.570166 10 147 3
35 34.981842 99.472635 10 125 2
36 98.209204 32.247318 10 118 4
37 74.481267 69.456924 10 147 2
38 16.994483 69.905994 10 100 3
39 65.685618 59.459209 10 103 5
40 1.578450 33.247359 10 115 5
41 54.940598 30.389562 10 123 5
42 88.512113 29.968922 10 104 4
43 22.250958 40.599626 10 145 4
44 6.921789 85.151963 10 143 1
45 25.576897 45.417712 10 129 1
46 29.758338 12.447122 10 137 1
47 92.845973 58.315683 10 119 1
48 34.501372 84.860664 10 135 3
49 72.910864 27.068328 10 138 4
50 13.069501 49.147370 10 113 4
51 95.343044 71.444171 10 127 4
52 80.051361 64.505635 10 134 4
53 5.658083 16.949099 10 141 5
54 34.910344 78.608010 10 121 3
55 30.929814 54.140950 10 116 1
56 82.457252 56.595247 10 143 2
57 90.499492 20.978417 10 130 4
58 79.841438 28.343704 10 123 3
59 7.594275 38.508994 10 145 5
60 3.159329 22.700770 10 128 4
61 4.889787 35.073193 10 139 2
62 4.692774 37.587467 10 115 4
63 53.686328 11.845391 10 140 5
64 26.812489 4.461368 10 142 3
65 94.366388 30.449206 10 117 3
66 38.003610 47.259455 10 121 1
67 91.528710 57.640030 10 131 5
68 34.433321 12.910517 10 119 5
69 21.059305 53.516208 10 115 3
70 5.750517 12.471090 10 132 2
71 37.100801 95.799020 10 142 2
72 31.410152 64.269129 10 144 2
73 49.951405 86.660759 10 126 5
74 56.352159 69.934978 10 140 1
75 61.708388 84.021319 10 132 2
76 85.962930 69.840543 10 106 5
77 66.458697 14.138221 10 114 3
78 82.693695 0.908795 10 103 5
79 76.090219 54.448001 10 105 3
80 22.081424 61.438025 10 144 2
81 66.029196 7.140677 10 116 4
82 60.104059 16.146132 10 146 3
83 39.537236 72.903366 10 119 3
84 3.150787 31.467067 10 117 5
85 6.602535 66.455885 10 143 1
86 63.898138 82.985218 10 106 3
87 14.459906 63.757998 10 138 2
88 45.749294 42.348154 10 106 1
89 15.031652 43.375139 10 144 4
90 61.808799 83.886680 10 107 1
91 93.707047 7.475544 10 101 1
92 51.759684 75.437660 10 139 3
93 65.307246 28.289092 10 125 4
94 32.485570 86.000944 10 138 1
95 33.383247 95.449472 10 134 1
96 87.670887 87.529868 10 126 3
97 17.016871 84.289372 10 106 1
98 88.547021 72.504217 10 107 5
99 89.332155 64.708943 10 139 3
100 68.169723 77.318254 10 140 2
101 29.963198 64.516590 10 101 3
102 36.666278 64.298653 10 110 3
103 53.016759 54.623483 10 145 2
104 87.156679 93.587358 10 139 1
105 86.308225 50.806926 10 148 3
106 75.084946 85.487582 10 117 3
107 76.883533 27.081436 10 147 1
108 87.338482 14.115872 10 129 2
109 75.871131 80.542548 10 141 1
110 84.395863 55.510265 10 124 5
111 15.527476 79.408993 10 133 5
112 47.742865 41.202781 10 106 3
113 49.891891 47.361298 10 130 2
114 92.568734 85.090918 10 133 1
115 1.275813 32.627962 10 103 2
116 73.863144 80.834091 10 148 1
117 41.635487 18.413683 10 107 4
118 95.728467 53.203388 10 102 2
119 67.195208 43.593397 10 132 1
120 6.394406 93.815243 10 0 2
121 25.664003 18.037118 10 0 5
122 17.972355 78.111176 10 0 3
123 12.016517 6.899856 10 0 3
124 26.650884 0.639716 10 0 1
125 46.468807 59.459609 10 0 2
126 63.256128 66.278237 10 0 3
127 54.111759 32.161181 10 0 1
128 8.149064 9.020842 10 0 2
129 89.451614 63.347508 10 0 5
130 19.865312 40.336393 10 0 5
131 59.204566 46.585701 10 0 5
132 44.170893 89.383965 10 0 2
133 17.611633 58.381627 10 0 5
134 96.882183 68.766587 10 0 1
135 26.453258 12.014908 10 0 1
136 79.249450 86.165232 10 0 5
137 67.125951 85.428711 10 0 5
138 70.678058 94.331240 10 0 4
139 72.915292 99.293206 10 0 4
140 64.466488 37.391961 10 0 2
141 48.431184 19.318130 10 0 1
142 66.791305 86.624526 10 0 1
143 88.534764 60.674903 10 0 5
144 26.994314 70.395940 10 0 2
145 78.868190 45.367607 10 0 3
146 73.416266 35.266115 10 0 4
147 34.614010 87.671463 10 0 5
148 87.806635 27.498141 10 0 2
149 49.917305 71.641392 10 0 2
150 52.876467 36.377039 10 0 5
151 15.557992 14.262642 10 0 2
152 80.447112 0.914479 10 0 3
153 26.453579 73.992112 10 0 1
154 68.172847 76.159285 10 0 3
155 25.362330 6.815305 10 0 1
156 90.380437 46.782035 10 0 3
157 12.101891 57.833450 10 0 2
158 1.107210 85.309617 10 0 2
159 7.303175 82.203379 10 0 4
160 15.329959 68.692695 10 0 4
161 97.884199 48.203284 10 0 4
162 57.814174 47.173367 10 0 4
163 51.132791 68.036713 10 0 4
164 75.325078 15.693871 10 0 3
165 45.196556 95.901141 10 0 3
166 74.753124 46.246026 10 0 1
167 45.447451 80.016214 10 0 4
168 35.980846 91.262621 10 0 1
169 74.597013 62.193284 10 0 1
3032
0 11
0 29
0 39
0 55
0 66
0 88
0 102
0 103
0 112
0 113
0 119
0 125
0 127
0 131
0 140
0 150
0 162
0 163
1 3
1 23
1 32
1 33
1 37
1 75
1 76
1 86
1 90
1 96
1 98
1 100
1 104
1 106
1 109
1 114
1 116
1 136
1 137
1 138
1 139
1 142
1 154
2 13
2 26
2 40
2 43
2 46
2 53
2 59
2 60
2 61
2 62
2 70
2 84
2 89
2 115
2 121
2 128
2 130
2 135
2 151
3 1
3 32
3 33
3 96
3 104
3 106
3 114
3 136
3 138
3 139
4 5
4 17
4 24
4 25
4 36
4 42
4 49
4 57
4 58
4 65
4 105
4 107
4 108
4 145
4 146
4 148
4 156
4 161
4 166
5 4
5 17
5 22
5 25
5 36
5 42
5 49
5 57
5 58
5 65
5 91
5 107
5 108
5 146
5 148
5 164
6 8
6 18
6 21
6 34
6 44
6 97
6 111
6 120
6 122
6 158
6 159
7 19
7 33
7 37
7 39
7 52
7 56
7 74
7 75
7 76
7 79
7 86
7 90
7 92
7 100
7 103
7 109
7 110
7 116
7 126
7 137
7 149
7 154
7 163
7 169
8 6
8 14
8 30
8 31
8 38
8 44
8 80
8 85
8 87
8 97
8 111
8 122
8 133
8 144
8 153
8 157
8 158
8 159
8 160
9 16
9 22
9 49
9 63
9 77
9 78
9 81
9 82
9 108
9 152
9 164
10 28
10 46
10 64
10 68
10 121
10 123
10 124
10 128
10 135
10 151
10 155
11 0
11 15
11 29
11 31
11 54
11 55
11 66
11 69
11 72
11 74
11 80
11 83
11 88
11 92
11 101
11 102
11 103
11 113
11 125
11 144
11 149
11 153
11 163
12 16
12 20
12 41
12 46
12 63
12 68
12 82
12 117
12 121
12 127
12 135
12 141
13 2
13 15
13 26
13 40
13 43
13 45
13 50
13 55
13 59
13 61
13 62
13 66
13 69
13 84
13 89
13 115
13 130
14 8
14 15
14 26
14 30
14 31
14 38
14 50
14 59
14 62
14 69
14 80
14 85
14 87
14 89
14 133
14 157
14 160
15 11
15 13
15 14
15 26
15 30
15 31
15 38
15 43
15 45
15 50
15 55
15 66
15 69
15 72
15 80
15 87
15 89
15 101
15 102
15 130
15 133
15 144
15 157
15 160
16 9
16 12
16 20
16 63
16 77
16 81
16 82
16 117
16 141
17 4
17 5
17 25
17 36
17 42
17 57
17 58
17 65
17 107
17 108
17 148
17 156
17 161
18 6
18 21
18 44
18 97
18 111
18 120
18 158
18 159
19 7
19 37
19 39
19 47
19 52
19 56
19 67
19 76
19 79
19 98
19 99
19 100
19 105
19 109
19 110
19 116
19 126
19 129
19 143
19 145
19 154
19 166
19 169
20 12
20 16
20 41
20 46
20 63
20 68
20 82
20 117
20 127
20 141
21 6
21 18
21 44
21 97
21 120
21 158
21 159
22 5
22 9
22 42
22 49
22 57
22 58
22 77
22 78
22 81
22 82
22 91
22 107
22 108
22 148
22 152
22 164
23 1
23 27
23 33
23 73
23 75
23 86
23 90
23 100
23 106
23 109
23 116
23 136
23 137
23 138
23 139
23 142
23 154
23 165
24 4
24 25
24 41
24 42
24 49
24 58
24 79
24 93
24 105
24 107
24 119
24 127
24 131
24 140
24 145
24 146
24 148
24 156
24 162
24 166
25 4
25 5
25 17
25 24
25 36
25 42
25 47
25 56
25 57
25 58
25 65
25 67
25 105
25 107
25 110
25 118
25 145
25 146
25 148
25 156
25 161
25 166
26 2
26 13
26 14
26 15
26 31
26 40
26 43
26 45
26 50
26 55
26 59
26 61
26 62
26 69
26 80
26 84
26 87
26 89
26 115
26 130
26 133
26 157
27 23
27 35
27 48
27 54
27 71
27 73
27 75
27 83
27 86
27 90
27 92
27 94
27 95
27 132
27 147
27 149
27 165
27 167
27 168
28 10
28 46
28 64
28 68
28 121
28 123
28 124
28 128
28 135
28 151
28 155
29 0
29 11
29 41
29 43
29 45
29 55
29 66
29 88
29 103
29 112
29 113
29 125
29 127
29 131
29 150
29 162
30 8
30 14
30 15
30 31
30 38
30 50
30 69
30 80
30 85
30 87
30 133
30 157
30 160
31 8
31 11
31 14
31 15
31 26
31 30
31 38
31 43
31 45
31 50
31 55
31 66
31 69
31 72
31 80
31 85
31 87
31 89
31 101
31 102
31 122
31 130
31 133
31 144
31 153
31 157
31 160
32 1
32 3
32 33
32 51
32 76
32 96
32 98
32 104
32 106
32 109
32 114
32 134
32 136
33 1
33 3
33 7
33 23
33 32
33 37
33 75
33 76
33 86
33 90
33 96
33 98
33 100
33 104
33 106
33 109
33 114
33 116
33 136
33 137
33 138
33 139
33 142
33 154
34 6
34 35
34 48
34 71
34 94
34 95
34 97
34 120
34 147
34 168
35 27
35 34
35 48
35 71
35 73
35 94
35 95
35 132
35 147
35 165
35 168
36 4
36 5
36 17
36 25
36 42
36 57
36 58
36 65
36 148
36 156
36 161
37 1
37 7
37 19
37 33
37 39
37 52
37 56
37 74
37 75
37 76
37 79
37 86
37 90
37 98
37 99
37 100
37 106
37 109
37 110
37 116
37 126
37 129
37 136
37 137
37 142
37 143
37 154
37 169
38 8
38 14
38 15
38 30
38 31
38 44
38 54
38 69
38 72
38 80
38 85
38 87
38 97
38 101
38 111
38 122
38 133
38 144
38 153
38 157
38 159
38 160
39 0
39 7
39 19
39 37
39 52
39 56
39 74
39 79
39 100
39 103
39 110
39 113
39 119
39 125
39 126
39 131
39 145
39 149
39 154
39 162
39 163
39 166
39 169
40 2
40 13
40 26
40 50
40 53
40 59
40 60
40 61
40 62
40 84
40 89
40 115
40 130
41 12
41 20
41 24
41 29
41 49
41 63
41 77
41 82
41 88
41 93
41 112
41 113
41 117
41 119
41 127
41 131
41 140
41 141
41 146
41 150
41 162
42 4
42 5
42 17
42 22
42 24
42 25
42 36
42 49
42 57
42 58
42 65
42 107
42 108
42 145
42 146
42 148
42 156
42 164
43 2
43 13
43 15
43 26
43 29
43 31
43 45
43 50
43 55
43 59
43 61
43 62
43 66
43 69
43 89
43 130
43 133
44 6
44 8
44 18
44 21
44 38
44 85
44 97
44 111
44 120
44 122
44 158
44 159
44 160
45 13
45 15
45 26
45 29
45 31
45 43
45 50
45 55
45 59
45 66
45 69
45 72
45 80
45 89
45 101
45 130
45 133
45 157
46 2
46 10
46 12
46 20
46 28
46 64
46 68
46 117
46 121
46 123
46 124
46 135
46 141
46 151
46 155
47 19
47 25
47 51
47 52
47 56
47 67
47 76
47 79
47 98
47 99
47 105
47 110
47 118
47 129
47 134
47 143
47 145
47 156
47 161
47 169
48 27
48 34
48 35
48 54
48 71
48 73
48 83
48 92
48 94
48 95
48 97
48 111
48 122
48 132
48 144
48 147
48 153
48 165
48 167
48 168
49 4
49 5
49 9
49 22
49 24
49 41
49 42
49 57
49 58
49 77
49 82
49 93
49 107
49 108
49 119
49 127
49 140
49 145
49 146
49 148
49 164
49 166
50 13
50 14
50 15
50 26
50 30
50 31
50 40
50 43
50 45
50 55
50 59
50 61
50 62
50 69
50 80
50 85
50 87
50 89
50 130
50 133
50 157
50 160
51 32
51 47
51 52
51 56
51 67
51 76
51 96
51 98
51 99
51 110
51 114
51 118
51 129
51 134
51 143
52 7
52 19
52 37
52 39
52 47
52 51
52 56
52 67
52 76
52 79
52 98
52 99
52 100
52 105
52 109
52 110
52 116
52 118
52 126
52 129
52 134
52 143
52 145
52 154
52 166
52 169
53 2
53 40
53 60
53 61
53 70
53 84
53 115
53 123
53 128
53 151
54 11
54 27
54 38
54 48
54 71
54 72
54 73
54 83
54 92
54 94
54 95
54 97
54 101
54 102
54 111
54 122
54 132
54 144
54 147
54 149
54 153
54 163
54 167
54 168
55 0
55 11
55 13
55 15
55 26
55 29
55 31
55 43
55 45
55 50
55 66
55 69
55 72
55 80
55 87
55 88
55 89
55 101
55 102
55 125
55 130
55 133
55 144
55 157
56 7
56 19
56 25
56 37
56 39
56 47
56 51
56 52
56 67
56 76
56 79
56 98
56 99
56 105
56 110
56 118
56 129
56 134
56 143
56 145
56 156
56 161
56 166
56 169
57 4
57 5
57 17
57 22
57 25
57 36
57 42
57 49
57 58
57 65
57 91
57 107
57 108
57 148
57 164
58 4
58 5
58 17
58 22
58 24
58 25
58 36
58 42
58 49
58 57
58 65
58 77
58 93
58 107
58 108
58 119
58 140
58 145
58 146
58 148
58 164
58 166
59 2
59 13
59 14
59 26
59 40
59 43
59 45
59 50
59 60
59 61
59 62
59 84
59 89
59 115
59 130
59 157
60 2
60 40
60 53
60 59
60 61
60 62
60 70
60 84
60 115
60 123
60 128
60 151
61 2
61 13
61 26
61 40
61 43
61 50
61 53
61 59
61 60
61 62
61 84
61 89
61 115
61 130
62 2
62 13
62 14
62 26
62 40
62 43
62 50
62 59
62 60
62 61
62 84
62 89
62 115
62 130
63 9
63 12
63 16
63 20
63 41
63 68
63 77
63 81
63 82
63 117
63 141
64 10
64 28
64 46
64 68
64 121
64 123
64 124
64 128
64 135
64 151
64 155
65 4
65 5
65 17
65 25
65 36
65 42
65 57
65 58
65 107
65 108
65 148
65 156
65 161
66 0
66 11
66 13
66 15
66 29
66 31
66 43
66 45
66 55
66 69
66 72
66 88
66 101
66 102
66 103
66 112
66 113
66 125
66 130
66 150
66 162
67 19
67 25
67 47
67 51
67 52
67 56
67 76
67 79
67 98
67 99
67 105
67 110
67 118
67 129
67 134
67 143
67 145
67 156
67 161
67 169
68 10
68 12
68 20
68 28
68 46
68 63
68 64
68 117
68 121
68 124
68 135
68 141
68 151
68 155
69 11
69 13
69 14
69 15
69 26
69 30
69 31
69 38
69 43
69 45
69 50
69 55
69 66
69 72
69 80
69 85
69 87
69 89
69 101
69 102
69 130
69 133
69 144
69 157
69 160
70 2
70 53
70 60
70 84
70 123
70 128
70 151
71 27
71 34
71 35
71 48
71 54
71 73
71 94
71 95
71 132
71 147
71 165
71 167
71 168
72 11
72 15
72 31
72 38
72 45
72 54
72 55
72 66
72 69
72 80
72 83
72 87
72 101
72 102
72 122
72 125
72 133
72 144
72 149
72 153
72 160
73 23
73 27
73 35
73 48
73 54
73 71
73 74
73 75
73 83
73 86
73 90
73 92
73 94
73 95
73 132
73 137
73 142
73 147
73 149
73 163
73 165
73 167
73 168
74 7
74 11
74 37
74 39
74 73
74 75
74 83
74 86
74 90
74 92
74 100
74 103
74 125
74 126
74 137
74 142
74 149
74 154
74 163
74 167
74 169
75 1
75 7
75 23
75 27
75 33
75 37
75 73
75 74
75 86
75 90
75 92
75 100
75 106
75 109
75 116
75 126
75 132
75 136
75 137
75 138
75 139
75 142
75 149
75 154
75 163
75 167
76 1
76 7
76 19
76 32
76 33
76 37
76 47
76 51
76 52
76 56
76 67
76 79
76 96
76 98
76 99
76 100
76 105
76 106
76 109
76 110
76 114
76 116
76 118
76 129
76 134
76 136
76 143
76 154
76 169
77 9
77 16
77 22
77 41
77 49
77 58
77 63
77 81
77 82
77 93
77 107
77 141
77 152
77 164
78 9
78 22
78 81
78 91
78 108
78 152
78 164
79 7
79 19
79 24
79 37
79 39
79 47
79 52
79 56
79 67
79 76
79 99
79 105
79 110
79 118
79 119
79 126
79 129
79 131
79 143
79 145
79 146
79 156
79 162
79 166
79 169
80 8
80 11
80 14
80 15
80 26
80 30
80 31
80 38
80 45
80 50
80 55
80 69
80 72
80 85
80 87
80 89
80 101
80 102
80 111
80 122
80 133
80 144
80 153
80 157
80 160
81 9
81 16
81 22
81 63
81 77
81 78
81 82
81 152
81 164
82 9
82 12
82 16
82 20
82 22
82 41
82 49
82 63
82 77
82 81
82 93
82 117
82 127
82 141
82 164
83 11
83 27
83 48
83 54
83 72
83 73
83 74
83 92
83 94
83 101
83 102
83 125
83 132
83 144
83 147
83 149
83 153
83 163
83 167
83 168
84 2
84 13
84 26
84 40
84 53
84 59
84 60
84 61
84 62
84 70
84 89
84 115
84 130
85 8
85 14
85 30
85 31
85 38
85 44
85 50
85 69
85 80
85 87
85 111
85 122
85 133
85 157
85 158
85 159
85 160
86 1
86 7
86 23
86 27
86 33
86 37
86 73
86 74
86 75
86 90
86 92
86 100
86 106
86 109
86 116
86 126
86 136
86 137
86 138
86 139
86 142
86 149
86 154
86 163
86 167
87 8
87 14
87 15
87 26
87 30
87 31
87 38
87 50
87 55
87 69
87 72
87 80
87 85
87 101
87 111
87 122
87 133
87 144
87 153
87 157
87 159
87 160
88 0
88 11
88 29
88 41
88 55
88 66
88 103
88 112
88 113
88 125
88 127
88 131
88 140
88 150
88 162
89 2
89 13
89 14
89 15
89 26
89 31
89 40
89 43
89 45
89 50
89 55
89 59
89 61
89 62
89 69
89 80
89 84
89 115
89 130
89 133
89 157
90 1
90 7
90 23
90 27
90 33
90 37
90 73
90 74
90 75
90 86
90 92
90 100
90 106
90 109
90 116
90 126
90 132
90 136
90 137
90 138
90 139
90 142
90 149
90 154
90 163
90 167
91 5
91 22
91 57
91 78
91 108
91 152
92 7
92 11
92 27
92 48
92 54
92 73
92 74
92 75
92 83
92 86
92 90
92 100
92 102
92 125
92 126
92 132
92 137
92 142
92 149
92 154
92 163
92 167
93 24
93 41
93 49
93 58
93 77
93 82
93 107
93 119
93 127
93 131
93 140
93 141
93 146
93 150
93 164
94 27
94 34
94 35
94 48
94 54
94 71
94 73
94 83
94 95
94 97
94 111
94 122
94 132
94 144
94 147
94 153
94 165
94 167
94 168
95 27
95 34
95 35
95 48
95 54
95 71
95 73
95 94
95 97
95 132
95 147
95 165
95 167
95 168
96 1
96 3
96 32
96 33
96 51
96 76
96 98
96 104
96 106
96 109
96 114
96 116
96 136
96 138
96 139
97 6
97 8
97 18
97 21
97 34
97 38
97 44
97 48
97 54
97 94
97 95
97 111
97 120
97 122
97 144
97 147
97 153
97 158
97 159
97 160
98 1
98 19
98 32
98 33
98 37
98 47
98 51
98 52
98 56
98 67
98 76
98 96
98 99
98 106
98 109
98 110
98 114
98 116
98 129
98 134
98 136
98 143
98 169
99 19
99 37
99 47
99 51
99 52
99 56
99 67
99 76
99 79
99 98
99 105
99 110
99 118
99 129
99 134
99 143
99 156
99 161
99 169
100 1
100 7
100 19
100 23
100 33
100 37
100 39
100 52
100 74
100 75
100 76
100 86
100 90
100 92
100 106
100 109
100 116
100 126
100 136
100 137
100 138
100 142
100 149
100 154
100 163
100 169
101 11
101 15
101 31
101 38
101 45
101 54
101 55
101 66
101 69
101 72
101 80
101 83
101 87
101 102
101 122
101 125
101 133
101 144
101 153
101 157
101 160
102 0
102 11
102 15
102 31
102 54
102 55
102 66
102 69
102 72
102 80
102 83
102 92
102 101
102 103
102 125
102 133
102 144
102 149
102 153
102 163
102 167
103 0
103 7
103 11
103 29
103 39
103 66
103 74
103 88
103 102
103 112
103 113
103 119
103 125
103 126
103 131
103 149
103 150
103 162
103 163
104 1
104 3
104 32
104 33
104 96
104 106
104 109
104 114
104 116
104 136
104 138
104 139
105 4
105 19
105 24
105 25
105 47
105 52
105 56
105 67
105 76
105 79
105 99
105 110
105 118
105 129
105 143
105 145
105 156
105 161
105 166
105 169
106 1
106 3
106 23
106 32
106 33
106 37
106 75
106 76
106 86
106 90
106 96
106 98
106 100
106 104
106 109
106 114
106 116
106 136
106 137
106 138
106 139
106 142
106 154
107 4
107 5
107 17
107 22
107 24
107 25
107 42
107 49
107 57
107 58
107 65
107 77
107 93
107 108
107 119
107 140
107 145
107 146
107 148
107 164
107 166
108 4
108 5
108 9
108 17
108 22
108 42
108 49
108 57
108 58
108 65
108 78
108 91
108 107
108 148
108 152
108 164
109 1
109 7
109 19
109 23
109 32
109 33
109 37
109 52
109 75
109 76
109 86
109 90
109 96
109 98
109 100
109 104
109 106
109 114
109 116
109 126
109 136
109 137
109 138
109 139
109 142
109 154
109 169
110 7
110 19
110 25
110 37
110 39
110 47
110 51
110 52
110 56
110 67
110 76
110 79
110 98
110 99
110 105
110 118
110 129
110 134
110 143
110 145
110 156
110 161
110 166
110 169
111 6
111 8
111 18
111 38
111 44
111 48
111 54
111 80
111 85
111 87
111 94
111 97
111 120
111 122
111 144
111 153
111 158
111 159
111 160
112 0
112 29
112 41
112 66
112 88
112 103
112 113
112 119
112 125
112 127
112 131
112 140
112 150
112 162
113 0
113 11
113 29
113 39
113 41
113 66
113 88
113 103
113 112
113 119
113 125
113 127
113 131
113 140
113 150
113 162
114 1
114 3
114 32
114 33
114 51
114 76
114 96
114 98
114 104
114 106
114 109
114 116
114 134
114 136
115 2
115 13
115 26
115 40
115 53
115 59
115 60
115 61
115 62
115 84
115 89
116 1
116 7
116 19
116 23
116 33
116 37
116 52
116 75
116 76
116 86
116 90
116 96
116 98
116 100
116 104
116 106
116 109
116 114
116 126
116 136
116 137
116 138
116 139
116 142
116 154
116 169
117 12
117 16
117 20
117 41
117 46
117 63
117 68
117 82
117 121
117 127
117 135
117 141
117 155
118 25
118 47
118 51
118 52
118 56
118 67
118 76
118 79
118 99
118 105
118 110
118 129
118 134
118 143
118 145
118 156
118 161
119 0
119 24
119 39
119 41
119 49
119 58
119 79
119 93
119 103
119 107
119 112
119 113
119 127
119 131
119 140
119 145
119 146
119 150
119 162
119 166
120 6
120 18
120 21
120 34
120 44
120 97
120 111
120 122
120 158
120 159
121 2
121 10
121 12
121 28
121 46
121 64
121 68
121 117
121 123
121 124
121 128
121 135
121 151
121 155
122 6
122 8
122 31
122 38
122 44
122 48
122 54
122 72
122 80
122 85
122 87
122 94
122 97
122 101
122 111
122 120
122 133
122 144
122 147
122 153
122 158
122 159
122 160
123 10
123 28
123 46
123 53
123 60
123 64
123 70
123 121
123 124
123 128
123 135
123 151
123 155
124 10
124 28
124 46
124 64
124 68
124 121
124 123
124 135
124 151
124 155
125 0
125 11
125 29
125 39
125 55
125 66
125 72
125 74
125 83
125 88
125 92
125 101
125 102
125 103
125 112
125 113
125 126
125 131
125 149
125 162
125 163
126 7
126 19
126 37
126 39
126 52
126 74
126 75
126 79
126 86
126 90
126 92
126 100
126 103
126 109
126 116
126 125
126 137
126 149
126 154
126 162
126 163
126 169
127 0
127 12
127 20
127 24
127 29
127 41
127 49
127 82
127 88
127 93
127 112
127 113
127 117
127 119
127 131
127 140
127 141
127 146
127 150
127 162
128 2
128 10
128 28
128 53
128 60
128 64
128 70
128 121
128 123
128 135
128 151
128 155
129 19
129 37
129 47
129 51
129 52
129 56
129 67
129 76
129 79
129 98
129 99
129 105
129 110
129 118
129 134
129 143
129 156
129 161
129 169
130 2
130 13
130 15
130 26
130 31
130 40
130 43
130 45
130 50
130 55
130 59
130 61
130 62
130 66
130 69
130 84
130 89
130 133
130 157
131 0
131 24
131 29
131 39
131 41
131 79
131 88
131 93
131 103
131 112
131 113
131 119
131 125
131 127
131 140
131 145
131 146
131 150
131 162
131 166
132 27
132 35
132 48
132 54
132 71
132 73
132 75
132 83
132 90
132 92
132 94
132 95
132 147
132 149
132 165
132 167
132 168
133 8
133 14
133 15
133 26
133 30
133 31
133 38
133 43
133 45
133 50
133 55
133 69
133 72
133 80
133 85
133 87
133 89
133 101
133 102
133 122
133 130
133 144
133 153
133 157
133 160
134 32
134 47
134 51
134 52
134 56
134 67
134 76
134 98
134 99
134 110
134 114
134 118
134 129
134 143
135 2
135 10
135 12
135 28
135 46
135 64
135 68
135 117
135 121
135 123
135 124
135 128
135 151
135 155
136 1
136 3
136 23
136 32
136 33
136 37
136 75
136 76
136 86
136 90
136 96
136 98
136 100
136 104
136 106
136 109
136 114
136 116
136 137
136 138
136 139
136 142
136 154
137 1
137 7
137 23
137 33
137 37
137 73
137 74
137 75
137 86
137 90
137 92
137 100
137 106
137 109
137 116
137 126
137 136
137 138
137 139
137 142
137 154
138 1
138 3
138 23
138 33
138 75
138 86
138 90
138 96
138 100
138 104
138 106
138 109
138 116
138 136
138 137
138 139
138 142
138 154
139 1
139 3
139 23
139 33
139 75
139 86
139 90
139 96
139 104
139 106
139 109
139 116
139 136
139 137
139 138
139 142
140 0
140 24
140 41
140 49
140 58
140 88
140 93
140 107
140 112
140 113
140 119
140 127
140 131
140 145
140 146
140 150
140 162
140 166
141 12
141 16
141 20
141 41
141 46
141 63
141 68
141 77
141 82
141 93
141 117
141 127
141 150
142 1
142 23
142 33
142 37
142 73
142 74
142 75
142 86
142 90
142 92
142 100
142 106
142 109
142 116
142 136
142 137
142 138
142 139
142 154
143 19
143 37
143 47
143 51
143 52
143 56
143 67
143 76
143 79
143 98
143 99
143 105
143 110
143 118
143 129
143 134
143 145
143 156
143 161
143 166
143 169
144 8
144 11
144 15
144 31
144 38
144 48
144 54
144 55
144 69
144 72
144 80
144 83
144 87
144 94
144 97
144 101
144 102
144 111
144 122
144 133
144 147
144 153
144 157
144 160
145 4
145 19
145 24
145 25
145 39
145 42
145 47
145 49
145 52
145 56
145 58
145 67
145 79
145 105
145 107
145 110
145 118
145 119
145 131
145 140
145 143
145 146
145 148
145 156
145 161
145 166
145 169
146 4
146 5
146 24
146 25
146 41
146 42
146 49
146 58
146 79
146 93
146 107
146 119
146 127
146 131
146 140
146 145
146 148
146 162
146 164
146 166
147 27
147 34
147 35
147 48
147 54
147 71
147 73
147 83
147 94
147 95
147 97
147 122
147 132
147 144
147 153
147 165
147 167
147 168
148 4
148 5
148 17
148 22
148 24
148 25
148 36
148 42
148 49
148 57
148 58
148 65
148 107
148 108
148 145
148 146
148 156
148 164
149 7
149 11
149 27
149 39
149 54
149 72
149 73
149 74
149 75
149 83
149 86
149 90
149 92
149 100
149 102
149 103
149 125
149 126
149 132
149 154
149 163
149 167
150 0
150 29
150 41
150 66
150 88
150 93
150 103
150 112
150 113
150 119
150 127
150 131
150 140
150 141
150 162
151 2
151 10
151 28
151 46
151 53
151 60
151 64
151 68
151 70
151 121
151 123
151 124
151 128
151 135
151 155
152 9
152 22
152 77
152 78
152 81
152 91
152 108
152 164
153 8
153 11
153 31
153 38
153 48
153 54
153 72
153 80
153 83
153 87
153 94
153 97
153 101
153 102
153 111
153 122
153 133
153 144
153 147
153 160
153 167
153 168
154 1
154 7
154 19
154 23
154 33
154 37
154 39
154 52
154 74
154 75
154 76
154 86
154 90
154 92
154 100
154 106
154 109
154 116
154 126
154 136
154 137
154 138
154 142
154 149
154 163
154 169
155 10
155 28
155 46
155 64
155 68
155 117
155 121
155 123
155 124
155 128
155 135
155 151
156 4
156 17
156 24
156 25
156 36
156 42
156 47
156 56
156 65
156 67
156 79
156 99
156 105
156 110
156 118
156 129
156 143
156 145
156 148
156 161
156 166
157 8
157 14
157 15
157 26
157 30
157 31
157 38
157 45
157 50
157 55
157 59
157 69
157 80
157 85
157 87
157 89
157 101
157 130
157 133
157 144
157 160
158 6
158 8
158 18
158 21
158 44
158 85
158 97
158 111
158 120
158 122
158 159
159 6
159 8
159 18
159 21
159 38
159 44
159 85
159 87
159 97
159 111
159 120
159 122
159 158
159 160
160 8
160 14
160 15
160 30
160 31
160 38
160 44
160 50
160 69
160 72
160 80
160 85
160 87
160 97
160 101
160 111
160 122
160 133
160 144
160 153
160 157
160 159
161 4
161 17
161 25
161 36
161 47
161 56
161 65
161 67
161 99
161 105
161 110
161 118
161 129
161 143
161 145
161 156
162 0
162 24
162 29
162 39
162 41
162 66
162 79
162 88
162 103
162 112
162 113
162 119
162 125
162 126
162 127
162 131
162 140
162 146
162 150
162 166
163 0
163 7
163 11
163 39
163 54
163 73
163 74
163 75
163 83
163 86
163 90
163 92
163 100
163 102
163 103
163 125
163 126
163 149
163 154
163 167
164 5
164 9
164 22
164 42
164 49
164 57
164 58
164 77
164 78
164 81
164 82
164 93
164 107
164 108
164 146
164 148
164 152
165 23
165 27
165 35
165 48
165 71
165 73
165 94
165 95
165 132
165 147
165 167
165 168
166 4
166 19
166 24
166 25
166 39
166 49
166 52
166 56
166 58
166 79
166 105
166 107
166 110
166 119
166 131
166 140
166 143
166 145
166 146
166 156
166 162
166 169
167 27
167 48
167 54
167 71
167 73
167 74
167 75
167 83
167 86
167 90
167 92
167 94
167 95
167 102
167 132
167 147
167 149
167 153
167 163
167 165
167 168
168 27
168 34
168 35
168 48
168 54
168 71
168 73
168 83
168 94
168 95
168 132
168 147
168 153
168 165
168 167
169 7
169 19
169 37
169 39
169 47
169 52
169 56
169 67
169 74
169 76
169 79
169 98
169 99
169 100
169 105
169 109
169 110
169 116
169 126
169 129
169 143
169 145
169 154
169 166
